Transition([0, 0, 0, 0, 0, 0, 0, 0] -- startSafeCheck --> [0, 1, 0, 0, 1, 0, 0, 0])
Transition([0, 1, 0, 0, 1, 0, 0, 0] -- 0.getPos.1.1 --> [0, 1, 0, 0, 19, 0, 0, 0])
Transition([0, 1, 0, 0, 19, 0, 0, 0] -- 1.getPos.2.2 --> [0, 1, 0, 0, 3, 0, 0, 0])
Transition([0, 1, 0, 0, 3, 0, 0, 0] -- checkSafeOk --> [0, 2, 0, 0, 0, 0, 0, 0])
Transition([0, 2, 0, 0, 0, 0, 0, 0] -- startLiveCheck --> [0, 3, 0, 1, 0, 1, 0, 0])
Transition([0, 3, 0, 1, 0, 1, 0, 0] -- 1.getPos.2.2 --> [0, 3, 0, 2, 0, 2, 0, 0])
Transition([0, 3, 0, 2, 0, 2, 0, 0] -- checkLiveDone --> [0, 4, 0, 0, 0, 0, 0, 0])
Transition([0, 4, 0, 0, 0, 0, 0, 0] -- down --> [0, 104, 0, 0, 0, 0, 0, 0])
Transition([0, 4, 0, 0, 0, 0, 0, 0] -- left --> [0, 38, 0, 0, 0, 0, 0, 0])
Transition([0, 4, 0, 0, 0, 0, 0, 0] -- right --> [0, 5, 0, 0, 0, 0, 0, 0])
Transition([0, 4, 0, 0, 0, 0, 0, 0] -- up --> [0, 71, 0, 0, 0, 0, 0, 0])
Transition([0, 38, 0, 0, 0, 0, 0, 0] -- 0.getPos.1.1 --> [0, 70, 0, 0, 0, 0, 0, 0])
Transition([0, 71, 0, 0, 0, 0, 0, 0] -- 0.getPos.1.1 --> [0, 103, 0, 0, 0, 0, 0, 0])
Transition([0, 5, 0, 0, 0, 0, 0, 0] -- 0.getPos.1.1 --> [0, 35, 0, 0, 0, 0, 0, 0])
Transition([0, 104, 0, 0, 0, 0, 0, 0] -- 0.getPos.1.1 --> [0, 134, 0, 0, 0, 0, 0, 0])
Transition([0, 35, 0, 0, 0, 0, 0, 0] -- 0.setPos.1.2 --> [0, 0, 9, 0, 0, 0, 0, 0])
Transition([0, 134, 0, 0, 0, 0, 0, 0] -- 0.setPos.2.1 --> [0, 0, 8, 0, 0, 0, 0, 0])
Transition([0, 0, 9, 0, 0, 0, 0, 0] -- startSafeCheck --> [0, 1, 9, 0, 1, 0, 0, 0])
Transition([0, 0, 8, 0, 0, 0, 0, 0] -- startSafeCheck --> [0, 1, 8, 0, 1, 0, 0, 0])
Transition([0, 1, 9, 0, 1, 0, 0, 0] -- 0.getPos.1.2 --> [0, 1, 9, 0, 18, 0, 0, 0])
Transition([0, 1, 8, 0, 1, 0, 0, 0] -- 0.getPos.2.1 --> [0, 1, 8, 0, 17, 0, 0, 0])
Transition([0, 1, 9, 0, 18, 0, 0, 0] -- 1.getPos.2.2 --> [0, 1, 9, 0, 3, 0, 0, 0])
Transition([0, 1, 8, 0, 17, 0, 0, 0] -- 1.getPos.2.2 --> [0, 1, 8, 0, 3, 0, 0, 0])
Transition([0, 1, 9, 0, 3, 0, 0, 0] -- checkSafeOk --> [0, 2, 9, 0, 0, 0, 0, 0])
Transition([0, 1, 8, 0, 3, 0, 0, 0] -- checkSafeOk --> [0, 2, 8, 0, 0, 0, 0, 0])
Transition([0, 2, 9, 0, 0, 0, 0, 0] -- startLiveCheck --> [0, 3, 9, 1, 0, 1, 0, 0])
Transition([0, 2, 8, 0, 0, 0, 0, 0] -- startLiveCheck --> [0, 3, 8, 1, 0, 1, 0, 0])
Transition([0, 3, 9, 1, 0, 1, 0, 0] -- 1.getPos.2.2 --> [0, 3, 9, 2, 0, 2, 0, 0])
Transition([0, 3, 8, 1, 0, 1, 0, 0] -- 1.getPos.2.2 --> [0, 3, 8, 2, 0, 2, 0, 0])
Transition([0, 3, 9, 2, 0, 2, 0, 0] -- checkLiveDone --> [0, 4, 9, 0, 0, 0, 0, 0])
Transition([0, 3, 8, 2, 0, 2, 0, 0] -- checkLiveDone --> [0, 4, 8, 0, 0, 0, 0, 0])
Transition([0, 4, 9, 0, 0, 0, 0, 0] -- down --> [0, 104, 9, 0, 0, 0, 0, 0])
Transition([0, 4, 8, 0, 0, 0, 0, 0] -- down --> [0, 104, 8, 0, 0, 0, 0, 0])
Transition([0, 4, 9, 0, 0, 0, 0, 0] -- left --> [0, 38, 9, 0, 0, 0, 0, 0])
Transition([0, 4, 8, 0, 0, 0, 0, 0] -- left --> [0, 38, 8, 0, 0, 0, 0, 0])
Transition([0, 4, 9, 0, 0, 0, 0, 0] -- right --> [0, 5, 9, 0, 0, 0, 0, 0])
Transition([0, 4, 8, 0, 0, 0, 0, 0] -- right --> [0, 5, 8, 0, 0, 0, 0, 0])
Transition([0, 4, 9, 0, 0, 0, 0, 0] -- up --> [0, 71, 9, 0, 0, 0, 0, 0])
Transition([0, 4, 8, 0, 0, 0, 0, 0] -- up --> [0, 71, 8, 0, 0, 0, 0, 0])
Transition([0, 71, 9, 0, 0, 0, 0, 0] -- 0.getPos.1.2 --> [0, 102, 9, 0, 0, 0, 0, 0])
Transition([0, 71, 8, 0, 0, 0, 0, 0] -- 0.getPos.2.1 --> [0, 87, 8, 0, 0, 0, 0, 0])
Transition([0, 5, 8, 0, 0, 0, 0, 0] -- 0.getPos.2.1 --> [0, 19, 8, 0, 0, 0, 0, 0])
Transition([0, 38, 9, 0, 0, 0, 0, 0] -- 0.getPos.1.2 --> [0, 69, 9, 0, 0, 0, 0, 0])
Transition([0, 104, 9, 0, 0, 0, 0, 0] -- 0.getPos.1.2 --> [0, 131, 9, 0, 0, 0, 0, 0])
Transition([0, 38, 8, 0, 0, 0, 0, 0] -- 0.getPos.2.1 --> [0, 54, 8, 0, 0, 0, 0, 0])
Transition([0, 104, 8, 0, 0, 0, 0, 0] -- 0.getPos.2.1 --> [0, 118, 8, 0, 0, 0, 0, 0])
Transition([0, 5, 9, 0, 0, 0, 0, 0] -- 0.getPos.1.2 --> [0, 32, 9, 0, 0, 0, 0, 0])
Transition([0, 118, 8, 0, 0, 0, 0, 0] -- 0.setPos.3.1 --> [0, 0, 5, 0, 0, 0, 0, 0])
Transition([0, 32, 9, 0, 0, 0, 0, 0] -- 0.setPos.1.3 --> [0, 0, 7, 0, 0, 0, 0, 0])
Transition([0, 69, 9, 0, 0, 0, 0, 0] -- 0.setPos.1.1 --> [0, 0, 0, 0, 0, 0, 0, 0])
Transition([0, 87, 8, 0, 0, 0, 0, 0] -- 0.setPos.1.1 --> [0, 0, 0, 0, 0, 0, 0, 0])
Transition([0, 19, 8, 0, 0, 0, 0, 0] -- 1.getPos.2.2 --> [0, 20, 8, 0, 0, 0, 0, 0])
Transition([0, 131, 9, 0, 0, 0, 0, 0] -- 1.getPos.2.2 --> [0, 132, 9, 0, 0, 0, 0, 0])
Transition([0, 19, 8, 0, 0, 0, 0, 0] -- 0.setPos.2.2 --> [0, 0, 6, 0, 0, 0, 0, 0])
Transition([0, 131, 9, 0, 0, 0, 0, 0] -- 0.setPos.2.2 --> [0, 0, 6, 0, 0, 0, 0, 0])
Transition([0, 0, 6, 0, 0, 0, 0, 0] -- startSafeCheck --> [0, 1, 6, 0, 1, 0, 0, 0])
Transition([0, 132, 9, 0, 0, 0, 0, 0] -- 1.setPos.3.2 --> [2, 133, 9, 0, 0, 0, 0, 0])
Transition([0, 0, 7, 0, 0, 0, 0, 0] -- startSafeCheck --> [0, 1, 7, 0, 1, 0, 0, 0])
Transition([0, 20, 8, 0, 0, 0, 0, 0] -- 1.setPos.2.3 --> [3, 21, 8, 0, 0, 0, 1, 0])
Transition([0, 0, 5, 0, 0, 0, 0, 0] -- startSafeCheck --> [0, 1, 5, 0, 1, 0, 0, 0])
Transition([3, 21, 8, 0, 0, 0, 1, 0] -- illegalPosition --> [3, 21, 8, 0, 0, 0, 1, 0])
Transition([0, 1, 5, 0, 1, 0, 0, 0] -- 0.getPos.3.1 --> [0, 1, 5, 0, 9, 0, 0, 0])
Transition([0, 1, 6, 0, 1, 0, 0, 0] -- 0.getPos.2.2 --> [0, 1, 6, 0, 10, 0, 0, 0])
Transition([2, 133, 9, 0, 0, 0, 0, 0] -- 0.setPos.2.2 --> [2, 0, 6, 0, 0, 0, 0, 0])
Transition([0, 1, 7, 0, 1, 0, 0, 0] -- 0.getPos.1.3 --> [0, 1, 7, 0, 11, 0, 0, 0])
Transition([2, 0, 6, 0, 0, 0, 0, 0] -- startSafeCheck --> [2, 1, 6, 0, 1, 0, 0, 0])
Transition([0, 1, 7, 0, 11, 0, 0, 0] -- 1.getPos.2.2 --> [0, 1, 7, 0, 3, 0, 0, 0])
Transition([0, 1, 5, 0, 9, 0, 0, 0] -- 1.getPos.2.2 --> [0, 1, 5, 0, 3, 0, 0, 0])
Transition([0, 1, 6, 0, 10, 0, 0, 0] -- 1.getPos.2.2 --> [0, 1, 6, 0, 4, 0, 0, 0])
Transition([0, 1, 5, 0, 3, 0, 0, 0] -- checkSafeOk --> [0, 2, 5, 0, 0, 0, 0, 0])
Transition([0, 1, 7, 0, 3, 0, 0, 0] -- checkSafeOk --> [0, 2, 7, 0, 0, 0, 0, 0])
Transition([2, 1, 6, 0, 1, 0, 0, 0] -- 0.getPos.2.2 --> [2, 1, 6, 0, 10, 0, 0, 0])
Transition([0, 2, 7, 0, 0, 0, 0, 0] -- startLiveCheck --> [0, 3, 7, 1, 0, 1, 0, 0])
Transition([2, 1, 6, 0, 10, 0, 0, 0] -- 1.getPos.3.2 --> [2, 1, 6, 0, 3, 0, 0, 0])
Transition([0, 2, 5, 0, 0, 0, 0, 0] -- startLiveCheck --> [0, 3, 5, 1, 0, 1, 0, 0])
Transition([2, 1, 6, 0, 3, 0, 0, 0] -- checkSafeOk --> [2, 2, 6, 0, 0, 0, 0, 0])
Transition([0, 3, 5, 1, 0, 1, 0, 0] -- 1.getPos.2.2 --> [0, 3, 5, 2, 0, 2, 0, 0])
Transition([0, 3, 7, 1, 0, 1, 0, 0] -- 1.getPos.2.2 --> [0, 3, 7, 2, 0, 2, 0, 0])
Transition([0, 3, 5, 2, 0, 2, 0, 0] -- checkLiveDone --> [0, 4, 5, 0, 0, 0, 0, 0])
Transition([0, 3, 7, 2, 0, 2, 0, 0] -- checkLiveDone --> [0, 4, 7, 0, 0, 0, 0, 0])
Transition([2, 2, 6, 0, 0, 0, 0, 0] -- startLiveCheck --> [2, 3, 6, 1, 0, 1, 0, 0])
Transition([0, 4, 7, 0, 0, 0, 0, 0] -- down --> [0, 104, 7, 0, 0, 0, 0, 0])
Transition([2, 3, 6, 1, 0, 1, 0, 0] -- 1.getPos.3.2 --> [2, 3, 6, 2, 0, 2, 0, 0])
Transition([0, 4, 7, 0, 0, 0, 0, 0] -- left --> [0, 38, 7, 0, 0, 0, 0, 0])
Transition([0, 4, 5, 0, 0, 0, 0, 0] -- down --> [0, 104, 5, 0, 0, 0, 0, 0])
Transition([0, 4, 7, 0, 0, 0, 0, 0] -- right --> [0, 5, 7, 0, 0, 0, 0, 0])
Transition([0, 4, 5, 0, 0, 0, 0, 0] -- left --> [0, 38, 5, 0, 0, 0, 0, 0])
Transition([0, 4, 7, 0, 0, 0, 0, 0] -- up --> [0, 71, 7, 0, 0, 0, 0, 0])
Transition([0, 4, 5, 0, 0, 0, 0, 0] -- right --> [0, 5, 5, 0, 0, 0, 0, 0])
Transition([0, 4, 5, 0, 0, 0, 0, 0] -- up --> [0, 71, 5, 0, 0, 0, 0, 0])
Transition([2, 3, 6, 2, 0, 2, 0, 0] -- checkLiveDone --> [2, 4, 6, 0, 0, 0, 0, 0])
Transition([0, 71, 5, 0, 0, 0, 0, 0] -- 0.getPos.3.1 --> [0, 92, 5, 0, 0, 0, 0, 0])
Transition([0, 71, 7, 0, 0, 0, 0, 0] -- 0.getPos.1.3 --> [0, 95, 7, 0, 0, 0, 0, 0])
Transition([0, 38, 7, 0, 0, 0, 0, 0] -- 0.getPos.1.3 --> [0, 60, 7, 0, 0, 0, 0, 0])
Transition([0, 5, 5, 0, 0, 0, 0, 0] -- 0.getPos.3.1 --> [0, 26, 5, 0, 0, 0, 0, 0])
Transition([0, 104, 5, 0, 0, 0, 0, 0] -- 0.getPos.3.1 --> [0, 125, 5, 0, 0, 0, 0, 0])
Transition([0, 104, 7, 0, 0, 0, 0, 0] -- 0.getPos.1.3 --> [0, 126, 7, 0, 0, 0, 0, 0])
Transition([0, 5, 7, 0, 0, 0, 0, 0] -- 0.getPos.1.3 --> [0, 29, 7, 0, 0, 0, 0, 0])
Transition([0, 38, 5, 0, 0, 0, 0, 0] -- 0.getPos.3.1 --> [0, 59, 5, 0, 0, 0, 0, 0])
Transition([0, 29, 7, 0, 0, 0, 0, 0] -- 0.setPos.1.4 --> [0, 0, 4, 0, 0, 0, 0, 0])
Transition([0, 125, 5, 0, 0, 0, 0, 0] -- 0.setPos.4.1 --> [0, 0, 1, 0, 0, 0, 0, 0])
Transition([0, 60, 7, 0, 0, 0, 0, 0] -- 0.setPos.1.2 --> [0, 0, 9, 0, 0, 0, 0, 0])
Transition([0, 92, 5, 0, 0, 0, 0, 0] -- 0.setPos.2.1 --> [0, 0, 8, 0, 0, 0, 0, 0])
Transition([0, 26, 5, 0, 0, 0, 0, 0] -- 0.setPos.3.2 --> [0, 0, 2, 0, 0, 0, 0, 0])
Transition([2, 4, 6, 0, 0, 0, 0, 0] -- down --> [2, 104, 6, 0, 0, 0, 0, 0])
Transition([0, 126, 7, 0, 0, 0, 0, 0] -- 0.setPos.2.3 --> [0, 0, 3, 0, 0, 0, 1, 0])
Transition([2, 4, 6, 0, 0, 0, 0, 0] -- left --> [2, 38, 6, 0, 0, 0, 0, 0])
Transition([2, 4, 6, 0, 0, 0, 0, 0] -- right --> [2, 5, 6, 0, 0, 0, 0, 0])
Transition([2, 4, 6, 0, 0, 0, 0, 0] -- up --> [2, 71, 6, 0, 0, 0, 0, 0])
Transition([0, 0, 4, 0, 0, 0, 0, 0] -- startSafeCheck --> [0, 1, 4, 0, 1, 0, 0, 0])
Transition([2, 71, 6, 0, 0, 0, 0, 0] -- 0.getPos.2.2 --> [2, 79, 6, 0, 0, 0, 0, 0])
Transition([0, 0, 2, 0, 0, 0, 0, 0] -- startSafeCheck --> [0, 1, 2, 0, 1, 0, 0, 0])
Transition([0, 0, 1, 0, 0, 0, 0, 0] -- startSafeCheck --> [0, 1, 1, 0, 1, 0, 0, 0])
Transition([2, 104, 6, 0, 0, 0, 0, 0] -- 0.getPos.2.2 --> [2, 110, 6, 0, 0, 0, 0, 0])
Transition([0, 0, 3, 0, 0, 0, 1, 0] -- illegalPosition --> [0, 0, 3, 0, 0, 0, 1, 0])
Transition([2, 38, 6, 0, 0, 0, 0, 0] -- 0.getPos.2.2 --> [2, 46, 6, 0, 0, 0, 0, 0])
Transition([2, 5, 6, 0, 0, 0, 0, 0] -- 0.getPos.2.2 --> [2, 11, 6, 0, 0, 0, 0, 0])
Transition([2, 46, 6, 0, 0, 0, 0, 0] -- 0.setPos.2.1 --> [2, 0, 8, 0, 0, 0, 0, 0])
Transition([2, 11, 6, 0, 0, 0, 0, 0] -- 0.setPos.2.3 --> [2, 0, 3, 0, 0, 0, 1, 0])
Transition([0, 1, 2, 0, 1, 0, 0, 0] -- 0.getPos.3.2 --> [0, 1, 2, 0, 6, 0, 0, 0])
Transition([0, 1, 4, 0, 1, 0, 0, 0] -- 0.getPos.1.4 --> [0, 1, 4, 0, 8, 0, 0, 0])
Transition([2, 79, 6, 0, 0, 0, 0, 0] -- 0.setPos.1.2 --> [2, 0, 9, 0, 0, 0, 0, 0])
Transition([2, 110, 6, 0, 0, 0, 0, 0] -- 0.setPos.3.2 --> [2, 0, 2, 0, 0, 0, 0, 0])
Transition([0, 1, 1, 0, 1, 0, 0, 0] -- 0.getPos.4.1 --> [0, 1, 1, 0, 5, 0, 0, 0])
Transition([2, 110, 6, 0, 0, 0, 0, 0] -- 1.getPos.3.2 --> [2, 111, 6, 0, 0, 0, 0, 0])
Transition([0, 1, 1, 0, 5, 0, 0, 0] -- 1.getPos.2.2 --> [0, 1, 1, 0, 3, 0, 0, 0])
Transition([2, 111, 6, 0, 0, 0, 0, 0] -- 1.setPos.4.2 --> [13, 112, 6, 0, 0, 0, 1, 0])
Transition([2, 0, 8, 0, 0, 0, 0, 0] -- startSafeCheck --> [2, 1, 8, 0, 1, 0, 0, 0])
Transition([0, 1, 2, 0, 6, 0, 0, 0] -- 1.getPos.2.2 --> [0, 1, 2, 0, 3, 0, 0, 0])
Transition([2, 0, 3, 0, 0, 0, 1, 0] -- illegalPosition --> [2, 0, 3, 0, 0, 0, 1, 0])
Transition([2, 0, 9, 0, 0, 0, 0, 0] -- startSafeCheck --> [2, 1, 9, 0, 1, 0, 0, 0])
Transition([2, 0, 2, 0, 0, 0, 0, 0] -- startSafeCheck --> [2, 1, 2, 0, 1, 0, 0, 0])
Transition([0, 1, 4, 0, 8, 0, 0, 0] -- 1.getPos.2.2 --> [0, 1, 4, 0, 3, 0, 0, 0])
Transition([2, 1, 2, 0, 1, 0, 0, 0] -- 0.getPos.3.2 --> [2, 1, 2, 0, 6, 0, 0, 0])
Transition([0, 1, 4, 0, 3, 0, 0, 0] -- checkSafeOk --> [0, 2, 4, 0, 0, 0, 0, 0])
Transition([2, 1, 8, 0, 1, 0, 0, 0] -- 0.getPos.2.1 --> [2, 1, 8, 0, 17, 0, 0, 0])
Transition([0, 1, 1, 0, 3, 0, 0, 0] -- checkSafeOk --> [0, 2, 1, 0, 0, 0, 0, 0])
Transition([13, 112, 6, 0, 0, 0, 1, 0] -- illegalPosition --> [13, 112, 6, 0, 0, 0, 1, 0])
Transition([2, 1, 9, 0, 1, 0, 0, 0] -- 0.getPos.1.2 --> [2, 1, 9, 0, 18, 0, 0, 0])
Transition([0, 1, 2, 0, 3, 0, 0, 0] -- checkSafeOk --> [0, 2, 2, 0, 0, 0, 0, 0])
Transition([2, 1, 9, 0, 18, 0, 0, 0] -- 1.getPos.3.2 --> [2, 1, 9, 0, 3, 0, 0, 0])
Transition([0, 2, 2, 0, 0, 0, 0, 0] -- startLiveCheck --> [0, 3, 2, 1, 0, 1, 0, 0])
Transition([2, 1, 8, 0, 17, 0, 0, 0] -- 1.getPos.3.2 --> [2, 1, 8, 0, 3, 0, 0, 0])
Transition([2, 1, 2, 0, 6, 0, 0, 0] -- 1.getPos.3.2 --> [2, 1, 2, 0, 4, 0, 0, 0])
Transition([0, 2, 4, 0, 0, 0, 0, 0] -- startLiveCheck --> [0, 3, 4, 1, 0, 1, 0, 0])
Transition([0, 2, 1, 0, 0, 0, 0, 0] -- startLiveCheck --> [0, 3, 1, 1, 0, 1, 0, 0])
Transition([0, 3, 4, 1, 0, 1, 0, 0] -- 1.getPos.2.2 --> [0, 3, 4, 2, 0, 2, 0, 0])
Transition([0, 3, 1, 1, 0, 1, 0, 0] -- 1.getPos.2.2 --> [0, 3, 1, 2, 0, 2, 0, 0])
Transition([2, 1, 8, 0, 3, 0, 0, 0] -- checkSafeOk --> [2, 2, 8, 0, 0, 0, 0, 0])
Transition([2, 1, 9, 0, 3, 0, 0, 0] -- checkSafeOk --> [2, 2, 9, 0, 0, 0, 0, 0])
Transition([0, 3, 2, 1, 0, 1, 0, 0] -- 1.getPos.2.2 --> [0, 3, 2, 2, 0, 2, 0, 0])
Transition([2, 2, 9, 0, 0, 0, 0, 0] -- startLiveCheck --> [2, 3, 9, 1, 0, 1, 0, 0])
Transition([0, 3, 2, 2, 0, 2, 0, 0] -- checkLiveDone --> [0, 4, 2, 0, 0, 0, 0, 0])
Transition([0, 3, 1, 2, 0, 2, 0, 0] -- checkLiveDone --> [0, 4, 1, 0, 0, 0, 0, 0])
Transition([0, 3, 4, 2, 0, 2, 0, 0] -- checkLiveDone --> [0, 4, 4, 0, 0, 0, 0, 0])
Transition([2, 2, 8, 0, 0, 0, 0, 0] -- startLiveCheck --> [2, 3, 8, 1, 0, 1, 0, 0])
Transition([0, 4, 4, 0, 0, 0, 0, 0] -- down --> [0, 104, 4, 0, 0, 0, 0, 0])
Transition([2, 3, 8, 1, 0, 1, 0, 0] -- 1.getPos.3.2 --> [2, 3, 8, 2, 0, 2, 0, 0])
Transition([0, 4, 4, 0, 0, 0, 0, 0] -- left --> [0, 38, 4, 0, 0, 0, 0, 0])
Transition([0, 4, 2, 0, 0, 0, 0, 0] -- down --> [0, 104, 2, 0, 0, 0, 0, 0])
Transition([0, 4, 4, 0, 0, 0, 0, 0] -- right --> [0, 5, 4, 0, 0, 0, 0, 0])
Transition([2, 3, 9, 1, 0, 1, 0, 0] -- 1.getPos.3.2 --> [2, 3, 9, 2, 0, 2, 0, 0])
Transition([0, 4, 2, 0, 0, 0, 0, 0] -- left --> [0, 38, 2, 0, 0, 0, 0, 0])
Transition([0, 4, 4, 0, 0, 0, 0, 0] -- up --> [0, 71, 4, 0, 0, 0, 0, 0])
Transition([0, 4, 2, 0, 0, 0, 0, 0] -- right --> [0, 5, 2, 0, 0, 0, 0, 0])
Transition([0, 4, 1, 0, 0, 0, 0, 0] -- down --> [0, 104, 1, 0, 0, 0, 0, 0])
Transition([0, 4, 2, 0, 0, 0, 0, 0] -- up --> [0, 71, 2, 0, 0, 0, 0, 0])
Transition([0, 4, 1, 0, 0, 0, 0, 0] -- left --> [0, 38, 1, 0, 0, 0, 0, 0])
Transition([0, 4, 1, 0, 0, 0, 0, 0] -- right --> [0, 5, 1, 0, 0, 0, 0, 0])
Transition([0, 4, 1, 0, 0, 0, 0, 0] -- up --> [0, 71, 1, 0, 0, 0, 0, 0])
Transition([0, 104, 2, 0, 0, 0, 0, 0] -- 0.getPos.3.2 --> [0, 121, 2, 0, 0, 0, 0, 0])
Transition([0, 71, 1, 0, 0, 0, 0, 0] -- 0.getPos.4.1 --> [0, 75, 1, 0, 0, 0, 0, 0])
Transition([2, 3, 9, 2, 0, 2, 0, 0] -- checkLiveDone --> [2, 4, 9, 0, 0, 0, 0, 0])
Transition([2, 3, 8, 2, 0, 2, 0, 0] -- checkLiveDone --> [2, 4, 8, 0, 0, 0, 0, 0])
Transition([0, 5, 4, 0, 0, 0, 0, 0] -- 0.getPos.1.4 --> [0, 25, 4, 0, 0, 0, 0, 0])
Transition([0, 38, 2, 0, 0, 0, 0, 0] -- 0.getPos.3.2 --> [0, 55, 2, 0, 0, 0, 0, 0])
Transition([0, 5, 1, 0, 0, 0, 0, 0] -- 0.getPos.4.1 --> [0, 7, 1, 0, 0, 0, 0, 0])
Transition([0, 104, 4, 0, 0, 0, 0, 0] -- 0.getPos.1.4 --> [0, 122, 4, 0, 0, 0, 0, 0])
Transition([0, 5, 2, 0, 0, 0, 0, 0] -- 0.getPos.3.2 --> [0, 22, 2, 0, 0, 0, 0, 0])
Transition([0, 104, 1, 0, 0, 0, 0, 0] -- 0.getPos.4.1 --> [0, 106, 1, 0, 0, 0, 0, 0])
Transition([0, 71, 4, 0, 0, 0, 0, 0] -- 0.getPos.1.4 --> [0, 91, 4, 0, 0, 0, 0, 0])
Transition([0, 38, 4, 0, 0, 0, 0, 0] -- 0.getPos.1.4 --> [0, 56, 4, 0, 0, 0, 0, 0])
Transition([0, 38, 1, 0, 0, 0, 0, 0] -- 0.getPos.4.1 --> [0, 42, 1, 0, 0, 0, 0, 0])
Transition([0, 71, 2, 0, 0, 0, 0, 0] -- 0.getPos.3.2 --> [0, 88, 2, 0, 0, 0, 0, 0])
Transition([2, 4, 8, 0, 0, 0, 0, 0] -- down --> [2, 104, 8, 0, 0, 0, 0, 0])
Transition([0, 88, 2, 0, 0, 0, 0, 0] -- 1.getPos.2.2 --> [0, 89, 2, 0, 0, 0, 0, 0])
Transition([2, 4, 8, 0, 0, 0, 0, 0] -- left --> [2, 38, 8, 0, 0, 0, 0, 0])
Transition([0, 88, 2, 0, 0, 0, 0, 0] -- 0.setPos.2.2 --> [0, 0, 6, 0, 0, 0, 0, 0])
Transition([2, 4, 8, 0, 0, 0, 0, 0] -- right --> [2, 5, 8, 0, 0, 0, 0, 0])
Transition([0, 122, 4, 0, 0, 0, 0, 0] -- 0.setPos.2.4 --> [0, 0, 15, 0, 0, 0, 0, 0])
Transition([2, 4, 8, 0, 0, 0, 0, 0] -- up --> [2, 71, 8, 0, 0, 0, 0, 0])
Transition([2, 4, 9, 0, 0, 0, 0, 0] -- down --> [2, 104, 9, 0, 0, 0, 0, 0])
Transition([0, 121, 2, 0, 0, 0, 0, 0] -- 0.setPos.4.2 --> [0, 0, 13, 0, 0, 0, 1, 0])
Transition([2, 4, 9, 0, 0, 0, 0, 0] -- left --> [2, 38, 9, 0, 0, 0, 0, 0])
Transition([0, 75, 1, 0, 0, 0, 0, 0] -- 0.setPos.3.1 --> [0, 0, 5, 0, 0, 0, 0, 0])
Transition([2, 4, 9, 0, 0, 0, 0, 0] -- right --> [2, 5, 9, 0, 0, 0, 0, 0])
Transition([0, 7, 1, 0, 0, 0, 0, 0] -- 0.setPos.4.2 --> [0, 0, 13, 0, 0, 0, 1, 0])
Transition([2, 4, 9, 0, 0, 0, 0, 0] -- up --> [2, 71, 9, 0, 0, 0, 0, 0])
Transition([0, 56, 4, 0, 0, 0, 0, 0] -- 0.setPos.1.3 --> [0, 0, 7, 0, 0, 0, 0, 0])
Transition([0, 22, 2, 0, 0, 0, 0, 0] -- 0.setPos.3.3 --> [0, 0, 14, 0, 0, 0, 0, 0])
Transition([0, 55, 2, 0, 0, 0, 0, 0] -- 0.setPos.3.1 --> [0, 0, 5, 0, 0, 0, 0, 0])
Transition([0, 0, 14, 0, 0, 0, 0, 0] -- startSafeCheck --> [0, 1, 14, 0, 1, 0, 0, 0])
Transition([2, 5, 8, 0, 0, 0, 0, 0] -- 0.getPos.2.1 --> [2, 19, 8, 0, 0, 0, 0, 0])
Transition([2, 38, 9, 0, 0, 0, 0, 0] -- 0.getPos.1.2 --> [2, 69, 9, 0, 0, 0, 0, 0])
Transition([2, 71, 8, 0, 0, 0, 0, 0] -- 0.getPos.2.1 --> [2, 87, 8, 0, 0, 0, 0, 0])
Transition([2, 38, 8, 0, 0, 0, 0, 0] -- 0.getPos.2.1 --> [2, 54, 8, 0, 0, 0, 0, 0])
Transition([0, 0, 15, 0, 0, 0, 0, 0] -- startSafeCheck --> [0, 1, 15, 0, 1, 0, 0, 0])
Transition([0, 89, 2, 0, 0, 0, 0, 0] -- 1.setPos.1.2 --> [8, 90, 2, 0, 0, 0, 0, 0])
Transition([0, 0, 13, 0, 0, 0, 1, 0] -- illegalPosition --> [0, 0, 13, 0, 0, 0, 1, 0])
Transition([2, 104, 8, 0, 0, 0, 0, 0] -- 0.getPos.2.1 --> [2, 118, 8, 0, 0, 0, 0, 0])
Transition([2, 104, 9, 0, 0, 0, 0, 0] -- 0.getPos.1.2 --> [2, 131, 9, 0, 0, 0, 0, 0])
Transition([2, 5, 9, 0, 0, 0, 0, 0] -- 0.getPos.1.2 --> [2, 32, 9, 0, 0, 0, 0, 0])
Transition([2, 71, 9, 0, 0, 0, 0, 0] -- 0.getPos.1.2 --> [2, 102, 9, 0, 0, 0, 0, 0])
Transition([2, 32, 9, 0, 0, 0, 0, 0] -- 0.setPos.1.3 --> [2, 0, 7, 0, 0, 0, 0, 0])
Transition([2, 19, 8, 0, 0, 0, 0, 0] -- 0.setPos.2.2 --> [2, 0, 6, 0, 0, 0, 0, 0])
Transition([8, 90, 2, 0, 0, 0, 0, 0] -- 0.setPos.2.2 --> [8, 0, 6, 0, 0, 0, 0, 0])
Transition([2, 69, 9, 0, 0, 0, 0, 0] -- 0.setPos.1.1 --> [2, 0, 0, 0, 0, 0, 0, 0])
Transition([0, 1, 14, 0, 1, 0, 0, 0] -- 0.getPos.3.3 --> [0, 1, 14, 0, 15, 0, 0, 0])
Transition([0, 1, 15, 0, 1, 0, 0, 0] -- 0.getPos.2.4 --> [0, 1, 15, 0, 16, 0, 0, 0])
Transition([2, 131, 9, 0, 0, 0, 0, 0] -- 0.setPos.2.2 --> [2, 0, 6, 0, 0, 0, 0, 0])
Transition([2, 87, 8, 0, 0, 0, 0, 0] -- 0.setPos.1.1 --> [2, 0, 0, 0, 0, 0, 0, 0])
Transition([2, 118, 8, 0, 0, 0, 0, 0] -- 0.setPos.3.1 --> [2, 0, 5, 0, 0, 0, 0, 0])
Transition([0, 1, 14, 0, 15, 0, 0, 0] -- 1.getPos.2.2 --> [0, 1, 14, 0, 3, 0, 0, 0])
Transition([2, 0, 5, 0, 0, 0, 0, 0] -- startSafeCheck --> [2, 1, 5, 0, 1, 0, 0, 0])
Transition([2, 0, 0, 0, 0, 0, 0, 0] -- startSafeCheck --> [2, 1, 0, 0, 1, 0, 0, 0])
Transition([2, 0, 7, 0, 0, 0, 0, 0] -- startSafeCheck --> [2, 1, 7, 0, 1, 0, 0, 0])
Transition([8, 0, 6, 0, 0, 0, 0, 0] -- startSafeCheck --> [8, 1, 6, 0, 1, 0, 0, 0])
Transition([0, 1, 15, 0, 16, 0, 0, 0] -- 1.getPos.2.2 --> [0, 1, 15, 0, 3, 0, 0, 0])
Transition([8, 1, 6, 0, 1, 0, 0, 0] -- 0.getPos.2.2 --> [8, 1, 6, 0, 10, 0, 0, 0])
Transition([0, 1, 15, 0, 3, 0, 0, 0] -- checkSafeOk --> [0, 2, 15, 0, 0, 0, 0, 0])
Transition([2, 1, 0, 0, 1, 0, 0, 0] -- 0.getPos.1.1 --> [2, 1, 0, 0, 19, 0, 0, 0])
Transition([0, 1, 14, 0, 3, 0, 0, 0] -- checkSafeOk --> [0, 2, 14, 0, 0, 0, 0, 0])
Transition([2, 1, 5, 0, 1, 0, 0, 0] -- 0.getPos.3.1 --> [2, 1, 5, 0, 9, 0, 0, 0])
Transition([2, 1, 7, 0, 1, 0, 0, 0] -- 0.getPos.1.3 --> [2, 1, 7, 0, 11, 0, 0, 0])
Transition([2, 1, 5, 0, 9, 0, 0, 0] -- 1.getPos.3.2 --> [2, 1, 5, 0, 3, 0, 0, 0])
Transition([2, 1, 7, 0, 11, 0, 0, 0] -- 1.getPos.3.2 --> [2, 1, 7, 0, 3, 0, 0, 0])
Transition([2, 1, 0, 0, 19, 0, 0, 0] -- 1.getPos.3.2 --> [2, 1, 0, 0, 3, 0, 0, 0])
Transition([8, 1, 6, 0, 10, 0, 0, 0] -- 1.getPos.1.2 --> [8, 1, 6, 0, 3, 0, 0, 0])
Transition([0, 2, 15, 0, 0, 0, 0, 0] -- startLiveCheck --> [0, 3, 15, 1, 0, 1, 0, 0])
Transition([0, 2, 14, 0, 0, 0, 0, 0] -- startLiveCheck --> [0, 3, 14, 1, 0, 1, 0, 0])
Transition([0, 3, 15, 1, 0, 1, 0, 0] -- 1.getPos.2.2 --> [0, 3, 15, 2, 0, 2, 0, 0])
Transition([0, 3, 14, 1, 0, 1, 0, 0] -- 1.getPos.2.2 --> [0, 3, 14, 2, 0, 2, 0, 0])
Transition([2, 1, 0, 0, 3, 0, 0, 0] -- checkSafeOk --> [2, 2, 0, 0, 0, 0, 0, 0])
Transition([2, 1, 5, 0, 3, 0, 0, 0] -- checkSafeOk --> [2, 2, 5, 0, 0, 0, 0, 0])
Transition([2, 1, 7, 0, 3, 0, 0, 0] -- checkSafeOk --> [2, 2, 7, 0, 0, 0, 0, 0])
Transition([8, 1, 6, 0, 3, 0, 0, 0] -- checkSafeOk --> [8, 2, 6, 0, 0, 0, 0, 0])
Transition([2, 2, 7, 0, 0, 0, 0, 0] -- startLiveCheck --> [2, 3, 7, 1, 0, 1, 0, 0])
Transition([8, 2, 6, 0, 0, 0, 0, 0] -- startLiveCheck --> [8, 3, 6, 1, 0, 1, 0, 0])
Transition([2, 2, 0, 0, 0, 0, 0, 0] -- startLiveCheck --> [2, 3, 0, 1, 0, 1, 0, 0])
Transition([0, 3, 15, 2, 0, 2, 0, 0] -- checkLiveDone --> [0, 4, 15, 0, 0, 0, 0, 0])
Transition([0, 3, 14, 2, 0, 2, 0, 0] -- checkLiveDone --> [0, 4, 14, 0, 0, 0, 0, 0])
Transition([2, 2, 5, 0, 0, 0, 0, 0] -- startLiveCheck --> [2, 3, 5, 1, 0, 1, 0, 0])
Transition([0, 4, 14, 0, 0, 0, 0, 0] -- down --> [0, 104, 14, 0, 0, 0, 0, 0])
Transition([2, 3, 5, 1, 0, 1, 0, 0] -- 1.getPos.3.2 --> [2, 3, 5, 2, 0, 2, 0, 0])
Transition([0, 4, 14, 0, 0, 0, 0, 0] -- left --> [0, 38, 14, 0, 0, 0, 0, 0])
Transition([2, 3, 0, 1, 0, 1, 0, 0] -- 1.getPos.3.2 --> [2, 3, 0, 2, 0, 2, 0, 0])
Transition([2, 3, 7, 1, 0, 1, 0, 0] -- 1.getPos.3.2 --> [2, 3, 7, 2, 0, 2, 0, 0])
Transition([0, 4, 14, 0, 0, 0, 0, 0] -- right --> [0, 5, 14, 0, 0, 0, 0, 0])
Transition([8, 3, 6, 1, 0, 1, 0, 0] -- 1.getPos.1.2 --> [8, 3, 6, 2, 0, 2, 0, 0])
Transition([0, 4, 14, 0, 0, 0, 0, 0] -- up --> [0, 71, 14, 0, 0, 0, 0, 0])
Transition([0, 4, 15, 0, 0, 0, 0, 0] -- down --> [0, 104, 15, 0, 0, 0, 0, 0])
Transition([0, 4, 15, 0, 0, 0, 0, 0] -- left --> [0, 38, 15, 0, 0, 0, 0, 0])
Transition([0, 4, 15, 0, 0, 0, 0, 0] -- right --> [0, 5, 15, 0, 0, 0, 0, 0])
Transition([0, 4, 15, 0, 0, 0, 0, 0] -- up --> [0, 71, 15, 0, 0, 0, 0, 0])
Transition([0, 104, 14, 0, 0, 0, 0, 0] -- 0.getPos.3.3 --> [0, 130, 14, 0, 0, 0, 0, 0])
Transition([0, 71, 15, 0, 0, 0, 0, 0] -- 0.getPos.2.4 --> [0, 86, 15, 0, 0, 0, 0, 0])
Transition([2, 3, 0, 2, 0, 2, 0, 0] -- checkLiveDone --> [2, 4, 0, 0, 0, 0, 0, 0])
Transition([2, 3, 7, 2, 0, 2, 0, 0] -- checkLiveDone --> [2, 4, 7, 0, 0, 0, 0, 0])
Transition([0, 5, 14, 0, 0, 0, 0, 0] -- 0.getPos.3.3 --> [0, 31, 14, 0, 0, 0, 0, 0])
Transition([0, 104, 15, 0, 0, 0, 0, 0] -- 0.getPos.2.4 --> [0, 115, 15, 0, 0, 0, 0, 0])
Transition([0, 71, 14, 0, 0, 0, 0, 0] -- 0.getPos.3.3 --> [0, 99, 14, 0, 0, 0, 0, 0])
Transition([0, 38, 15, 0, 0, 0, 0, 0] -- 0.getPos.2.4 --> [0, 51, 15, 0, 0, 0, 0, 0])
Transition([0, 5, 15, 0, 0, 0, 0, 0] -- 0.getPos.2.4 --> [0, 18, 15, 0, 0, 0, 0, 0])
Transition([2, 3, 5, 2, 0, 2, 0, 0] -- checkLiveDone --> [2, 4, 5, 0, 0, 0, 0, 0])
Transition([8, 3, 6, 2, 0, 2, 0, 0] -- checkLiveDone --> [8, 4, 6, 0, 0, 0, 0, 0])
Transition([0, 38, 14, 0, 0, 0, 0, 0] -- 0.getPos.3.3 --> [0, 66, 14, 0, 0, 0, 0, 0])
Transition([8, 4, 6, 0, 0, 0, 0, 0] -- down --> [8, 104, 6, 0, 0, 0, 0, 0])
Transition([0, 66, 14, 0, 0, 0, 0, 0] -- 0.setPos.3.2 --> [0, 0, 2, 0, 0, 0, 0, 0])
Transition([8, 4, 6, 0, 0, 0, 0, 0] -- left --> [8, 38, 6, 0, 0, 0, 0, 0])
Transition([0, 99, 14, 0, 0, 0, 0, 0] -- 0.setPos.2.3 --> [0, 0, 3, 0, 0, 0, 1, 0])
Transition([8, 4, 6, 0, 0, 0, 0, 0] -- right --> [8, 5, 6, 0, 0, 0, 0, 0])
Transition([2, 4, 0, 0, 0, 0, 0, 0] -- down --> [2, 104, 0, 0, 0, 0, 0, 0])
Transition([8, 4, 6, 0, 0, 0, 0, 0] -- up --> [8, 71, 6, 0, 0, 0, 0, 0])
Transition([2, 4, 0, 0, 0, 0, 0, 0] -- left --> [2, 38, 0, 0, 0, 0, 0, 0])
Transition([0, 130, 14, 0, 0, 0, 0, 0] -- 0.setPos.4.3 --> [0, 0, 11, 0, 0, 0, 1, 0])
Transition([2, 4, 0, 0, 0, 0, 0, 0] -- right --> [2, 5, 0, 0, 0, 0, 0, 0])
Transition([0, 86, 15, 0, 0, 0, 0, 0] -- 0.setPos.1.4 --> [0, 0, 4, 0, 0, 0, 0, 0])
Transition([2, 4, 0, 0, 0, 0, 0, 0] -- up --> [2, 71, 0, 0, 0, 0, 0, 0])
Transition([0, 115, 15, 0, 0, 0, 0, 0] -- 0.setPos.3.4 --> [0, 0, 12, 0, 0, 0, 1, 0])
Transition([2, 4, 7, 0, 0, 0, 0, 0] -- down --> [2, 104, 7, 0, 0, 0, 0, 0])
Transition([2, 4, 5, 0, 0, 0, 0, 0] -- down --> [2, 104, 5, 0, 0, 0, 0, 0])
Transition([2, 4, 7, 0, 0, 0, 0, 0] -- left --> [2, 38, 7, 0, 0, 0, 0, 0])
Transition([2, 4, 5, 0, 0, 0, 0, 0] -- left --> [2, 38, 5, 0, 0, 0, 0, 0])
Transition([2, 4, 7, 0, 0, 0, 0, 0] -- right --> [2, 5, 7, 0, 0, 0, 0, 0])
Transition([2, 4, 5, 0, 0, 0, 0, 0] -- right --> [2, 5, 5, 0, 0, 0, 0, 0])
Transition([2, 4, 7, 0, 0, 0, 0, 0] -- up --> [2, 71, 7, 0, 0, 0, 0, 0])
Transition([2, 4, 5, 0, 0, 0, 0, 0] -- up --> [2, 71, 5, 0, 0, 0, 0, 0])
Transition([0, 51, 15, 0, 0, 0, 0, 0] -- 0.setPos.2.3 --> [0, 0, 3, 0, 0, 0, 1, 0])
Transition([0, 31, 14, 0, 0, 0, 0, 0] -- 0.setPos.3.4 --> [0, 0, 12, 0, 0, 0, 1, 0])
Transition([2, 5, 5, 0, 0, 0, 0, 0] -- 0.getPos.3.1 --> [2, 26, 5, 0, 0, 0, 0, 0])
Transition([2, 5, 7, 0, 0, 0, 0, 0] -- 0.getPos.1.3 --> [2, 29, 7, 0, 0, 0, 0, 0])
Transition([0, 0, 11, 0, 0, 0, 1, 0] -- illegalPosition --> [0, 0, 11, 0, 0, 0, 1, 0])
Transition([8, 38, 6, 0, 0, 0, 0, 0] -- 0.getPos.2.2 --> [8, 46, 6, 0, 0, 0, 0, 0])
Transition([2, 71, 0, 0, 0, 0, 0, 0] -- 0.getPos.1.1 --> [2, 103, 0, 0, 0, 0, 0, 0])
Transition([2, 38, 7, 0, 0, 0, 0, 0] -- 0.getPos.1.3 --> [2, 60, 7, 0, 0, 0, 0, 0])
Transition([2, 38, 5, 0, 0, 0, 0, 0] -- 0.getPos.3.1 --> [2, 59, 5, 0, 0, 0, 0, 0])
Transition([8, 71, 6, 0, 0, 0, 0, 0] -- 0.getPos.2.2 --> [8, 79, 6, 0, 0, 0, 0, 0])
Transition([2, 104, 5, 0, 0, 0, 0, 0] -- 0.getPos.3.1 --> [2, 125, 5, 0, 0, 0, 0, 0])
Transition([8, 104, 6, 0, 0, 0, 0, 0] -- 0.getPos.2.2 --> [8, 110, 6, 0, 0, 0, 0, 0])
Transition([2, 5, 0, 0, 0, 0, 0, 0] -- 0.getPos.1.1 --> [2, 35, 0, 0, 0, 0, 0, 0])
Transition([8, 5, 6, 0, 0, 0, 0, 0] -- 0.getPos.2.2 --> [8, 11, 6, 0, 0, 0, 0, 0])
Transition([2, 71, 5, 0, 0, 0, 0, 0] -- 0.getPos.3.1 --> [2, 92, 5, 0, 0, 0, 0, 0])
Transition([0, 0, 12, 0, 0, 0, 1, 0] -- illegalPosition --> [0, 0, 12, 0, 0, 0, 1, 0])
Transition([2, 104, 0, 0, 0, 0, 0, 0] -- 0.getPos.1.1 --> [2, 134, 0, 0, 0, 0, 0, 0])
Transition([2, 104, 7, 0, 0, 0, 0, 0] -- 0.getPos.1.3 --> [2, 126, 7, 0, 0, 0, 0, 0])
Transition([2, 38, 0, 0, 0, 0, 0, 0] -- 0.getPos.1.1 --> [2, 70, 0, 0, 0, 0, 0, 0])
Transition([2, 71, 7, 0, 0, 0, 0, 0] -- 0.getPos.1.3 --> [2, 95, 7, 0, 0, 0, 0, 0])
Transition([8, 11, 6, 0, 0, 0, 0, 0] -- 0.setPos.2.3 --> [8, 0, 3, 0, 0, 0, 1, 0])
Transition([2, 35, 0, 0, 0, 0, 0, 0] -- 0.setPos.1.2 --> [2, 0, 9, 0, 0, 0, 0, 0])
Transition([8, 110, 6, 0, 0, 0, 0, 0] -- 0.setPos.3.2 --> [8, 0, 2, 0, 0, 0, 0, 0])
Transition([8, 79, 6, 0, 0, 0, 0, 0] -- 0.setPos.1.2 --> [8, 0, 9, 0, 0, 0, 0, 0])
Transition([2, 26, 5, 0, 0, 0, 0, 0] -- 1.getPos.3.2 --> [2, 27, 5, 0, 0, 0, 0, 0])
Transition([2, 29, 7, 0, 0, 0, 0, 0] -- 0.setPos.1.4 --> [2, 0, 4, 0, 0, 0, 0, 0])
Transition([2, 26, 5, 0, 0, 0, 0, 0] -- 0.setPos.3.2 --> [2, 0, 2, 0, 0, 0, 0, 0])
Transition([8, 46, 6, 0, 0, 0, 0, 0] -- 0.setPos.2.1 --> [8, 0, 8, 0, 0, 0, 0, 0])
Transition([2, 125, 5, 0, 0, 0, 0, 0] -- 0.setPos.4.1 --> [2, 0, 1, 0, 0, 0, 0, 0])
Transition([2, 60, 7, 0, 0, 0, 0, 0] -- 0.setPos.1.2 --> [2, 0, 9, 0, 0, 0, 0, 0])
Transition([2, 126, 7, 0, 0, 0, 0, 0] -- 0.setPos.2.3 --> [2, 0, 3, 0, 0, 0, 1, 0])
Transition([2, 92, 5, 0, 0, 0, 0, 0] -- 0.setPos.2.1 --> [2, 0, 8, 0, 0, 0, 0, 0])
Transition([2, 134, 0, 0, 0, 0, 0, 0] -- 0.setPos.2.1 --> [2, 0, 8, 0, 0, 0, 0, 0])
Transition([8, 0, 3, 0, 0, 0, 1, 0] -- illegalPosition --> [8, 0, 3, 0, 0, 0, 1, 0])
Transition([2, 0, 4, 0, 0, 0, 0, 0] -- startSafeCheck --> [2, 1, 4, 0, 1, 0, 0, 0])
Transition([2, 0, 1, 0, 0, 0, 0, 0] -- startSafeCheck --> [2, 1, 1, 0, 1, 0, 0, 0])
Transition([8, 0, 8, 0, 0, 0, 0, 0] -- startSafeCheck --> [8, 1, 8, 0, 1, 0, 0, 0])
Transition([8, 0, 9, 0, 0, 0, 0, 0] -- startSafeCheck --> [8, 1, 9, 0, 1, 0, 0, 0])
Transition([2, 27, 5, 0, 0, 0, 0, 0] -- 1.setPos.3.3 --> [14, 28, 5, 0, 0, 0, 0, 0])
Transition([8, 0, 2, 0, 0, 0, 0, 0] -- startSafeCheck --> [8, 1, 2, 0, 1, 0, 0, 0])
Transition([14, 28, 5, 0, 0, 0, 0, 0] -- 0.setPos.3.2 --> [14, 0, 2, 0, 0, 0, 0, 0])
Transition([8, 1, 2, 0, 1, 0, 0, 0] -- 0.getPos.3.2 --> [8, 1, 2, 0, 6, 0, 0, 0])
Transition([8, 1, 8, 0, 1, 0, 0, 0] -- 0.getPos.2.1 --> [8, 1, 8, 0, 17, 0, 0, 0])
Transition([2, 1, 4, 0, 1, 0, 0, 0] -- 0.getPos.1.4 --> [2, 1, 4, 0, 8, 0, 0, 0])
Transition([2, 1, 1, 0, 1, 0, 0, 0] -- 0.getPos.4.1 --> [2, 1, 1, 0, 5, 0, 0, 0])
Transition([8, 1, 9, 0, 1, 0, 0, 0] -- 0.getPos.1.2 --> [8, 1, 9, 0, 18, 0, 0, 0])
Transition([2, 1, 1, 0, 5, 0, 0, 0] -- 1.getPos.3.2 --> [2, 1, 1, 0, 3, 0, 0, 0])
Transition([8, 1, 9, 0, 18, 0, 0, 0] -- 1.getPos.1.2 --> [8, 1, 9, 0, 4, 0, 0, 0])
Transition([8, 1, 8, 0, 17, 0, 0, 0] -- 1.getPos.1.2 --> [8, 1, 8, 0, 3, 0, 0, 0])
Transition([8, 1, 2, 0, 6, 0, 0, 0] -- 1.getPos.1.2 --> [8, 1, 2, 0, 3, 0, 0, 0])
Transition([14, 0, 2, 0, 0, 0, 0, 0] -- startSafeCheck --> [14, 1, 2, 0, 1, 0, 0, 0])
Transition([2, 1, 4, 0, 8, 0, 0, 0] -- 1.getPos.3.2 --> [2, 1, 4, 0, 3, 0, 0, 0])
Transition([14, 1, 2, 0, 1, 0, 0, 0] -- 0.getPos.3.2 --> [14, 1, 2, 0, 6, 0, 0, 0])
Transition([2, 1, 4, 0, 3, 0, 0, 0] -- checkSafeOk --> [2, 2, 4, 0, 0, 0, 0, 0])
Transition([8, 1, 8, 0, 3, 0, 0, 0] -- checkSafeOk --> [8, 2, 8, 0, 0, 0, 0, 0])
Transition([2, 1, 1, 0, 3, 0, 0, 0] -- checkSafeOk --> [2, 2, 1, 0, 0, 0, 0, 0])
Transition([8, 1, 2, 0, 3, 0, 0, 0] -- checkSafeOk --> [8, 2, 2, 0, 0, 0, 0, 0])
Transition([2, 2, 1, 0, 0, 0, 0, 0] -- startLiveCheck --> [2, 3, 1, 1, 0, 1, 0, 0])
Transition([8, 2, 2, 0, 0, 0, 0, 0] -- startLiveCheck --> [8, 3, 2, 1, 0, 1, 0, 0])
Transition([2, 2, 4, 0, 0, 0, 0, 0] -- startLiveCheck --> [2, 3, 4, 1, 0, 1, 0, 0])
Transition([14, 1, 2, 0, 6, 0, 0, 0] -- 1.getPos.3.3 --> [14, 1, 2, 0, 3, 0, 0, 0])
Transition([8, 2, 8, 0, 0, 0, 0, 0] -- startLiveCheck --> [8, 3, 8, 1, 0, 1, 0, 0])
Transition([14, 1, 2, 0, 3, 0, 0, 0] -- checkSafeOk --> [14, 2, 2, 0, 0, 0, 0, 0])
Transition([8, 3, 8, 1, 0, 1, 0, 0] -- 1.getPos.1.2 --> [8, 3, 8, 2, 0, 2, 0, 0])
Transition([8, 3, 2, 1, 0, 1, 0, 0] -- 1.getPos.1.2 --> [8, 3, 2, 2, 0, 2, 0, 0])
Transition([2, 3, 1, 1, 0, 1, 0, 0] -- 1.getPos.3.2 --> [2, 3, 1, 2, 0, 2, 0, 0])
Transition([2, 3, 4, 1, 0, 1, 0, 0] -- 1.getPos.3.2 --> [2, 3, 4, 2, 0, 2, 0, 0])
Transition([2, 3, 1, 2, 0, 2, 0, 0] -- checkLiveDone --> [2, 4, 1, 0, 0, 0, 0, 0])
Transition([2, 3, 4, 2, 0, 2, 0, 0] -- checkLiveDone --> [2, 4, 4, 0, 0, 0, 0, 0])
Transition([8, 3, 8, 2, 0, 2, 0, 0] -- checkLiveDone --> [8, 4, 8, 0, 0, 0, 0, 0])
Transition([14, 2, 2, 0, 0, 0, 0, 0] -- startLiveCheck --> [14, 3, 2, 1, 0, 1, 0, 0])
Transition([8, 3, 2, 2, 0, 2, 0, 0] -- checkLiveDone --> [8, 4, 2, 0, 0, 0, 0, 0])
Transition([14, 3, 2, 1, 0, 1, 0, 0] -- 1.getPos.3.3 --> [14, 3, 2, 2, 0, 2, 0, 0])
Transition([8, 4, 2, 0, 0, 0, 0, 0] -- down --> [8, 104, 2, 0, 0, 0, 0, 0])
Transition([2, 4, 4, 0, 0, 0, 0, 0] -- down --> [2, 104, 4, 0, 0, 0, 0, 0])
Transition([8, 4, 2, 0, 0, 0, 0, 0] -- left --> [8, 38, 2, 0, 0, 0, 0, 0])
Transition([2, 4, 4, 0, 0, 0, 0, 0] -- left --> [2, 38, 4, 0, 0, 0, 0, 0])
Transition([2, 4, 1, 0, 0, 0, 0, 0] -- down --> [2, 104, 1, 0, 0, 0, 0, 0])
Transition([8, 4, 2, 0, 0, 0, 0, 0] -- right --> [8, 5, 2, 0, 0, 0, 0, 0])
Transition([2, 4, 4, 0, 0, 0, 0, 0] -- right --> [2, 5, 4, 0, 0, 0, 0, 0])
Transition([2, 4, 1, 0, 0, 0, 0, 0] -- left --> [2, 38, 1, 0, 0, 0, 0, 0])
Transition([8, 4, 2, 0, 0, 0, 0, 0] -- up --> [8, 71, 2, 0, 0, 0, 0, 0])
Transition([2, 4, 1, 0, 0, 0, 0, 0] -- right --> [2, 5, 1, 0, 0, 0, 0, 0])
Transition([8, 4, 8, 0, 0, 0, 0, 0] -- down --> [8, 104, 8, 0, 0, 0, 0, 0])
Transition([2, 4, 4, 0, 0, 0, 0, 0] -- up --> [2, 71, 4, 0, 0, 0, 0, 0])
Transition([2, 4, 1, 0, 0, 0, 0, 0] -- up --> [2, 71, 1, 0, 0, 0, 0, 0])
Transition([8, 4, 8, 0, 0, 0, 0, 0] -- left --> [8, 38, 8, 0, 0, 0, 0, 0])
Transition([8, 4, 8, 0, 0, 0, 0, 0] -- right --> [8, 5, 8, 0, 0, 0, 0, 0])
Transition([8, 4, 8, 0, 0, 0, 0, 0] -- up --> [8, 71, 8, 0, 0, 0, 0, 0])
Transition([14, 3, 2, 2, 0, 2, 0, 0] -- checkLiveDone --> [14, 4, 2, 0, 0, 0, 0, 0])
Transition([8, 71, 8, 0, 0, 0, 0, 0] -- 0.getPos.2.1 --> [8, 87, 8, 0, 0, 0, 0, 0])
Transition([2, 38, 4, 0, 0, 0, 0, 0] -- 0.getPos.1.4 --> [2, 56, 4, 0, 0, 0, 0, 0])
Transition([2, 71, 1, 0, 0, 0, 0, 0] -- 0.getPos.4.1 --> [2, 75, 1, 0, 0, 0, 0, 0])
Transition([2, 104, 4, 0, 0, 0, 0, 0] -- 0.getPos.1.4 --> [2, 122, 4, 0, 0, 0, 0, 0])
Transition([8, 5, 8, 0, 0, 0, 0, 0] -- 0.getPos.2.1 --> [8, 19, 8, 0, 0, 0, 0, 0])
Transition([2, 104, 1, 0, 0, 0, 0, 0] -- 0.getPos.4.1 --> [2, 106, 1, 0, 0, 0, 0, 0])
Transition([8, 104, 2, 0, 0, 0, 0, 0] -- 0.getPos.3.2 --> [8, 121, 2, 0, 0, 0, 0, 0])
Transition([8, 5, 2, 0, 0, 0, 0, 0] -- 0.getPos.3.2 --> [8, 22, 2, 0, 0, 0, 0, 0])
Transition([2, 5, 4, 0, 0, 0, 0, 0] -- 0.getPos.1.4 --> [2, 25, 4, 0, 0, 0, 0, 0])
Transition([2, 71, 4, 0, 0, 0, 0, 0] -- 0.getPos.1.4 --> [2, 91, 4, 0, 0, 0, 0, 0])
Transition([8, 38, 8, 0, 0, 0, 0, 0] -- 0.getPos.2.1 --> [8, 54, 8, 0, 0, 0, 0, 0])
Transition([8, 104, 8, 0, 0, 0, 0, 0] -- 0.getPos.2.1 --> [8, 118, 8, 0, 0, 0, 0, 0])
Transition([2, 5, 1, 0, 0, 0, 0, 0] -- 0.getPos.4.1 --> [2, 7, 1, 0, 0, 0, 0, 0])
Transition([8, 71, 2, 0, 0, 0, 0, 0] -- 0.getPos.3.2 --> [8, 88, 2, 0, 0, 0, 0, 0])
Transition([2, 38, 1, 0, 0, 0, 0, 0] -- 0.getPos.4.1 --> [2, 42, 1, 0, 0, 0, 0, 0])
Transition([8, 38, 2, 0, 0, 0, 0, 0] -- 0.getPos.3.2 --> [8, 55, 2, 0, 0, 0, 0, 0])
Transition([8, 22, 2, 0, 0, 0, 0, 0] -- 0.setPos.3.3 --> [8, 0, 14, 0, 0, 0, 0, 0])
Transition([8, 55, 2, 0, 0, 0, 0, 0] -- 0.setPos.3.1 --> [8, 0, 5, 0, 0, 0, 0, 0])
Transition([8, 121, 2, 0, 0, 0, 0, 0] -- 0.setPos.4.2 --> [8, 0, 13, 0, 0, 0, 1, 0])
Transition([2, 75, 1, 0, 0, 0, 0, 0] -- 0.setPos.3.1 --> [2, 0, 5, 0, 0, 0, 0, 0])
Transition([8, 87, 8, 0, 0, 0, 0, 0] -- 0.setPos.1.1 --> [8, 0, 0, 0, 0, 0, 0, 0])
Transition([8, 19, 8, 0, 0, 0, 0, 0] -- 0.setPos.2.2 --> [8, 0, 6, 0, 0, 0, 0, 0])
Transition([2, 56, 4, 0, 0, 0, 0, 0] -- 0.setPos.1.3 --> [2, 0, 7, 0, 0, 0, 0, 0])
Transition([14, 4, 2, 0, 0, 0, 0, 0] -- down --> [14, 104, 2, 0, 0, 0, 0, 0])
Transition([2, 122, 4, 0, 0, 0, 0, 0] -- 0.setPos.2.4 --> [2, 0, 15, 0, 0, 0, 0, 0])
Transition([14, 4, 2, 0, 0, 0, 0, 0] -- left --> [14, 38, 2, 0, 0, 0, 0, 0])
Transition([8, 88, 2, 0, 0, 0, 0, 0] -- 0.setPos.2.2 --> [8, 0, 6, 0, 0, 0, 0, 0])
Transition([14, 4, 2, 0, 0, 0, 0, 0] -- right --> [14, 5, 2, 0, 0, 0, 0, 0])
Transition([8, 118, 8, 0, 0, 0, 0, 0] -- 0.setPos.3.1 --> [8, 0, 5, 0, 0, 0, 0, 0])
Transition([14, 4, 2, 0, 0, 0, 0, 0] -- up --> [14, 71, 2, 0, 0, 0, 0, 0])
Transition([2, 7, 1, 0, 0, 0, 0, 0] -- 0.setPos.4.2 --> [2, 0, 13, 0, 0, 0, 1, 0])
Transition([14, 71, 2, 0, 0, 0, 0, 0] -- 0.getPos.3.2 --> [14, 88, 2, 0, 0, 0, 0, 0])
Transition([2, 0, 13, 0, 0, 0, 1, 0] -- illegalPosition --> [2, 0, 13, 0, 0, 0, 1, 0])
Transition([8, 0, 0, 0, 0, 0, 0, 0] -- startSafeCheck --> [8, 1, 0, 0, 1, 0, 0, 0])
Transition([14, 104, 2, 0, 0, 0, 0, 0] -- 0.getPos.3.2 --> [14, 121, 2, 0, 0, 0, 0, 0])
Transition([8, 0, 13, 0, 0, 0, 1, 0] -- illegalPosition --> [8, 0, 13, 0, 0, 0, 1, 0])
Transition([8, 0, 14, 0, 0, 0, 0, 0] -- startSafeCheck --> [8, 1, 14, 0, 1, 0, 0, 0])
Transition([8, 0, 5, 0, 0, 0, 0, 0] -- startSafeCheck --> [8, 1, 5, 0, 1, 0, 0, 0])
Transition([14, 5, 2, 0, 0, 0, 0, 0] -- 0.getPos.3.2 --> [14, 22, 2, 0, 0, 0, 0, 0])
Transition([2, 0, 15, 0, 0, 0, 0, 0] -- startSafeCheck --> [2, 1, 15, 0, 1, 0, 0, 0])
Transition([14, 38, 2, 0, 0, 0, 0, 0] -- 0.getPos.3.2 --> [14, 55, 2, 0, 0, 0, 0, 0])
Transition([2, 1, 15, 0, 1, 0, 0, 0] -- 0.getPos.2.4 --> [2, 1, 15, 0, 16, 0, 0, 0])
Transition([14, 55, 2, 0, 0, 0, 0, 0] -- 0.setPos.3.1 --> [14, 0, 5, 0, 0, 0, 0, 0])
Transition([14, 88, 2, 0, 0, 0, 0, 0] -- 0.setPos.2.2 --> [14, 0, 6, 0, 0, 0, 0, 0])
Transition([8, 1, 0, 0, 1, 0, 0, 0] -- 0.getPos.1.1 --> [8, 1, 0, 0, 19, 0, 0, 0])
Transition([14, 121, 2, 0, 0, 0, 0, 0] -- 0.setPos.4.2 --> [14, 0, 13, 0, 0, 0, 1, 0])
Transition([14, 22, 2, 0, 0, 0, 0, 0] -- 0.setPos.3.3 --> [14, 0, 14, 0, 0, 0, 0, 0])
Transition([8, 1, 14, 0, 1, 0, 0, 0] -- 0.getPos.3.3 --> [8, 1, 14, 0, 15, 0, 0, 0])
Transition([14, 22, 2, 0, 0, 0, 0, 0] -- 1.getPos.3.3 --> [14, 23, 2, 0, 0, 0, 0, 0])
Transition([8, 1, 5, 0, 1, 0, 0, 0] -- 0.getPos.3.1 --> [8, 1, 5, 0, 9, 0, 0, 0])
Transition([14, 23, 2, 0, 0, 0, 0, 0] -- 1.setPos.3.4 --> [12, 24, 2, 0, 0, 0, 1, 0])
Transition([8, 1, 5, 0, 9, 0, 0, 0] -- 1.getPos.1.2 --> [8, 1, 5, 0, 3, 0, 0, 0])
Transition([2, 1, 15, 0, 16, 0, 0, 0] -- 1.getPos.3.2 --> [2, 1, 15, 0, 3, 0, 0, 0])
Transition([14, 0, 6, 0, 0, 0, 0, 0] -- startSafeCheck --> [14, 1, 6, 0, 1, 0, 0, 0])
Transition([14, 0, 14, 0, 0, 0, 0, 0] -- startSafeCheck --> [14, 1, 14, 0, 1, 0, 0, 0])
Transition([14, 0, 5, 0, 0, 0, 0, 0] -- startSafeCheck --> [14, 1, 5, 0, 1, 0, 0, 0])
Transition([8, 1, 14, 0, 15, 0, 0, 0] -- 1.getPos.1.2 --> [8, 1, 14, 0, 3, 0, 0, 0])
Transition([8, 1, 0, 0, 19, 0, 0, 0] -- 1.getPos.1.2 --> [8, 1, 0, 0, 3, 0, 0, 0])
Transition([14, 0, 13, 0, 0, 0, 1, 0] -- illegalPosition --> [14, 0, 13, 0, 0, 0, 1, 0])
Transition([8, 1, 0, 0, 3, 0, 0, 0] -- checkSafeOk --> [8, 2, 0, 0, 0, 0, 0, 0])
Transition([12, 24, 2, 0, 0, 0, 1, 0] -- illegalPosition --> [12, 24, 2, 0, 0, 0, 1, 0])
Transition([14, 1, 6, 0, 1, 0, 0, 0] -- 0.getPos.2.2 --> [14, 1, 6, 0, 10, 0, 0, 0])
Transition([14, 1, 5, 0, 1, 0, 0, 0] -- 0.getPos.3.1 --> [14, 1, 5, 0, 9, 0, 0, 0])
Transition([8, 1, 5, 0, 3, 0, 0, 0] -- checkSafeOk --> [8, 2, 5, 0, 0, 0, 0, 0])
Transition([2, 1, 15, 0, 3, 0, 0, 0] -- checkSafeOk --> [2, 2, 15, 0, 0, 0, 0, 0])
Transition([8, 1, 14, 0, 3, 0, 0, 0] -- checkSafeOk --> [8, 2, 14, 0, 0, 0, 0, 0])
Transition([14, 1, 14, 0, 1, 0, 0, 0] -- 0.getPos.3.3 --> [14, 1, 14, 0, 15, 0, 0, 0])
Transition([8, 2, 14, 0, 0, 0, 0, 0] -- startLiveCheck --> [8, 3, 14, 1, 0, 1, 0, 0])
Transition([14, 1, 14, 0, 15, 0, 0, 0] -- 1.getPos.3.3 --> [14, 1, 14, 0, 4, 0, 0, 0])
Transition([14, 1, 5, 0, 9, 0, 0, 0] -- 1.getPos.3.3 --> [14, 1, 5, 0, 3, 0, 0, 0])
Transition([8, 2, 5, 0, 0, 0, 0, 0] -- startLiveCheck --> [8, 3, 5, 1, 0, 1, 0, 0])
Transition([8, 2, 0, 0, 0, 0, 0, 0] -- startLiveCheck --> [8, 3, 0, 1, 0, 1, 0, 0])
Transition([14, 1, 6, 0, 10, 0, 0, 0] -- 1.getPos.3.3 --> [14, 1, 6, 0, 3, 0, 0, 0])
Transition([2, 2, 15, 0, 0, 0, 0, 0] -- startLiveCheck --> [2, 3, 15, 1, 0, 1, 0, 0])
Transition([14, 1, 6, 0, 3, 0, 0, 0] -- checkSafeOk --> [14, 2, 6, 0, 0, 0, 0, 0])
Transition([2, 3, 15, 1, 0, 1, 0, 0] -- 1.getPos.3.2 --> [2, 3, 15, 2, 0, 2, 0, 0])
Transition([8, 3, 5, 1, 0, 1, 0, 0] -- 1.getPos.1.2 --> [8, 3, 5, 2, 0, 2, 0, 0])
Transition([8, 3, 14, 1, 0, 1, 0, 0] -- 1.getPos.1.2 --> [8, 3, 14, 2, 0, 2, 0, 0])
Transition([14, 1, 5, 0, 3, 0, 0, 0] -- checkSafeOk --> [14, 2, 5, 0, 0, 0, 0, 0])
Transition([8, 3, 0, 1, 0, 1, 0, 0] -- 1.getPos.1.2 --> [8, 3, 0, 2, 0, 2, 0, 0])
Transition([14, 2, 5, 0, 0, 0, 0, 0] -- startLiveCheck --> [14, 3, 5, 1, 0, 1, 0, 0])
Transition([8, 3, 0, 2, 0, 2, 0, 0] -- checkLiveDone --> [8, 4, 0, 0, 0, 0, 0, 0])
Transition([8, 3, 5, 2, 0, 2, 0, 0] -- checkLiveDone --> [8, 4, 5, 0, 0, 0, 0, 0])
Transition([14, 2, 6, 0, 0, 0, 0, 0] -- startLiveCheck --> [14, 3, 6, 1, 0, 1, 0, 0])
Transition([2, 3, 15, 2, 0, 2, 0, 0] -- checkLiveDone --> [2, 4, 15, 0, 0, 0, 0, 0])
Transition([8, 3, 14, 2, 0, 2, 0, 0] -- checkLiveDone --> [8, 4, 14, 0, 0, 0, 0, 0])
Transition([2, 4, 15, 0, 0, 0, 0, 0] -- down --> [2, 104, 15, 0, 0, 0, 0, 0])
Transition([8, 4, 14, 0, 0, 0, 0, 0] -- down --> [8, 104, 14, 0, 0, 0, 0, 0])
Transition([2, 4, 15, 0, 0, 0, 0, 0] -- left --> [2, 38, 15, 0, 0, 0, 0, 0])
Transition([8, 4, 14, 0, 0, 0, 0, 0] -- left --> [8, 38, 14, 0, 0, 0, 0, 0])
Transition([2, 4, 15, 0, 0, 0, 0, 0] -- right --> [2, 5, 15, 0, 0, 0, 0, 0])
Transition([8, 4, 14, 0, 0, 0, 0, 0] -- right --> [8, 5, 14, 0, 0, 0, 0, 0])
Transition([2, 4, 15, 0, 0, 0, 0, 0] -- up --> [2, 71, 15, 0, 0, 0, 0, 0])
Transition([8, 4, 5, 0, 0, 0, 0, 0] -- down --> [8, 104, 5, 0, 0, 0, 0, 0])
Transition([14, 3, 5, 1, 0, 1, 0, 0] -- 1.getPos.3.3 --> [14, 3, 5, 2, 0, 2, 0, 0])
Transition([8, 4, 5, 0, 0, 0, 0, 0] -- left --> [8, 38, 5, 0, 0, 0, 0, 0])
Transition([8, 4, 0, 0, 0, 0, 0, 0] -- down --> [8, 104, 0, 0, 0, 0, 0, 0])
Transition([14, 3, 6, 1, 0, 1, 0, 0] -- 1.getPos.3.3 --> [14, 3, 6, 2, 0, 2, 0, 0])
Transition([8, 4, 0, 0, 0, 0, 0, 0] -- left --> [8, 38, 0, 0, 0, 0, 0, 0])
Transition([8, 4, 14, 0, 0, 0, 0, 0] -- up --> [8, 71, 14, 0, 0, 0, 0, 0])
Transition([8, 4, 0, 0, 0, 0, 0, 0] -- right --> [8, 5, 0, 0, 0, 0, 0, 0])
Transition([8, 4, 5, 0, 0, 0, 0, 0] -- right --> [8, 5, 5, 0, 0, 0, 0, 0])
Transition([8, 4, 0, 0, 0, 0, 0, 0] -- up --> [8, 71, 0, 0, 0, 0, 0, 0])
Transition([8, 4, 5, 0, 0, 0, 0, 0] -- up --> [8, 71, 5, 0, 0, 0, 0, 0])
Transition([8, 71, 0, 0, 0, 0, 0, 0] -- 0.getPos.1.1 --> [8, 103, 0, 0, 0, 0, 0, 0])
Transition([8, 71, 5, 0, 0, 0, 0, 0] -- 0.getPos.3.1 --> [8, 92, 5, 0, 0, 0, 0, 0])
Transition([8, 5, 5, 0, 0, 0, 0, 0] -- 0.getPos.3.1 --> [8, 26, 5, 0, 0, 0, 0, 0])
Transition([8, 38, 14, 0, 0, 0, 0, 0] -- 0.getPos.3.3 --> [8, 66, 14, 0, 0, 0, 0, 0])
Transition([2, 104, 15, 0, 0, 0, 0, 0] -- 0.getPos.2.4 --> [2, 115, 15, 0, 0, 0, 0, 0])
Transition([14, 3, 5, 2, 0, 2, 0, 0] -- checkLiveDone --> [14, 4, 5, 0, 0, 0, 0, 0])
Transition([8, 5, 0, 0, 0, 0, 0, 0] -- 0.getPos.1.1 --> [8, 35, 0, 0, 0, 0, 0, 0])
Transition([2, 38, 15, 0, 0, 0, 0, 0] -- 0.getPos.2.4 --> [2, 51, 15, 0, 0, 0, 0, 0])
Transition([2, 71, 15, 0, 0, 0, 0, 0] -- 0.getPos.2.4 --> [2, 86, 15, 0, 0, 0, 0, 0])
Transition([2, 5, 15, 0, 0, 0, 0, 0] -- 0.getPos.2.4 --> [2, 18, 15, 0, 0, 0, 0, 0])
Transition([8, 5, 14, 0, 0, 0, 0, 0] -- 0.getPos.3.3 --> [8, 31, 14, 0, 0, 0, 0, 0])
Transition([8, 71, 14, 0, 0, 0, 0, 0] -- 0.getPos.3.3 --> [8, 99, 14, 0, 0, 0, 0, 0])
Transition([8, 104, 14, 0, 0, 0, 0, 0] -- 0.getPos.3.3 --> [8, 130, 14, 0, 0, 0, 0, 0])
Transition([8, 104, 5, 0, 0, 0, 0, 0] -- 0.getPos.3.1 --> [8, 125, 5, 0, 0, 0, 0, 0])
Transition([8, 38, 5, 0, 0, 0, 0, 0] -- 0.getPos.3.1 --> [8, 59, 5, 0, 0, 0, 0, 0])
Transition([14, 3, 6, 2, 0, 2, 0, 0] -- checkLiveDone --> [14, 4, 6, 0, 0, 0, 0, 0])
Transition([8, 104, 0, 0, 0, 0, 0, 0] -- 0.getPos.1.1 --> [8, 134, 0, 0, 0, 0, 0, 0])
Transition([8, 38, 0, 0, 0, 0, 0, 0] -- 0.getPos.1.1 --> [8, 70, 0, 0, 0, 0, 0, 0])
Transition([8, 134, 0, 0, 0, 0, 0, 0] -- 0.setPos.2.1 --> [8, 0, 8, 0, 0, 0, 0, 0])
Transition([8, 130, 14, 0, 0, 0, 0, 0] -- 0.setPos.4.3 --> [8, 0, 11, 0, 0, 0, 1, 0])
Transition([8, 31, 14, 0, 0, 0, 0, 0] -- 0.setPos.3.4 --> [8, 0, 12, 0, 0, 0, 1, 0])
Transition([2, 86, 15, 0, 0, 0, 0, 0] -- 0.setPos.1.4 --> [2, 0, 4, 0, 0, 0, 0, 0])
Transition([2, 115, 15, 0, 0, 0, 0, 0] -- 0.setPos.3.4 --> [2, 0, 12, 0, 0, 0, 1, 0])
Transition([8, 92, 5, 0, 0, 0, 0, 0] -- 0.setPos.2.1 --> [8, 0, 8, 0, 0, 0, 0, 0])
Transition([8, 26, 5, 0, 0, 0, 0, 0] -- 0.setPos.3.2 --> [8, 0, 2, 0, 0, 0, 0, 0])
Transition([8, 35, 0, 0, 0, 0, 0, 0] -- 1.getPos.1.2 --> [8, 36, 0, 0, 0, 0, 0, 0])
Transition([14, 4, 5, 0, 0, 0, 0, 0] -- down --> [14, 104, 5, 0, 0, 0, 0, 0])
Transition([8, 35, 0, 0, 0, 0, 0, 0] -- 0.setPos.1.2 --> [8, 0, 9, 0, 0, 0, 0, 0])
Transition([14, 4, 5, 0, 0, 0, 0, 0] -- left --> [14, 38, 5, 0, 0, 0, 0, 0])
Transition([8, 66, 14, 0, 0, 0, 0, 0] -- 0.setPos.3.2 --> [8, 0, 2, 0, 0, 0, 0, 0])
Transition([14, 4, 5, 0, 0, 0, 0, 0] -- right --> [14, 5, 5, 0, 0, 0, 0, 0])
Transition([2, 51, 15, 0, 0, 0, 0, 0] -- 0.setPos.2.3 --> [2, 0, 3, 0, 0, 0, 1, 0])
Transition([14, 4, 5, 0, 0, 0, 0, 0] -- up --> [14, 71, 5, 0, 0, 0, 0, 0])
Transition([14, 4, 6, 0, 0, 0, 0, 0] -- down --> [14, 104, 6, 0, 0, 0, 0, 0])
Transition([8, 99, 14, 0, 0, 0, 0, 0] -- 0.setPos.2.3 --> [8, 0, 3, 0, 0, 0, 1, 0])
Transition([8, 125, 5, 0, 0, 0, 0, 0] -- 0.setPos.4.1 --> [8, 0, 1, 0, 0, 0, 0, 0])
Transition([14, 4, 6, 0, 0, 0, 0, 0] -- left --> [14, 38, 6, 0, 0, 0, 0, 0])
Transition([14, 4, 6, 0, 0, 0, 0, 0] -- right --> [14, 5, 6, 0, 0, 0, 0, 0])
Transition([14, 4, 6, 0, 0, 0, 0, 0] -- up --> [14, 71, 6, 0, 0, 0, 0, 0])
Transition([14, 104, 6, 0, 0, 0, 0, 0] -- 0.getPos.2.2 --> [14, 110, 6, 0, 0, 0, 0, 0])
Transition([14, 71, 6, 0, 0, 0, 0, 0] -- 0.getPos.2.2 --> [14, 79, 6, 0, 0, 0, 0, 0])
Transition([14, 38, 5, 0, 0, 0, 0, 0] -- 0.getPos.3.1 --> [14, 59, 5, 0, 0, 0, 0, 0])
Transition([2, 0, 12, 0, 0, 0, 1, 0] -- illegalPosition --> [2, 0, 12, 0, 0, 0, 1, 0])
Transition([14, 5, 6, 0, 0, 0, 0, 0] -- 0.getPos.2.2 --> [14, 11, 6, 0, 0, 0, 0, 0])
Transition([14, 38, 6, 0, 0, 0, 0, 0] -- 0.getPos.2.2 --> [14, 46, 6, 0, 0, 0, 0, 0])
Transition([8, 0, 11, 0, 0, 0, 1, 0] -- illegalPosition --> [8, 0, 11, 0, 0, 0, 1, 0])
Transition([8, 0, 12, 0, 0, 0, 1, 0] -- illegalPosition --> [8, 0, 12, 0, 0, 0, 1, 0])
Transition([14, 104, 5, 0, 0, 0, 0, 0] -- 0.getPos.3.1 --> [14, 125, 5, 0, 0, 0, 0, 0])
Transition([8, 36, 0, 0, 0, 0, 0, 0] -- 1.setPos.1.3 --> [6, 37, 0, 0, 0, 0, 0, 0])
Transition([14, 5, 5, 0, 0, 0, 0, 0] -- 0.getPos.3.1 --> [14, 26, 5, 0, 0, 0, 0, 0])
Transition([8, 0, 1, 0, 0, 0, 0, 0] -- startSafeCheck --> [8, 1, 1, 0, 1, 0, 0, 0])
Transition([14, 71, 5, 0, 0, 0, 0, 0] -- 0.getPos.3.1 --> [14, 92, 5, 0, 0, 0, 0, 0])
Transition([8, 1, 1, 0, 1, 0, 0, 0] -- 0.getPos.4.1 --> [8, 1, 1, 0, 5, 0, 0, 0])
Transition([14, 92, 5, 0, 0, 0, 0, 0] -- 0.setPos.2.1 --> [14, 0, 8, 0, 0, 0, 0, 0])
Transition([14, 79, 6, 0, 0, 0, 0, 0] -- 0.setPos.1.2 --> [14, 0, 9, 0, 0, 0, 0, 0])
Transition([14, 11, 6, 0, 0, 0, 0, 0] -- 0.setPos.2.3 --> [14, 0, 3, 0, 0, 0, 1, 0])
Transition([14, 110, 6, 0, 0, 0, 0, 0] -- 0.setPos.3.2 --> [14, 0, 2, 0, 0, 0, 0, 0])
Transition([14, 46, 6, 0, 0, 0, 0, 0] -- 0.setPos.2.1 --> [14, 0, 8, 0, 0, 0, 0, 0])
Transition([14, 26, 5, 0, 0, 0, 0, 0] -- 0.setPos.3.2 --> [14, 0, 2, 0, 0, 0, 0, 0])
Transition([6, 37, 0, 0, 0, 0, 0, 0] -- 0.setPos.1.2 --> [6, 0, 9, 0, 0, 0, 0, 0])
Transition([14, 125, 5, 0, 0, 0, 0, 0] -- 0.setPos.4.1 --> [14, 0, 1, 0, 0, 0, 0, 0])
Transition([6, 0, 9, 0, 0, 0, 0, 0] -- startSafeCheck --> [6, 1, 9, 0, 1, 0, 0, 0])
Transition([14, 0, 1, 0, 0, 0, 0, 0] -- startSafeCheck --> [14, 1, 1, 0, 1, 0, 0, 0])
Transition([14, 0, 3, 0, 0, 0, 1, 0] -- illegalPosition --> [14, 0, 3, 0, 0, 0, 1, 0])
Transition([14, 0, 8, 0, 0, 0, 0, 0] -- startSafeCheck --> [14, 1, 8, 0, 1, 0, 0, 0])
Transition([14, 0, 9, 0, 0, 0, 0, 0] -- startSafeCheck --> [14, 1, 9, 0, 1, 0, 0, 0])
Transition([8, 1, 1, 0, 5, 0, 0, 0] -- 1.getPos.1.2 --> [8, 1, 1, 0, 3, 0, 0, 0])
Transition([14, 1, 9, 0, 1, 0, 0, 0] -- 0.getPos.1.2 --> [14, 1, 9, 0, 18, 0, 0, 0])
Transition([8, 1, 1, 0, 3, 0, 0, 0] -- checkSafeOk --> [8, 2, 1, 0, 0, 0, 0, 0])
Transition([14, 1, 1, 0, 1, 0, 0, 0] -- 0.getPos.4.1 --> [14, 1, 1, 0, 5, 0, 0, 0])
Transition([6, 1, 9, 0, 1, 0, 0, 0] -- 0.getPos.1.2 --> [6, 1, 9, 0, 18, 0, 0, 0])
Transition([14, 1, 8, 0, 1, 0, 0, 0] -- 0.getPos.2.1 --> [14, 1, 8, 0, 17, 0, 0, 0])
Transition([6, 1, 9, 0, 18, 0, 0, 0] -- 1.getPos.1.3 --> [6, 1, 9, 0, 3, 0, 0, 0])
Transition([14, 1, 8, 0, 17, 0, 0, 0] -- 1.getPos.3.3 --> [14, 1, 8, 0, 3, 0, 0, 0])
Transition([8, 2, 1, 0, 0, 0, 0, 0] -- startLiveCheck --> [8, 3, 1, 1, 0, 1, 0, 0])
Transition([14, 1, 9, 0, 18, 0, 0, 0] -- 1.getPos.3.3 --> [14, 1, 9, 0, 3, 0, 0, 0])
Transition([14, 1, 1, 0, 5, 0, 0, 0] -- 1.getPos.3.3 --> [14, 1, 1, 0, 3, 0, 0, 0])
Transition([14, 1, 9, 0, 3, 0, 0, 0] -- checkSafeOk --> [14, 2, 9, 0, 0, 0, 0, 0])
Transition([14, 1, 1, 0, 3, 0, 0, 0] -- checkSafeOk --> [14, 2, 1, 0, 0, 0, 0, 0])
Transition([14, 1, 8, 0, 3, 0, 0, 0] -- checkSafeOk --> [14, 2, 8, 0, 0, 0, 0, 0])
Transition([6, 1, 9, 0, 3, 0, 0, 0] -- checkSafeOk --> [6, 2, 9, 0, 0, 0, 0, 0])
Transition([8, 3, 1, 1, 0, 1, 0, 0] -- 1.getPos.1.2 --> [8, 3, 1, 2, 0, 2, 0, 0])
Transition([6, 2, 9, 0, 0, 0, 0, 0] -- startLiveCheck --> [6, 3, 9, 1, 0, 1, 0, 0])
Transition([8, 3, 1, 2, 0, 2, 0, 0] -- checkLiveDone --> [8, 4, 1, 0, 0, 0, 0, 0])
Transition([14, 2, 1, 0, 0, 0, 0, 0] -- startLiveCheck --> [14, 3, 1, 1, 0, 1, 0, 0])
Transition([14, 2, 9, 0, 0, 0, 0, 0] -- startLiveCheck --> [14, 3, 9, 1, 0, 1, 0, 0])
Transition([14, 2, 8, 0, 0, 0, 0, 0] -- startLiveCheck --> [14, 3, 8, 1, 0, 1, 0, 0])
Transition([14, 3, 9, 1, 0, 1, 0, 0] -- 1.getPos.3.3 --> [14, 3, 9, 2, 0, 2, 0, 0])
Transition([14, 3, 8, 1, 0, 1, 0, 0] -- 1.getPos.3.3 --> [14, 3, 8, 2, 0, 2, 0, 0])
Transition([8, 4, 1, 0, 0, 0, 0, 0] -- down --> [8, 104, 1, 0, 0, 0, 0, 0])
Transition([6, 3, 9, 1, 0, 1, 0, 0] -- 1.getPos.1.3 --> [6, 3, 9, 2, 0, 2, 0, 0])
Transition([8, 4, 1, 0, 0, 0, 0, 0] -- left --> [8, 38, 1, 0, 0, 0, 0, 0])
Transition([14, 3, 1, 1, 0, 1, 0, 0] -- 1.getPos.3.3 --> [14, 3, 1, 2, 0, 2, 0, 0])
Transition([8, 4, 1, 0, 0, 0, 0, 0] -- right --> [8, 5, 1, 0, 0, 0, 0, 0])
Transition([8, 4, 1, 0, 0, 0, 0, 0] -- up --> [8, 71, 1, 0, 0, 0, 0, 0])
Transition([14, 3, 9, 2, 0, 2, 0, 0] -- checkLiveDone --> [14, 4, 9, 0, 0, 0, 0, 0])
Transition([8, 71, 1, 0, 0, 0, 0, 0] -- 0.getPos.4.1 --> [8, 75, 1, 0, 0, 0, 0, 0])
Transition([14, 3, 1, 2, 0, 2, 0, 0] -- checkLiveDone --> [14, 4, 1, 0, 0, 0, 0, 0])
Transition([14, 3, 8, 2, 0, 2, 0, 0] -- checkLiveDone --> [14, 4, 8, 0, 0, 0, 0, 0])
Transition([8, 104, 1, 0, 0, 0, 0, 0] -- 0.getPos.4.1 --> [8, 106, 1, 0, 0, 0, 0, 0])
Transition([6, 3, 9, 2, 0, 2, 0, 0] -- checkLiveDone --> [6, 4, 9, 0, 0, 0, 0, 0])
Transition([8, 5, 1, 0, 0, 0, 0, 0] -- 0.getPos.4.1 --> [8, 7, 1, 0, 0, 0, 0, 0])
Transition([8, 38, 1, 0, 0, 0, 0, 0] -- 0.getPos.4.1 --> [8, 42, 1, 0, 0, 0, 0, 0])
Transition([8, 7, 1, 0, 0, 0, 0, 0] -- 0.setPos.4.2 --> [8, 0, 13, 0, 0, 0, 1, 0])
Transition([14, 4, 8, 0, 0, 0, 0, 0] -- down --> [14, 104, 8, 0, 0, 0, 0, 0])
Transition([8, 75, 1, 0, 0, 0, 0, 0] -- 0.setPos.3.1 --> [8, 0, 5, 0, 0, 0, 0, 0])
Transition([14, 4, 8, 0, 0, 0, 0, 0] -- left --> [14, 38, 8, 0, 0, 0, 0, 0])
Transition([14, 4, 1, 0, 0, 0, 0, 0] -- down --> [14, 104, 1, 0, 0, 0, 0, 0])
Transition([14, 4, 8, 0, 0, 0, 0, 0] -- right --> [14, 5, 8, 0, 0, 0, 0, 0])
Transition([14, 4, 1, 0, 0, 0, 0, 0] -- left --> [14, 38, 1, 0, 0, 0, 0, 0])
Transition([14, 4, 9, 0, 0, 0, 0, 0] -- down --> [14, 104, 9, 0, 0, 0, 0, 0])
Transition([14, 4, 8, 0, 0, 0, 0, 0] -- up --> [14, 71, 8, 0, 0, 0, 0, 0])
Transition([14, 4, 1, 0, 0, 0, 0, 0] -- right --> [14, 5, 1, 0, 0, 0, 0, 0])
Transition([14, 4, 9, 0, 0, 0, 0, 0] -- left --> [14, 38, 9, 0, 0, 0, 0, 0])
Transition([14, 4, 1, 0, 0, 0, 0, 0] -- up --> [14, 71, 1, 0, 0, 0, 0, 0])
Transition([6, 4, 9, 0, 0, 0, 0, 0] -- down --> [6, 104, 9, 0, 0, 0, 0, 0])
Transition([14, 4, 9, 0, 0, 0, 0, 0] -- right --> [14, 5, 9, 0, 0, 0, 0, 0])
Transition([6, 4, 9, 0, 0, 0, 0, 0] -- left --> [6, 38, 9, 0, 0, 0, 0, 0])
Transition([14, 4, 9, 0, 0, 0, 0, 0] -- up --> [14, 71, 9, 0, 0, 0, 0, 0])
Transition([6, 4, 9, 0, 0, 0, 0, 0] -- right --> [6, 5, 9, 0, 0, 0, 0, 0])
Transition([6, 4, 9, 0, 0, 0, 0, 0] -- up --> [6, 71, 9, 0, 0, 0, 0, 0])
Transition([14, 38, 1, 0, 0, 0, 0, 0] -- 0.getPos.4.1 --> [14, 42, 1, 0, 0, 0, 0, 0])
Transition([6, 71, 9, 0, 0, 0, 0, 0] -- 0.getPos.1.2 --> [6, 102, 9, 0, 0, 0, 0, 0])
Transition([6, 5, 9, 0, 0, 0, 0, 0] -- 0.getPos.1.2 --> [6, 32, 9, 0, 0, 0, 0, 0])
Transition([6, 38, 9, 0, 0, 0, 0, 0] -- 0.getPos.1.2 --> [6, 69, 9, 0, 0, 0, 0, 0])
Transition([14, 71, 9, 0, 0, 0, 0, 0] -- 0.getPos.1.2 --> [14, 102, 9, 0, 0, 0, 0, 0])
Transition([14, 38, 8, 0, 0, 0, 0, 0] -- 0.getPos.2.1 --> [14, 54, 8, 0, 0, 0, 0, 0])
Transition([14, 5, 9, 0, 0, 0, 0, 0] -- 0.getPos.1.2 --> [14, 32, 9, 0, 0, 0, 0, 0])
Transition([6, 104, 9, 0, 0, 0, 0, 0] -- 0.getPos.1.2 --> [6, 131, 9, 0, 0, 0, 0, 0])
Transition([14, 104, 8, 0, 0, 0, 0, 0] -- 0.getPos.2.1 --> [14, 118, 8, 0, 0, 0, 0, 0])
Transition([14, 104, 9, 0, 0, 0, 0, 0] -- 0.getPos.1.2 --> [14, 131, 9, 0, 0, 0, 0, 0])
Transition([14, 71, 8, 0, 0, 0, 0, 0] -- 0.getPos.2.1 --> [14, 87, 8, 0, 0, 0, 0, 0])
Transition([14, 5, 1, 0, 0, 0, 0, 0] -- 0.getPos.4.1 --> [14, 7, 1, 0, 0, 0, 0, 0])
Transition([14, 38, 9, 0, 0, 0, 0, 0] -- 0.getPos.1.2 --> [14, 69, 9, 0, 0, 0, 0, 0])
Transition([14, 104, 1, 0, 0, 0, 0, 0] -- 0.getPos.4.1 --> [14, 106, 1, 0, 0, 0, 0, 0])
Transition([14, 71, 1, 0, 0, 0, 0, 0] -- 0.getPos.4.1 --> [14, 75, 1, 0, 0, 0, 0, 0])
Transition([14, 5, 8, 0, 0, 0, 0, 0] -- 0.getPos.2.1 --> [14, 19, 8, 0, 0, 0, 0, 0])
Transition([14, 75, 1, 0, 0, 0, 0, 0] -- 0.setPos.3.1 --> [14, 0, 5, 0, 0, 0, 0, 0])
Transition([14, 19, 8, 0, 0, 0, 0, 0] -- 0.setPos.2.2 --> [14, 0, 6, 0, 0, 0, 0, 0])
Transition([6, 131, 9, 0, 0, 0, 0, 0] -- 0.setPos.2.2 --> [6, 0, 6, 0, 0, 0, 0, 0])
Transition([6, 69, 9, 0, 0, 0, 0, 0] -- 0.setPos.1.1 --> [6, 0, 0, 0, 0, 0, 0, 0])
Transition([14, 87, 8, 0, 0, 0, 0, 0] -- 0.setPos.1.1 --> [14, 0, 0, 0, 0, 0, 0, 0])
Transition([14, 32, 9, 0, 0, 0, 0, 0] -- 0.setPos.1.3 --> [14, 0, 7, 0, 0, 0, 0, 0])
Transition([6, 32, 9, 0, 0, 0, 0, 0] -- 1.getPos.1.3 --> [6, 33, 9, 0, 0, 0, 0, 0])
Transition([14, 131, 9, 0, 0, 0, 0, 0] -- 0.setPos.2.2 --> [14, 0, 6, 0, 0, 0, 0, 0])
Transition([6, 32, 9, 0, 0, 0, 0, 0] -- 0.setPos.1.3 --> [6, 0, 7, 0, 0, 0, 0, 0])
Transition([14, 118, 8, 0, 0, 0, 0, 0] -- 0.setPos.3.1 --> [14, 0, 5, 0, 0, 0, 0, 0])
Transition([14, 7, 1, 0, 0, 0, 0, 0] -- 0.setPos.4.2 --> [14, 0, 13, 0, 0, 0, 1, 0])
Transition([14, 69, 9, 0, 0, 0, 0, 0] -- 0.setPos.1.1 --> [14, 0, 0, 0, 0, 0, 0, 0])
Transition([6, 0, 7, 0, 0, 0, 0, 0] -- startSafeCheck --> [6, 1, 7, 0, 1, 0, 0, 0])
Transition([6, 33, 9, 0, 0, 0, 0, 0] -- 1.setPos.1.4 --> [4, 34, 9, 0, 0, 0, 0, 0])
Transition([14, 0, 0, 0, 0, 0, 0, 0] -- startSafeCheck --> [14, 1, 0, 0, 1, 0, 0, 0])
Transition([6, 0, 0, 0, 0, 0, 0, 0] -- startSafeCheck --> [6, 1, 0, 0, 1, 0, 0, 0])
Transition([14, 0, 7, 0, 0, 0, 0, 0] -- startSafeCheck --> [14, 1, 7, 0, 1, 0, 0, 0])
Transition([6, 0, 6, 0, 0, 0, 0, 0] -- startSafeCheck --> [6, 1, 6, 0, 1, 0, 0, 0])
Transition([14, 1, 7, 0, 1, 0, 0, 0] -- 0.getPos.1.3 --> [14, 1, 7, 0, 11, 0, 0, 0])
Transition([6, 1, 6, 0, 1, 0, 0, 0] -- 0.getPos.2.2 --> [6, 1, 6, 0, 10, 0, 0, 0])
Transition([14, 1, 0, 0, 1, 0, 0, 0] -- 0.getPos.1.1 --> [14, 1, 0, 0, 19, 0, 0, 0])
Transition([6, 1, 7, 0, 1, 0, 0, 0] -- 0.getPos.1.3 --> [6, 1, 7, 0, 11, 0, 0, 0])
Transition([4, 34, 9, 0, 0, 0, 0, 0] -- 0.setPos.1.3 --> [4, 0, 7, 0, 0, 0, 0, 0])
Transition([6, 1, 0, 0, 1, 0, 0, 0] -- 0.getPos.1.1 --> [6, 1, 0, 0, 19, 0, 0, 0])
Transition([4, 0, 7, 0, 0, 0, 0, 0] -- startSafeCheck --> [4, 1, 7, 0, 1, 0, 0, 0])
Transition([6, 1, 0, 0, 19, 0, 0, 0] -- 1.getPos.1.3 --> [6, 1, 0, 0, 3, 0, 0, 0])
Transition([14, 1, 0, 0, 19, 0, 0, 0] -- 1.getPos.3.3 --> [14, 1, 0, 0, 3, 0, 0, 0])
Transition([14, 1, 7, 0, 11, 0, 0, 0] -- 1.getPos.3.3 --> [14, 1, 7, 0, 3, 0, 0, 0])
Transition([6, 1, 6, 0, 10, 0, 0, 0] -- 1.getPos.1.3 --> [6, 1, 6, 0, 3, 0, 0, 0])
Transition([6, 1, 7, 0, 11, 0, 0, 0] -- 1.getPos.1.3 --> [6, 1, 7, 0, 4, 0, 0, 0])
Transition([6, 1, 6, 0, 3, 0, 0, 0] -- checkSafeOk --> [6, 2, 6, 0, 0, 0, 0, 0])
Transition([6, 1, 0, 0, 3, 0, 0, 0] -- checkSafeOk --> [6, 2, 0, 0, 0, 0, 0, 0])
Transition([14, 1, 0, 0, 3, 0, 0, 0] -- checkSafeOk --> [14, 2, 0, 0, 0, 0, 0, 0])
Transition([4, 1, 7, 0, 1, 0, 0, 0] -- 0.getPos.1.3 --> [4, 1, 7, 0, 11, 0, 0, 0])
Transition([14, 1, 7, 0, 3, 0, 0, 0] -- checkSafeOk --> [14, 2, 7, 0, 0, 0, 0, 0])
Transition([4, 1, 7, 0, 11, 0, 0, 0] -- 1.getPos.1.4 --> [4, 1, 7, 0, 3, 0, 0, 0])
Transition([14, 2, 7, 0, 0, 0, 0, 0] -- startLiveCheck --> [14, 3, 7, 1, 0, 1, 0, 0])
Transition([6, 2, 0, 0, 0, 0, 0, 0] -- startLiveCheck --> [6, 3, 0, 1, 0, 1, 0, 0])
Transition([6, 2, 6, 0, 0, 0, 0, 0] -- startLiveCheck --> [6, 3, 6, 1, 0, 1, 0, 0])
Transition([14, 2, 0, 0, 0, 0, 0, 0] -- startLiveCheck --> [14, 3, 0, 1, 0, 1, 0, 0])
Transition([6, 3, 6, 1, 0, 1, 0, 0] -- 1.getPos.1.3 --> [6, 3, 6, 2, 0, 2, 0, 0])
Transition([14, 3, 0, 1, 0, 1, 0, 0] -- 1.getPos.3.3 --> [14, 3, 0, 2, 0, 2, 0, 0])
Transition([14, 3, 7, 1, 0, 1, 0, 0] -- 1.getPos.3.3 --> [14, 3, 7, 2, 0, 2, 0, 0])
Transition([4, 1, 7, 0, 3, 0, 0, 0] -- checkSafeOk --> [4, 2, 7, 0, 0, 0, 0, 0])
Transition([6, 3, 0, 1, 0, 1, 0, 0] -- 1.getPos.1.3 --> [6, 3, 0, 2, 0, 2, 0, 0])
Transition([4, 2, 7, 0, 0, 0, 0, 0] -- startLiveCheck --> [4, 3, 7, 1, 0, 1, 0, 0])
Transition([6, 3, 0, 2, 0, 2, 0, 0] -- checkLiveDone --> [6, 4, 0, 0, 0, 0, 0, 0])
Transition([14, 3, 0, 2, 0, 2, 0, 0] -- checkLiveDone --> [14, 4, 0, 0, 0, 0, 0, 0])
Transition([6, 3, 6, 2, 0, 2, 0, 0] -- checkLiveDone --> [6, 4, 6, 0, 0, 0, 0, 0])
Transition([14, 3, 7, 2, 0, 2, 0, 0] -- checkLiveDone --> [14, 4, 7, 0, 0, 0, 0, 0])
Transition([6, 4, 6, 0, 0, 0, 0, 0] -- down --> [6, 104, 6, 0, 0, 0, 0, 0])
Transition([14, 4, 7, 0, 0, 0, 0, 0] -- down --> [14, 104, 7, 0, 0, 0, 0, 0])
Transition([6, 4, 6, 0, 0, 0, 0, 0] -- left --> [6, 38, 6, 0, 0, 0, 0, 0])
Transition([14, 4, 7, 0, 0, 0, 0, 0] -- left --> [14, 38, 7, 0, 0, 0, 0, 0])
Transition([6, 4, 6, 0, 0, 0, 0, 0] -- right --> [6, 5, 6, 0, 0, 0, 0, 0])
Transition([14, 4, 7, 0, 0, 0, 0, 0] -- right --> [14, 5, 7, 0, 0, 0, 0, 0])
Transition([6, 4, 0, 0, 0, 0, 0, 0] -- down --> [6, 104, 0, 0, 0, 0, 0, 0])
Transition([14, 4, 7, 0, 0, 0, 0, 0] -- up --> [14, 71, 7, 0, 0, 0, 0, 0])
Transition([4, 3, 7, 1, 0, 1, 0, 0] -- 1.getPos.1.4 --> [4, 3, 7, 2, 0, 2, 0, 0])
Transition([6, 4, 6, 0, 0, 0, 0, 0] -- up --> [6, 71, 6, 0, 0, 0, 0, 0])
Transition([14, 4, 0, 0, 0, 0, 0, 0] -- down --> [14, 104, 0, 0, 0, 0, 0, 0])
Transition([6, 4, 0, 0, 0, 0, 0, 0] -- left --> [6, 38, 0, 0, 0, 0, 0, 0])
Transition([14, 4, 0, 0, 0, 0, 0, 0] -- left --> [14, 38, 0, 0, 0, 0, 0, 0])
Transition([6, 4, 0, 0, 0, 0, 0, 0] -- right --> [6, 5, 0, 0, 0, 0, 0, 0])
Transition([14, 4, 0, 0, 0, 0, 0, 0] -- right --> [14, 5, 0, 0, 0, 0, 0, 0])
Transition([6, 4, 0, 0, 0, 0, 0, 0] -- up --> [6, 71, 0, 0, 0, 0, 0, 0])
Transition([14, 4, 0, 0, 0, 0, 0, 0] -- up --> [14, 71, 0, 0, 0, 0, 0, 0])
Transition([6, 71, 0, 0, 0, 0, 0, 0] -- 0.getPos.1.1 --> [6, 103, 0, 0, 0, 0, 0, 0])
Transition([14, 71, 0, 0, 0, 0, 0, 0] -- 0.getPos.1.1 --> [14, 103, 0, 0, 0, 0, 0, 0])
Transition([14, 5, 0, 0, 0, 0, 0, 0] -- 0.getPos.1.1 --> [14, 35, 0, 0, 0, 0, 0, 0])
Transition([6, 5, 0, 0, 0, 0, 0, 0] -- 0.getPos.1.1 --> [6, 35, 0, 0, 0, 0, 0, 0])
Transition([6, 104, 6, 0, 0, 0, 0, 0] -- 0.getPos.2.2 --> [6, 110, 6, 0, 0, 0, 0, 0])
Transition([14, 38, 7, 0, 0, 0, 0, 0] -- 0.getPos.1.3 --> [14, 60, 7, 0, 0, 0, 0, 0])
Transition([14, 71, 7, 0, 0, 0, 0, 0] -- 0.getPos.1.3 --> [14, 95, 7, 0, 0, 0, 0, 0])
Transition([6, 5, 6, 0, 0, 0, 0, 0] -- 0.getPos.2.2 --> [6, 11, 6, 0, 0, 0, 0, 0])
Transition([14, 38, 0, 0, 0, 0, 0, 0] -- 0.getPos.1.1 --> [14, 70, 0, 0, 0, 0, 0, 0])
Transition([14, 104, 7, 0, 0, 0, 0, 0] -- 0.getPos.1.3 --> [14, 126, 7, 0, 0, 0, 0, 0])
Transition([6, 38, 0, 0, 0, 0, 0, 0] -- 0.getPos.1.1 --> [6, 70, 0, 0, 0, 0, 0, 0])
Transition([14, 5, 7, 0, 0, 0, 0, 0] -- 0.getPos.1.3 --> [14, 29, 7, 0, 0, 0, 0, 0])
Transition([14, 104, 0, 0, 0, 0, 0, 0] -- 0.getPos.1.1 --> [14, 134, 0, 0, 0, 0, 0, 0])
Transition([6, 104, 0, 0, 0, 0, 0, 0] -- 0.getPos.1.1 --> [6, 134, 0, 0, 0, 0, 0, 0])
Transition([4, 3, 7, 2, 0, 2, 0, 0] -- checkLiveDone --> [4, 4, 7, 0, 0, 0, 0, 0])
Transition([6, 71, 6, 0, 0, 0, 0, 0] -- 0.getPos.2.2 --> [6, 79, 6, 0, 0, 0, 0, 0])
Transition([6, 38, 6, 0, 0, 0, 0, 0] -- 0.getPos.2.2 --> [6, 46, 6, 0, 0, 0, 0, 0])
Transition([6, 79, 6, 0, 0, 0, 0, 0] -- 0.setPos.1.2 --> [6, 0, 9, 0, 0, 0, 0, 0])
Transition([6, 46, 6, 0, 0, 0, 0, 0] -- 0.setPos.2.1 --> [6, 0, 8, 0, 0, 0, 0, 0])
Transition([6, 11, 6, 0, 0, 0, 0, 0] -- 0.setPos.2.3 --> [6, 0, 3, 0, 0, 0, 1, 0])
Transition([14, 29, 7, 0, 0, 0, 0, 0] -- 0.setPos.1.4 --> [14, 0, 4, 0, 0, 0, 0, 0])
Transition([6, 110, 6, 0, 0, 0, 0, 0] -- 0.setPos.3.2 --> [6, 0, 2, 0, 0, 0, 0, 0])
Transition([14, 35, 0, 0, 0, 0, 0, 0] -- 0.setPos.1.2 --> [14, 0, 9, 0, 0, 0, 0, 0])
Transition([6, 35, 0, 0, 0, 0, 0, 0] -- 0.setPos.1.2 --> [6, 0, 9, 0, 0, 0, 0, 0])
Transition([14, 126, 7, 0, 0, 0, 0, 0] -- 0.setPos.2.3 --> [14, 0, 3, 0, 0, 0, 1, 0])
Transition([14, 60, 7, 0, 0, 0, 0, 0] -- 0.setPos.1.2 --> [14, 0, 9, 0, 0, 0, 0, 0])
Transition([4, 4, 7, 0, 0, 0, 0, 0] -- down --> [4, 104, 7, 0, 0, 0, 0, 0])
Transition([6, 134, 0, 0, 0, 0, 0, 0] -- 0.setPos.2.1 --> [6, 0, 8, 0, 0, 0, 0, 0])
Transition([4, 4, 7, 0, 0, 0, 0, 0] -- left --> [4, 38, 7, 0, 0, 0, 0, 0])
Transition([14, 134, 0, 0, 0, 0, 0, 0] -- 0.setPos.2.1 --> [14, 0, 8, 0, 0, 0, 0, 0])
Transition([4, 4, 7, 0, 0, 0, 0, 0] -- right --> [4, 5, 7, 0, 0, 0, 0, 0])
Transition([4, 4, 7, 0, 0, 0, 0, 0] -- up --> [4, 71, 7, 0, 0, 0, 0, 0])
Transition([14, 0, 4, 0, 0, 0, 0, 0] -- startSafeCheck --> [14, 1, 4, 0, 1, 0, 0, 0])
Transition([4, 71, 7, 0, 0, 0, 0, 0] -- 0.getPos.1.3 --> [4, 95, 7, 0, 0, 0, 0, 0])
Transition([4, 38, 7, 0, 0, 0, 0, 0] -- 0.getPos.1.3 --> [4, 60, 7, 0, 0, 0, 0, 0])
Transition([4, 5, 7, 0, 0, 0, 0, 0] -- 0.getPos.1.3 --> [4, 29, 7, 0, 0, 0, 0, 0])
Transition([6, 0, 3, 0, 0, 0, 1, 0] -- illegalPosition --> [6, 0, 3, 0, 0, 0, 1, 0])
Transition([6, 0, 2, 0, 0, 0, 0, 0] -- startSafeCheck --> [6, 1, 2, 0, 1, 0, 0, 0])
Transition([6, 0, 8, 0, 0, 0, 0, 0] -- startSafeCheck --> [6, 1, 8, 0, 1, 0, 0, 0])
Transition([4, 104, 7, 0, 0, 0, 0, 0] -- 0.getPos.1.3 --> [4, 126, 7, 0, 0, 0, 0, 0])
Transition([6, 1, 8, 0, 1, 0, 0, 0] -- 0.getPos.2.1 --> [6, 1, 8, 0, 17, 0, 0, 0])
Transition([4, 126, 7, 0, 0, 0, 0, 0] -- 0.setPos.2.3 --> [4, 0, 3, 0, 0, 0, 1, 0])
Transition([4, 29, 7, 0, 0, 0, 0, 0] -- 0.setPos.1.4 --> [4, 0, 4, 0, 0, 0, 0, 0])
Transition([14, 1, 4, 0, 1, 0, 0, 0] -- 0.getPos.1.4 --> [14, 1, 4, 0, 8, 0, 0, 0])
Transition([4, 60, 7, 0, 0, 0, 0, 0] -- 0.setPos.1.2 --> [4, 0, 9, 0, 0, 0, 0, 0])
Transition([6, 1, 2, 0, 1, 0, 0, 0] -- 0.getPos.3.2 --> [6, 1, 2, 0, 6, 0, 0, 0])
Transition([4, 0, 9, 0, 0, 0, 0, 0] -- startSafeCheck --> [4, 1, 9, 0, 1, 0, 0, 0])
Transition([6, 1, 2, 0, 6, 0, 0, 0] -- 1.getPos.1.3 --> [6, 1, 2, 0, 3, 0, 0, 0])
Transition([4, 0, 4, 0, 0, 0, 0, 0] -- startSafeCheck --> [4, 1, 4, 0, 1, 0, 0, 0])
Transition([6, 1, 8, 0, 17, 0, 0, 0] -- 1.getPos.1.3 --> [6, 1, 8, 0, 3, 0, 0, 0])
Transition([4, 0, 3, 0, 0, 0, 1, 0] -- illegalPosition --> [4, 0, 3, 0, 0, 0, 1, 0])
Transition([14, 1, 4, 0, 8, 0, 0, 0] -- 1.getPos.3.3 --> [14, 1, 4, 0, 3, 0, 0, 0])
Transition([6, 1, 2, 0, 3, 0, 0, 0] -- checkSafeOk --> [6, 2, 2, 0, 0, 0, 0, 0])
Transition([14, 1, 4, 0, 3, 0, 0, 0] -- checkSafeOk --> [14, 2, 4, 0, 0, 0, 0, 0])
Transition([4, 1, 4, 0, 1, 0, 0, 0] -- 0.getPos.1.4 --> [4, 1, 4, 0, 8, 0, 0, 0])
Transition([4, 1, 9, 0, 1, 0, 0, 0] -- 0.getPos.1.2 --> [4, 1, 9, 0, 18, 0, 0, 0])
Transition([6, 1, 8, 0, 3, 0, 0, 0] -- checkSafeOk --> [6, 2, 8, 0, 0, 0, 0, 0])
Transition([4, 1, 9, 0, 18, 0, 0, 0] -- 1.getPos.1.4 --> [4, 1, 9, 0, 3, 0, 0, 0])
Transition([6, 2, 8, 0, 0, 0, 0, 0] -- startLiveCheck --> [6, 3, 8, 1, 0, 1, 0, 0])
Transition([14, 2, 4, 0, 0, 0, 0, 0] -- startLiveCheck --> [14, 3, 4, 1, 0, 1, 0, 0])
Transition([6, 2, 2, 0, 0, 0, 0, 0] -- startLiveCheck --> [6, 3, 2, 1, 0, 1, 0, 0])
Transition([4, 1, 4, 0, 8, 0, 0, 0] -- 1.getPos.1.4 --> [4, 1, 4, 0, 4, 0, 0, 0])
Transition([6, 3, 2, 1, 0, 1, 0, 0] -- 1.getPos.1.3 --> [6, 3, 2, 2, 0, 2, 0, 0])
Transition([4, 1, 9, 0, 3, 0, 0, 0] -- checkSafeOk --> [4, 2, 9, 0, 0, 0, 0, 0])
Transition([6, 3, 8, 1, 0, 1, 0, 0] -- 1.getPos.1.3 --> [6, 3, 8, 2, 0, 2, 0, 0])
Transition([14, 3, 4, 1, 0, 1, 0, 0] -- 1.getPos.3.3 --> [14, 3, 4, 2, 0, 2, 0, 0])
Transition([6, 3, 8, 2, 0, 2, 0, 0] -- checkLiveDone --> [6, 4, 8, 0, 0, 0, 0, 0])
Transition([14, 3, 4, 2, 0, 2, 0, 0] -- checkLiveDone --> [14, 4, 4, 0, 0, 0, 0, 0])
Transition([6, 3, 2, 2, 0, 2, 0, 0] -- checkLiveDone --> [6, 4, 2, 0, 0, 0, 0, 0])
Transition([4, 2, 9, 0, 0, 0, 0, 0] -- startLiveCheck --> [4, 3, 9, 1, 0, 1, 0, 0])
Transition([6, 4, 2, 0, 0, 0, 0, 0] -- down --> [6, 104, 2, 0, 0, 0, 0, 0])
Transition([4, 3, 9, 1, 0, 1, 0, 0] -- 1.getPos.1.4 --> [4, 3, 9, 2, 0, 2, 0, 0])
Transition([6, 4, 2, 0, 0, 0, 0, 0] -- left --> [6, 38, 2, 0, 0, 0, 0, 0])
Transition([6, 4, 8, 0, 0, 0, 0, 0] -- down --> [6, 104, 8, 0, 0, 0, 0, 0])
Transition([6, 4, 2, 0, 0, 0, 0, 0] -- right --> [6, 5, 2, 0, 0, 0, 0, 0])
Transition([6, 4, 8, 0, 0, 0, 0, 0] -- left --> [6, 38, 8, 0, 0, 0, 0, 0])
Transition([6, 4, 2, 0, 0, 0, 0, 0] -- up --> [6, 71, 2, 0, 0, 0, 0, 0])
Transition([6, 4, 8, 0, 0, 0, 0, 0] -- right --> [6, 5, 8, 0, 0, 0, 0, 0])
Transition([14, 4, 4, 0, 0, 0, 0, 0] -- down --> [14, 104, 4, 0, 0, 0, 0, 0])
Transition([6, 4, 8, 0, 0, 0, 0, 0] -- up --> [6, 71, 8, 0, 0, 0, 0, 0])
Transition([14, 4, 4, 0, 0, 0, 0, 0] -- left --> [14, 38, 4, 0, 0, 0, 0, 0])
Transition([14, 4, 4, 0, 0, 0, 0, 0] -- right --> [14, 5, 4, 0, 0, 0, 0, 0])
Transition([14, 4, 4, 0, 0, 0, 0, 0] -- up --> [14, 71, 4, 0, 0, 0, 0, 0])
Transition([6, 71, 2, 0, 0, 0, 0, 0] -- 0.getPos.3.2 --> [6, 88, 2, 0, 0, 0, 0, 0])
Transition([14, 71, 4, 0, 0, 0, 0, 0] -- 0.getPos.1.4 --> [14, 91, 4, 0, 0, 0, 0, 0])
Transition([4, 3, 9, 2, 0, 2, 0, 0] -- checkLiveDone --> [4, 4, 9, 0, 0, 0, 0, 0])
Transition([14, 5, 4, 0, 0, 0, 0, 0] -- 0.getPos.1.4 --> [14, 25, 4, 0, 0, 0, 0, 0])
Transition([6, 104, 2, 0, 0, 0, 0, 0] -- 0.getPos.3.2 --> [6, 121, 2, 0, 0, 0, 0, 0])
Transition([14, 38, 4, 0, 0, 0, 0, 0] -- 0.getPos.1.4 --> [14, 56, 4, 0, 0, 0, 0, 0])
Transition([6, 38, 8, 0, 0, 0, 0, 0] -- 0.getPos.2.1 --> [6, 54, 8, 0, 0, 0, 0, 0])
Transition([6, 5, 8, 0, 0, 0, 0, 0] -- 0.getPos.2.1 --> [6, 19, 8, 0, 0, 0, 0, 0])
Transition([6, 38, 2, 0, 0, 0, 0, 0] -- 0.getPos.3.2 --> [6, 55, 2, 0, 0, 0, 0, 0])
Transition([14, 104, 4, 0, 0, 0, 0, 0] -- 0.getPos.1.4 --> [14, 122, 4, 0, 0, 0, 0, 0])
Transition([6, 104, 8, 0, 0, 0, 0, 0] -- 0.getPos.2.1 --> [6, 118, 8, 0, 0, 0, 0, 0])
Transition([6, 71, 8, 0, 0, 0, 0, 0] -- 0.getPos.2.1 --> [6, 87, 8, 0, 0, 0, 0, 0])
Transition([6, 5, 2, 0, 0, 0, 0, 0] -- 0.getPos.3.2 --> [6, 22, 2, 0, 0, 0, 0, 0])
Transition([6, 87, 8, 0, 0, 0, 0, 0] -- 0.setPos.1.1 --> [6, 0, 0, 0, 0, 0, 0, 0])
Transition([6, 22, 2, 0, 0, 0, 0, 0] -- 0.setPos.3.3 --> [6, 0, 14, 0, 0, 0, 0, 0])
Transition([4, 4, 9, 0, 0, 0, 0, 0] -- down --> [4, 104, 9, 0, 0, 0, 0, 0])
Transition([6, 19, 8, 0, 0, 0, 0, 0] -- 0.setPos.2.2 --> [6, 0, 6, 0, 0, 0, 0, 0])
Transition([4, 4, 9, 0, 0, 0, 0, 0] -- left --> [4, 38, 9, 0, 0, 0, 0, 0])
Transition([6, 121, 2, 0, 0, 0, 0, 0] -- 0.setPos.4.2 --> [6, 0, 13, 0, 0, 0, 1, 0])
Transition([4, 4, 9, 0, 0, 0, 0, 0] -- right --> [4, 5, 9, 0, 0, 0, 0, 0])
Transition([6, 88, 2, 0, 0, 0, 0, 0] -- 0.setPos.2.2 --> [6, 0, 6, 0, 0, 0, 0, 0])
Transition([14, 56, 4, 0, 0, 0, 0, 0] -- 0.setPos.1.3 --> [14, 0, 7, 0, 0, 0, 0, 0])
Transition([4, 4, 9, 0, 0, 0, 0, 0] -- up --> [4, 71, 9, 0, 0, 0, 0, 0])
Transition([6, 118, 8, 0, 0, 0, 0, 0] -- 0.setPos.3.1 --> [6, 0, 5, 0, 0, 0, 0, 0])
Transition([6, 55, 2, 0, 0, 0, 0, 0] -- 0.setPos.3.1 --> [6, 0, 5, 0, 0, 0, 0, 0])
Transition([14, 122, 4, 0, 0, 0, 0, 0] -- 0.setPos.2.4 --> [14, 0, 15, 0, 0, 0, 0, 0])
Transition([6, 0, 14, 0, 0, 0, 0, 0] -- startSafeCheck --> [6, 1, 14, 0, 1, 0, 0, 0])
Transition([14, 0, 15, 0, 0, 0, 0, 0] -- startSafeCheck --> [14, 1, 15, 0, 1, 0, 0, 0])
Transition([4, 5, 9, 0, 0, 0, 0, 0] -- 0.getPos.1.2 --> [4, 32, 9, 0, 0, 0, 0, 0])
Transition([4, 104, 9, 0, 0, 0, 0, 0] -- 0.getPos.1.2 --> [4, 131, 9, 0, 0, 0, 0, 0])
Transition([6, 0, 13, 0, 0, 0, 1, 0] -- illegalPosition --> [6, 0, 13, 0, 0, 0, 1, 0])
Transition([6, 0, 5, 0, 0, 0, 0, 0] -- startSafeCheck --> [6, 1, 5, 0, 1, 0, 0, 0])
Transition([4, 71, 9, 0, 0, 0, 0, 0] -- 0.getPos.1.2 --> [4, 102, 9, 0, 0, 0, 0, 0])
Transition([4, 38, 9, 0, 0, 0, 0, 0] -- 0.getPos.1.2 --> [4, 69, 9, 0, 0, 0, 0, 0])
Transition([4, 131, 9, 0, 0, 0, 0, 0] -- 0.setPos.2.2 --> [4, 0, 6, 0, 0, 0, 0, 0])
Transition([4, 69, 9, 0, 0, 0, 0, 0] -- 0.setPos.1.1 --> [4, 0, 0, 0, 0, 0, 0, 0])
Transition([4, 32, 9, 0, 0, 0, 0, 0] -- 0.setPos.1.3 --> [4, 0, 7, 0, 0, 0, 0, 0])
Transition([6, 1, 14, 0, 1, 0, 0, 0] -- 0.getPos.3.3 --> [6, 1, 14, 0, 15, 0, 0, 0])
Transition([14, 1, 15, 0, 1, 0, 0, 0] -- 0.getPos.2.4 --> [14, 1, 15, 0, 16, 0, 0, 0])
Transition([6, 1, 5, 0, 1, 0, 0, 0] -- 0.getPos.3.1 --> [6, 1, 5, 0, 9, 0, 0, 0])
Transition([14, 1, 15, 0, 16, 0, 0, 0] -- 1.getPos.3.3 --> [14, 1, 15, 0, 3, 0, 0, 0])
Transition([6, 1, 5, 0, 9, 0, 0, 0] -- 1.getPos.1.3 --> [6, 1, 5, 0, 3, 0, 0, 0])
Transition([4, 0, 0, 0, 0, 0, 0, 0] -- startSafeCheck --> [4, 1, 0, 0, 1, 0, 0, 0])
Transition([4, 0, 6, 0, 0, 0, 0, 0] -- startSafeCheck --> [4, 1, 6, 0, 1, 0, 0, 0])
Transition([6, 1, 14, 0, 15, 0, 0, 0] -- 1.getPos.1.3 --> [6, 1, 14, 0, 3, 0, 0, 0])
Transition([4, 1, 6, 0, 1, 0, 0, 0] -- 0.getPos.2.2 --> [4, 1, 6, 0, 10, 0, 0, 0])
Transition([6, 1, 14, 0, 3, 0, 0, 0] -- checkSafeOk --> [6, 2, 14, 0, 0, 0, 0, 0])
Transition([6, 1, 5, 0, 3, 0, 0, 0] -- checkSafeOk --> [6, 2, 5, 0, 0, 0, 0, 0])
Transition([14, 1, 15, 0, 3, 0, 0, 0] -- checkSafeOk --> [14, 2, 15, 0, 0, 0, 0, 0])
Transition([4, 1, 0, 0, 1, 0, 0, 0] -- 0.getPos.1.1 --> [4, 1, 0, 0, 19, 0, 0, 0])
Transition([14, 2, 15, 0, 0, 0, 0, 0] -- startLiveCheck --> [14, 3, 15, 1, 0, 1, 0, 0])
Transition([4, 1, 0, 0, 19, 0, 0, 0] -- 1.getPos.1.4 --> [4, 1, 0, 0, 3, 0, 0, 0])
Transition([6, 2, 14, 0, 0, 0, 0, 0] -- startLiveCheck --> [6, 3, 14, 1, 0, 1, 0, 0])
Transition([4, 1, 6, 0, 10, 0, 0, 0] -- 1.getPos.1.4 --> [4, 1, 6, 0, 3, 0, 0, 0])
Transition([6, 2, 5, 0, 0, 0, 0, 0] -- startLiveCheck --> [6, 3, 5, 1, 0, 1, 0, 0])
Transition([4, 1, 6, 0, 3, 0, 0, 0] -- checkSafeOk --> [4, 2, 6, 0, 0, 0, 0, 0])
Transition([6, 3, 5, 1, 0, 1, 0, 0] -- 1.getPos.1.3 --> [6, 3, 5, 2, 0, 2, 0, 0])
Transition([4, 1, 0, 0, 3, 0, 0, 0] -- checkSafeOk --> [4, 2, 0, 0, 0, 0, 0, 0])
Transition([14, 3, 15, 1, 0, 1, 0, 0] -- 1.getPos.3.3 --> [14, 3, 15, 2, 0, 2, 0, 0])
Transition([6, 3, 14, 1, 0, 1, 0, 0] -- 1.getPos.1.3 --> [6, 3, 14, 2, 0, 2, 0, 0])
Transition([14, 3, 15, 2, 0, 2, 0, 0] -- checkLiveDone --> [14, 4, 15, 0, 0, 0, 0, 0])
Transition([6, 3, 14, 2, 0, 2, 0, 0] -- checkLiveDone --> [6, 4, 14, 0, 0, 0, 0, 0])
Transition([6, 3, 5, 2, 0, 2, 0, 0] -- checkLiveDone --> [6, 4, 5, 0, 0, 0, 0, 0])
Transition([4, 2, 6, 0, 0, 0, 0, 0] -- startLiveCheck --> [4, 3, 6, 1, 0, 1, 0, 0])
Transition([4, 2, 0, 0, 0, 0, 0, 0] -- startLiveCheck --> [4, 3, 0, 1, 0, 1, 0, 0])
Transition([4, 3, 6, 1, 0, 1, 0, 0] -- 1.getPos.1.4 --> [4, 3, 6, 2, 0, 2, 0, 0])
Transition([4, 3, 0, 1, 0, 1, 0, 0] -- 1.getPos.1.4 --> [4, 3, 0, 2, 0, 2, 0, 0])
Transition([6, 4, 14, 0, 0, 0, 0, 0] -- down --> [6, 104, 14, 0, 0, 0, 0, 0])
Transition([14, 4, 15, 0, 0, 0, 0, 0] -- down --> [14, 104, 15, 0, 0, 0, 0, 0])
Transition([6, 4, 14, 0, 0, 0, 0, 0] -- left --> [6, 38, 14, 0, 0, 0, 0, 0])
Transition([14, 4, 15, 0, 0, 0, 0, 0] -- left --> [14, 38, 15, 0, 0, 0, 0, 0])
Transition([6, 4, 14, 0, 0, 0, 0, 0] -- right --> [6, 5, 14, 0, 0, 0, 0, 0])
Transition([14, 4, 15, 0, 0, 0, 0, 0] -- right --> [14, 5, 15, 0, 0, 0, 0, 0])
Transition([6, 4, 14, 0, 0, 0, 0, 0] -- up --> [6, 71, 14, 0, 0, 0, 0, 0])
Transition([14, 4, 15, 0, 0, 0, 0, 0] -- up --> [14, 71, 15, 0, 0, 0, 0, 0])
Transition([6, 4, 5, 0, 0, 0, 0, 0] -- down --> [6, 104, 5, 0, 0, 0, 0, 0])
Transition([6, 4, 5, 0, 0, 0, 0, 0] -- left --> [6, 38, 5, 0, 0, 0, 0, 0])
Transition([6, 4, 5, 0, 0, 0, 0, 0] -- right --> [6, 5, 5, 0, 0, 0, 0, 0])
Transition([6, 4, 5, 0, 0, 0, 0, 0] -- up --> [6, 71, 5, 0, 0, 0, 0, 0])
Transition([6, 38, 14, 0, 0, 0, 0, 0] -- 0.getPos.3.3 --> [6, 66, 14, 0, 0, 0, 0, 0])
Transition([6, 71, 5, 0, 0, 0, 0, 0] -- 0.getPos.3.1 --> [6, 92, 5, 0, 0, 0, 0, 0])
Transition([4, 3, 0, 2, 0, 2, 0, 0] -- checkLiveDone --> [4, 4, 0, 0, 0, 0, 0, 0])
Transition([4, 3, 6, 2, 0, 2, 0, 0] -- checkLiveDone --> [4, 4, 6, 0, 0, 0, 0, 0])
Transition([14, 38, 15, 0, 0, 0, 0, 0] -- 0.getPos.2.4 --> [14, 51, 15, 0, 0, 0, 0, 0])
Transition([6, 5, 14, 0, 0, 0, 0, 0] -- 0.getPos.3.3 --> [6, 31, 14, 0, 0, 0, 0, 0])
Transition([6, 104, 14, 0, 0, 0, 0, 0] -- 0.getPos.3.3 --> [6, 130, 14, 0, 0, 0, 0, 0])
Transition([14, 5, 15, 0, 0, 0, 0, 0] -- 0.getPos.2.4 --> [14, 18, 15, 0, 0, 0, 0, 0])
Transition([6, 104, 5, 0, 0, 0, 0, 0] -- 0.getPos.3.1 --> [6, 125, 5, 0, 0, 0, 0, 0])
Transition([6, 5, 5, 0, 0, 0, 0, 0] -- 0.getPos.3.1 --> [6, 26, 5, 0, 0, 0, 0, 0])
Transition([6, 71, 14, 0, 0, 0, 0, 0] -- 0.getPos.3.3 --> [6, 99, 14, 0, 0, 0, 0, 0])
Transition([14, 71, 15, 0, 0, 0, 0, 0] -- 0.getPos.2.4 --> [14, 86, 15, 0, 0, 0, 0, 0])
Transition([6, 38, 5, 0, 0, 0, 0, 0] -- 0.getPos.3.1 --> [6, 59, 5, 0, 0, 0, 0, 0])
Transition([14, 104, 15, 0, 0, 0, 0, 0] -- 0.getPos.2.4 --> [14, 115, 15, 0, 0, 0, 0, 0])
Transition([6, 125, 5, 0, 0, 0, 0, 0] -- 0.setPos.4.1 --> [6, 0, 1, 0, 0, 0, 0, 0])
Transition([14, 115, 15, 0, 0, 0, 0, 0] -- 0.setPos.3.4 --> [14, 0, 12, 0, 0, 0, 1, 0])
Transition([6, 130, 14, 0, 0, 0, 0, 0] -- 0.setPos.4.3 --> [6, 0, 11, 0, 0, 0, 1, 0])
Transition([4, 4, 0, 0, 0, 0, 0, 0] -- down --> [4, 104, 0, 0, 0, 0, 0, 0])
Transition([6, 66, 14, 0, 0, 0, 0, 0] -- 0.setPos.3.2 --> [6, 0, 2, 0, 0, 0, 0, 0])
Transition([4, 4, 0, 0, 0, 0, 0, 0] -- left --> [4, 38, 0, 0, 0, 0, 0, 0])
Transition([6, 92, 5, 0, 0, 0, 0, 0] -- 0.setPos.2.1 --> [6, 0, 8, 0, 0, 0, 0, 0])
Transition([4, 4, 0, 0, 0, 0, 0, 0] -- right --> [4, 5, 0, 0, 0, 0, 0, 0])
Transition([6, 31, 14, 0, 0, 0, 0, 0] -- 0.setPos.3.4 --> [6, 0, 12, 0, 0, 0, 1, 0])
Transition([4, 4, 0, 0, 0, 0, 0, 0] -- up --> [4, 71, 0, 0, 0, 0, 0, 0])
Transition([4, 4, 6, 0, 0, 0, 0, 0] -- down --> [4, 104, 6, 0, 0, 0, 0, 0])
Transition([14, 51, 15, 0, 0, 0, 0, 0] -- 0.setPos.2.3 --> [14, 0, 3, 0, 0, 0, 1, 0])
Transition([4, 4, 6, 0, 0, 0, 0, 0] -- left --> [4, 38, 6, 0, 0, 0, 0, 0])
Transition([14, 86, 15, 0, 0, 0, 0, 0] -- 0.setPos.1.4 --> [14, 0, 4, 0, 0, 0, 0, 0])
Transition([4, 4, 6, 0, 0, 0, 0, 0] -- right --> [4, 5, 6, 0, 0, 0, 0, 0])
Transition([6, 26, 5, 0, 0, 0, 0, 0] -- 0.setPos.3.2 --> [6, 0, 2, 0, 0, 0, 0, 0])
Transition([6, 99, 14, 0, 0, 0, 0, 0] -- 0.setPos.2.3 --> [6, 0, 3, 0, 0, 0, 1, 0])
Transition([4, 4, 6, 0, 0, 0, 0, 0] -- up --> [4, 71, 6, 0, 0, 0, 0, 0])
Transition([4, 5, 0, 0, 0, 0, 0, 0] -- 0.getPos.1.1 --> [4, 35, 0, 0, 0, 0, 0, 0])
Transition([4, 71, 6, 0, 0, 0, 0, 0] -- 0.getPos.2.2 --> [4, 79, 6, 0, 0, 0, 0, 0])
Transition([4, 71, 0, 0, 0, 0, 0, 0] -- 0.getPos.1.1 --> [4, 103, 0, 0, 0, 0, 0, 0])
Transition([6, 0, 11, 0, 0, 0, 1, 0] -- illegalPosition --> [6, 0, 11, 0, 0, 0, 1, 0])
Transition([4, 38, 0, 0, 0, 0, 0, 0] -- 0.getPos.1.1 --> [4, 70, 0, 0, 0, 0, 0, 0])
Transition([4, 104, 0, 0, 0, 0, 0, 0] -- 0.getPos.1.1 --> [4, 134, 0, 0, 0, 0, 0, 0])
Transition([6, 0, 1, 0, 0, 0, 0, 0] -- startSafeCheck --> [6, 1, 1, 0, 1, 0, 0, 0])
Transition([14, 0, 12, 0, 0, 0, 1, 0] -- illegalPosition --> [14, 0, 12, 0, 0, 0, 1, 0])
Transition([6, 0, 12, 0, 0, 0, 1, 0] -- illegalPosition --> [6, 0, 12, 0, 0, 0, 1, 0])
Transition([4, 5, 6, 0, 0, 0, 0, 0] -- 0.getPos.2.2 --> [4, 11, 6, 0, 0, 0, 0, 0])
Transition([4, 38, 6, 0, 0, 0, 0, 0] -- 0.getPos.2.2 --> [4, 46, 6, 0, 0, 0, 0, 0])
Transition([4, 104, 6, 0, 0, 0, 0, 0] -- 0.getPos.2.2 --> [4, 110, 6, 0, 0, 0, 0, 0])
Transition([4, 46, 6, 0, 0, 0, 0, 0] -- 0.setPos.2.1 --> [4, 0, 8, 0, 0, 0, 0, 0])
Transition([4, 110, 6, 0, 0, 0, 0, 0] -- 0.setPos.3.2 --> [4, 0, 2, 0, 0, 0, 0, 0])
Transition([6, 1, 1, 0, 1, 0, 0, 0] -- 0.getPos.4.1 --> [6, 1, 1, 0, 5, 0, 0, 0])
Transition([4, 79, 6, 0, 0, 0, 0, 0] -- 0.setPos.1.2 --> [4, 0, 9, 0, 0, 0, 0, 0])
Transition([4, 134, 0, 0, 0, 0, 0, 0] -- 0.setPos.2.1 --> [4, 0, 8, 0, 0, 0, 0, 0])
Transition([4, 35, 0, 0, 0, 0, 0, 0] -- 0.setPos.1.2 --> [4, 0, 9, 0, 0, 0, 0, 0])
Transition([4, 11, 6, 0, 0, 0, 0, 0] -- 0.setPos.2.3 --> [4, 0, 3, 0, 0, 0, 1, 0])
Transition([4, 0, 8, 0, 0, 0, 0, 0] -- startSafeCheck --> [4, 1, 8, 0, 1, 0, 0, 0])
Transition([4, 0, 2, 0, 0, 0, 0, 0] -- startSafeCheck --> [4, 1, 2, 0, 1, 0, 0, 0])
Transition([6, 1, 1, 0, 5, 0, 0, 0] -- 1.getPos.1.3 --> [6, 1, 1, 0, 3, 0, 0, 0])
Transition([4, 1, 2, 0, 1, 0, 0, 0] -- 0.getPos.3.2 --> [4, 1, 2, 0, 6, 0, 0, 0])
Transition([6, 1, 1, 0, 3, 0, 0, 0] -- checkSafeOk --> [6, 2, 1, 0, 0, 0, 0, 0])
Transition([4, 1, 8, 0, 1, 0, 0, 0] -- 0.getPos.2.1 --> [4, 1, 8, 0, 17, 0, 0, 0])
Transition([6, 2, 1, 0, 0, 0, 0, 0] -- startLiveCheck --> [6, 3, 1, 1, 0, 1, 0, 0])
Transition([4, 1, 8, 0, 17, 0, 0, 0] -- 1.getPos.1.4 --> [4, 1, 8, 0, 3, 0, 0, 0])
Transition([4, 1, 2, 0, 6, 0, 0, 0] -- 1.getPos.1.4 --> [4, 1, 2, 0, 3, 0, 0, 0])
Transition([4, 1, 8, 0, 3, 0, 0, 0] -- checkSafeOk --> [4, 2, 8, 0, 0, 0, 0, 0])
Transition([4, 1, 2, 0, 3, 0, 0, 0] -- checkSafeOk --> [4, 2, 2, 0, 0, 0, 0, 0])
Transition([6, 3, 1, 1, 0, 1, 0, 0] -- 1.getPos.1.3 --> [6, 3, 1, 2, 0, 2, 0, 0])
Transition([4, 2, 2, 0, 0, 0, 0, 0] -- startLiveCheck --> [4, 3, 2, 1, 0, 1, 0, 0])
Transition([6, 3, 1, 2, 0, 2, 0, 0] -- checkLiveDone --> [6, 4, 1, 0, 0, 0, 0, 0])
Transition([4, 2, 8, 0, 0, 0, 0, 0] -- startLiveCheck --> [4, 3, 8, 1, 0, 1, 0, 0])
Transition([6, 4, 1, 0, 0, 0, 0, 0] -- down --> [6, 104, 1, 0, 0, 0, 0, 0])
Transition([4, 3, 8, 1, 0, 1, 0, 0] -- 1.getPos.1.4 --> [4, 3, 8, 2, 0, 2, 0, 0])
Transition([6, 4, 1, 0, 0, 0, 0, 0] -- left --> [6, 38, 1, 0, 0, 0, 0, 0])
Transition([4, 3, 2, 1, 0, 1, 0, 0] -- 1.getPos.1.4 --> [4, 3, 2, 2, 0, 2, 0, 0])
Transition([6, 4, 1, 0, 0, 0, 0, 0] -- right --> [6, 5, 1, 0, 0, 0, 0, 0])
Transition([6, 4, 1, 0, 0, 0, 0, 0] -- up --> [6, 71, 1, 0, 0, 0, 0, 0])
Transition([6, 104, 1, 0, 0, 0, 0, 0] -- 0.getPos.4.1 --> [6, 106, 1, 0, 0, 0, 0, 0])
Transition([6, 71, 1, 0, 0, 0, 0, 0] -- 0.getPos.4.1 --> [6, 75, 1, 0, 0, 0, 0, 0])
Transition([6, 5, 1, 0, 0, 0, 0, 0] -- 0.getPos.4.1 --> [6, 7, 1, 0, 0, 0, 0, 0])
Transition([4, 3, 8, 2, 0, 2, 0, 0] -- checkLiveDone --> [4, 4, 8, 0, 0, 0, 0, 0])
Transition([6, 38, 1, 0, 0, 0, 0, 0] -- 0.getPos.4.1 --> [6, 42, 1, 0, 0, 0, 0, 0])
Transition([4, 3, 2, 2, 0, 2, 0, 0] -- checkLiveDone --> [4, 4, 2, 0, 0, 0, 0, 0])
Transition([6, 75, 1, 0, 0, 0, 0, 0] -- 0.setPos.3.1 --> [6, 0, 5, 0, 0, 0, 0, 0])
Transition([4, 4, 2, 0, 0, 0, 0, 0] -- down --> [4, 104, 2, 0, 0, 0, 0, 0])
Transition([4, 4, 8, 0, 0, 0, 0, 0] -- down --> [4, 104, 8, 0, 0, 0, 0, 0])
Transition([4, 4, 2, 0, 0, 0, 0, 0] -- left --> [4, 38, 2, 0, 0, 0, 0, 0])
Transition([4, 4, 8, 0, 0, 0, 0, 0] -- left --> [4, 38, 8, 0, 0, 0, 0, 0])
Transition([6, 7, 1, 0, 0, 0, 0, 0] -- 0.setPos.4.2 --> [6, 0, 13, 0, 0, 0, 1, 0])
Transition([4, 4, 8, 0, 0, 0, 0, 0] -- right --> [4, 5, 8, 0, 0, 0, 0, 0])
Transition([4, 4, 2, 0, 0, 0, 0, 0] -- right --> [4, 5, 2, 0, 0, 0, 0, 0])
Transition([4, 4, 8, 0, 0, 0, 0, 0] -- up --> [4, 71, 8, 0, 0, 0, 0, 0])
Transition([4, 4, 2, 0, 0, 0, 0, 0] -- up --> [4, 71, 2, 0, 0, 0, 0, 0])
Transition([4, 71, 8, 0, 0, 0, 0, 0] -- 0.getPos.2.1 --> [4, 87, 8, 0, 0, 0, 0, 0])
Transition([4, 71, 2, 0, 0, 0, 0, 0] -- 0.getPos.3.2 --> [4, 88, 2, 0, 0, 0, 0, 0])
Transition([4, 104, 8, 0, 0, 0, 0, 0] -- 0.getPos.2.1 --> [4, 118, 8, 0, 0, 0, 0, 0])
Transition([4, 104, 2, 0, 0, 0, 0, 0] -- 0.getPos.3.2 --> [4, 121, 2, 0, 0, 0, 0, 0])
Transition([4, 38, 2, 0, 0, 0, 0, 0] -- 0.getPos.3.2 --> [4, 55, 2, 0, 0, 0, 0, 0])
Transition([4, 38, 8, 0, 0, 0, 0, 0] -- 0.getPos.2.1 --> [4, 54, 8, 0, 0, 0, 0, 0])
Transition([4, 5, 8, 0, 0, 0, 0, 0] -- 0.getPos.2.1 --> [4, 19, 8, 0, 0, 0, 0, 0])
Transition([4, 5, 2, 0, 0, 0, 0, 0] -- 0.getPos.3.2 --> [4, 22, 2, 0, 0, 0, 0, 0])
Transition([4, 19, 8, 0, 0, 0, 0, 0] -- 0.setPos.2.2 --> [4, 0, 6, 0, 0, 0, 0, 0])
Transition([4, 22, 2, 0, 0, 0, 0, 0] -- 0.setPos.3.3 --> [4, 0, 14, 0, 0, 0, 0, 0])
Transition([4, 121, 2, 0, 0, 0, 0, 0] -- 0.setPos.4.2 --> [4, 0, 13, 0, 0, 0, 1, 0])
Transition([4, 118, 8, 0, 0, 0, 0, 0] -- 0.setPos.3.1 --> [4, 0, 5, 0, 0, 0, 0, 0])
Transition([4, 87, 8, 0, 0, 0, 0, 0] -- 0.setPos.1.1 --> [4, 0, 0, 0, 0, 0, 0, 0])
Transition([4, 88, 2, 0, 0, 0, 0, 0] -- 0.setPos.2.2 --> [4, 0, 6, 0, 0, 0, 0, 0])
Transition([4, 55, 2, 0, 0, 0, 0, 0] -- 0.setPos.3.1 --> [4, 0, 5, 0, 0, 0, 0, 0])
Transition([4, 0, 14, 0, 0, 0, 0, 0] -- startSafeCheck --> [4, 1, 14, 0, 1, 0, 0, 0])
Transition([4, 0, 13, 0, 0, 0, 1, 0] -- illegalPosition --> [4, 0, 13, 0, 0, 0, 1, 0])
Transition([4, 0, 5, 0, 0, 0, 0, 0] -- startSafeCheck --> [4, 1, 5, 0, 1, 0, 0, 0])
Transition([4, 1, 14, 0, 1, 0, 0, 0] -- 0.getPos.3.3 --> [4, 1, 14, 0, 15, 0, 0, 0])
Transition([4, 1, 5, 0, 1, 0, 0, 0] -- 0.getPos.3.1 --> [4, 1, 5, 0, 9, 0, 0, 0])
Transition([4, 1, 14, 0, 15, 0, 0, 0] -- 1.getPos.1.4 --> [4, 1, 14, 0, 3, 0, 0, 0])
Transition([4, 1, 5, 0, 9, 0, 0, 0] -- 1.getPos.1.4 --> [4, 1, 5, 0, 3, 0, 0, 0])
Transition([4, 1, 14, 0, 3, 0, 0, 0] -- checkSafeOk --> [4, 2, 14, 0, 0, 0, 0, 0])
Transition([4, 1, 5, 0, 3, 0, 0, 0] -- checkSafeOk --> [4, 2, 5, 0, 0, 0, 0, 0])
Transition([4, 2, 14, 0, 0, 0, 0, 0] -- startLiveCheck --> [4, 3, 14, 1, 0, 1, 0, 0])
Transition([4, 2, 5, 0, 0, 0, 0, 0] -- startLiveCheck --> [4, 3, 5, 1, 0, 1, 0, 0])
Transition([4, 3, 14, 1, 0, 1, 0, 0] -- 1.getPos.1.4 --> [4, 3, 14, 2, 0, 2, 0, 0])
Transition([4, 3, 5, 1, 0, 1, 0, 0] -- 1.getPos.1.4 --> [4, 3, 5, 2, 0, 2, 0, 0])
Transition([4, 3, 14, 2, 0, 2, 0, 0] -- checkLiveDone --> [4, 4, 14, 0, 0, 0, 0, 0])
Transition([4, 3, 5, 2, 0, 2, 0, 0] -- checkLiveDone --> [4, 4, 5, 0, 0, 0, 0, 0])
Transition([4, 4, 14, 0, 0, 0, 0, 0] -- down --> [4, 104, 14, 0, 0, 0, 0, 0])
Transition([4, 4, 5, 0, 0, 0, 0, 0] -- down --> [4, 104, 5, 0, 0, 0, 0, 0])
Transition([4, 4, 14, 0, 0, 0, 0, 0] -- left --> [4, 38, 14, 0, 0, 0, 0, 0])
Transition([4, 4, 5, 0, 0, 0, 0, 0] -- left --> [4, 38, 5, 0, 0, 0, 0, 0])
Transition([4, 4, 14, 0, 0, 0, 0, 0] -- right --> [4, 5, 14, 0, 0, 0, 0, 0])
Transition([4, 4, 5, 0, 0, 0, 0, 0] -- right --> [4, 5, 5, 0, 0, 0, 0, 0])
Transition([4, 4, 14, 0, 0, 0, 0, 0] -- up --> [4, 71, 14, 0, 0, 0, 0, 0])
Transition([4, 4, 5, 0, 0, 0, 0, 0] -- up --> [4, 71, 5, 0, 0, 0, 0, 0])
Transition([4, 71, 14, 0, 0, 0, 0, 0] -- 0.getPos.3.3 --> [4, 99, 14, 0, 0, 0, 0, 0])
Transition([4, 71, 5, 0, 0, 0, 0, 0] -- 0.getPos.3.1 --> [4, 92, 5, 0, 0, 0, 0, 0])
Transition([4, 38, 14, 0, 0, 0, 0, 0] -- 0.getPos.3.3 --> [4, 66, 14, 0, 0, 0, 0, 0])
Transition([4, 104, 14, 0, 0, 0, 0, 0] -- 0.getPos.3.3 --> [4, 130, 14, 0, 0, 0, 0, 0])
Transition([4, 38, 5, 0, 0, 0, 0, 0] -- 0.getPos.3.1 --> [4, 59, 5, 0, 0, 0, 0, 0])
Transition([4, 104, 5, 0, 0, 0, 0, 0] -- 0.getPos.3.1 --> [4, 125, 5, 0, 0, 0, 0, 0])
Transition([4, 5, 5, 0, 0, 0, 0, 0] -- 0.getPos.3.1 --> [4, 26, 5, 0, 0, 0, 0, 0])
Transition([4, 5, 14, 0, 0, 0, 0, 0] -- 0.getPos.3.3 --> [4, 31, 14, 0, 0, 0, 0, 0])
Transition([4, 26, 5, 0, 0, 0, 0, 0] -- 0.setPos.3.2 --> [4, 0, 2, 0, 0, 0, 0, 0])
Transition([4, 31, 14, 0, 0, 0, 0, 0] -- 0.setPos.3.4 --> [4, 0, 12, 0, 0, 0, 1, 0])
Transition([4, 130, 14, 0, 0, 0, 0, 0] -- 0.setPos.4.3 --> [4, 0, 11, 0, 0, 0, 1, 0])
Transition([4, 66, 14, 0, 0, 0, 0, 0] -- 0.setPos.3.2 --> [4, 0, 2, 0, 0, 0, 0, 0])
Transition([4, 99, 14, 0, 0, 0, 0, 0] -- 0.setPos.2.3 --> [4, 0, 3, 0, 0, 0, 1, 0])
Transition([4, 92, 5, 0, 0, 0, 0, 0] -- 0.setPos.2.1 --> [4, 0, 8, 0, 0, 0, 0, 0])
Transition([4, 125, 5, 0, 0, 0, 0, 0] -- 0.setPos.4.1 --> [4, 0, 1, 0, 0, 0, 0, 0])
Transition([4, 0, 12, 0, 0, 0, 1, 0] -- illegalPosition --> [4, 0, 12, 0, 0, 0, 1, 0])
Transition([4, 0, 1, 0, 0, 0, 0, 0] -- startSafeCheck --> [4, 1, 1, 0, 1, 0, 0, 0])
Transition([4, 0, 11, 0, 0, 0, 1, 0] -- illegalPosition --> [4, 0, 11, 0, 0, 0, 1, 0])
Transition([4, 1, 1, 0, 1, 0, 0, 0] -- 0.getPos.4.1 --> [4, 1, 1, 0, 5, 0, 0, 0])
Transition([4, 1, 1, 0, 5, 0, 0, 0] -- 1.getPos.1.4 --> [4, 1, 1, 0, 3, 0, 0, 0])
Transition([4, 1, 1, 0, 3, 0, 0, 0] -- checkSafeOk --> [4, 2, 1, 0, 0, 0, 0, 0])
Transition([4, 2, 1, 0, 0, 0, 0, 0] -- startLiveCheck --> [4, 3, 1, 1, 0, 1, 0, 0])
Transition([4, 3, 1, 1, 0, 1, 0, 0] -- 1.getPos.1.4 --> [4, 3, 1, 2, 0, 2, 0, 0])
Transition([4, 3, 1, 2, 0, 2, 0, 0] -- checkLiveDone --> [4, 4, 1, 0, 0, 0, 0, 0])
Transition([4, 4, 1, 0, 0, 0, 0, 0] -- down --> [4, 104, 1, 0, 0, 0, 0, 0])
Transition([4, 4, 1, 0, 0, 0, 0, 0] -- left --> [4, 38, 1, 0, 0, 0, 0, 0])
Transition([4, 4, 1, 0, 0, 0, 0, 0] -- right --> [4, 5, 1, 0, 0, 0, 0, 0])
Transition([4, 4, 1, 0, 0, 0, 0, 0] -- up --> [4, 71, 1, 0, 0, 0, 0, 0])
Transition([4, 38, 1, 0, 0, 0, 0, 0] -- 0.getPos.4.1 --> [4, 42, 1, 0, 0, 0, 0, 0])
Transition([4, 71, 1, 0, 0, 0, 0, 0] -- 0.getPos.4.1 --> [4, 75, 1, 0, 0, 0, 0, 0])
Transition([4, 5, 1, 0, 0, 0, 0, 0] -- 0.getPos.4.1 --> [4, 7, 1, 0, 0, 0, 0, 0])
Transition([4, 104, 1, 0, 0, 0, 0, 0] -- 0.getPos.4.1 --> [4, 106, 1, 0, 0, 0, 0, 0])
Transition([4, 7, 1, 0, 0, 0, 0, 0] -- 0.setPos.4.2 --> [4, 0, 13, 0, 0, 0, 1, 0])
Transition([4, 75, 1, 0, 0, 0, 0, 0] -- 0.setPos.3.1 --> [4, 0, 5, 0, 0, 0, 0, 0])
