Transition([0, 0, 0, 0, 0, 0, 0, 0] -- startSafeCheck --> [0, 1, 0, 0, 1, 0, 0, 0])
Transition([0, 1, 0, 0, 1, 0, 0, 0] -- 0.getPos.1.1 --> [0, 1, 0, 0, 28, 0, 0, 0])
Transition([0, 1, 0, 0, 28, 0, 0, 0] -- 1.getPos.4.3 --> [0, 1, 0, 0, 4, 0, 0, 0])
Transition([0, 1, 0, 0, 4, 0, 0, 0] -- checkSafeOk --> [0, 2, 0, 0, 0, 0, 0, 0])
Transition([0, 2, 0, 0, 0, 0, 0, 0] -- startLiveCheck --> [0, 3, 0, 1, 0, 1, 0, 0])
Transition([0, 3, 0, 1, 0, 1, 0, 0] -- 1.getPos.4.3 --> [0, 3, 0, 3, 0, 3, 0, 0])
Transition([0, 3, 0, 3, 0, 3, 0, 0] -- checkLiveDone --> [0, 4, 0, 0, 0, 0, 0, 0])
Transition([0, 4, 0, 0, 0, 0, 0, 0] -- down --> [0, 61, 0, 0, 0, 0, 0, 0])
Transition([0, 4, 0, 0, 0, 0, 0, 0] -- left --> [0, 173, 0, 0, 0, 0, 0, 0])
Transition([0, 4, 0, 0, 0, 0, 0, 0] -- right --> [0, 117, 0, 0, 0, 0, 0, 0])
Transition([0, 4, 0, 0, 0, 0, 0, 0] -- up --> [0, 5, 0, 0, 0, 0, 0, 0])
Transition([0, 173, 0, 0, 0, 0, 0, 0] -- 0.getPos.1.1 --> [0, 206, 0, 0, 0, 0, 0, 0])
Transition([0, 5, 0, 0, 0, 0, 0, 0] -- 0.getPos.1.1 --> [0, 30, 0, 0, 0, 0, 0, 0])
Transition([0, 117, 0, 0, 0, 0, 0, 0] -- 0.getPos.1.1 --> [0, 148, 0, 0, 0, 0, 0, 0])
Transition([0, 61, 0, 0, 0, 0, 0, 0] -- 0.getPos.1.1 --> [0, 94, 0, 0, 0, 0, 0, 0])
Transition([0, 148, 0, 0, 0, 0, 0, 0] -- 0.setPos.1.2 --> [0, 0, 16, 0, 0, 0, 0, 0])
Transition([0, 94, 0, 0, 0, 0, 0, 0] -- 0.setPos.2.1 --> [0, 0, 4, 0, 0, 0, 0, 0])
Transition([0, 0, 16, 0, 0, 0, 0, 0] -- startSafeCheck --> [0, 1, 16, 0, 1, 0, 0, 0])
Transition([0, 0, 4, 0, 0, 0, 0, 0] -- startSafeCheck --> [0, 1, 4, 0, 1, 0, 0, 0])
Transition([0, 1, 16, 0, 1, 0, 0, 0] -- 0.getPos.1.2 --> [0, 1, 16, 0, 27, 0, 0, 0])
Transition([0, 1, 4, 0, 1, 0, 0, 0] -- 0.getPos.2.1 --> [0, 1, 4, 0, 13, 0, 0, 0])
Transition([0, 1, 16, 0, 27, 0, 0, 0] -- 1.getPos.4.3 --> [0, 1, 16, 0, 4, 0, 0, 0])
Transition([0, 1, 4, 0, 13, 0, 0, 0] -- 1.getPos.4.3 --> [0, 1, 4, 0, 4, 0, 0, 0])
Transition([0, 1, 16, 0, 4, 0, 0, 0] -- checkSafeOk --> [0, 2, 16, 0, 0, 0, 0, 0])
Transition([0, 1, 4, 0, 4, 0, 0, 0] -- checkSafeOk --> [0, 2, 4, 0, 0, 0, 0, 0])
Transition([0, 2, 16, 0, 0, 0, 0, 0] -- startLiveCheck --> [0, 3, 16, 1, 0, 1, 0, 0])
Transition([0, 2, 4, 0, 0, 0, 0, 0] -- startLiveCheck --> [0, 3, 4, 1, 0, 1, 0, 0])
Transition([0, 3, 16, 1, 0, 1, 0, 0] -- 1.getPos.4.3 --> [0, 3, 16, 3, 0, 3, 0, 0])
Transition([0, 3, 4, 1, 0, 1, 0, 0] -- 1.getPos.4.3 --> [0, 3, 4, 3, 0, 3, 0, 0])
Transition([0, 3, 16, 3, 0, 3, 0, 0] -- checkLiveDone --> [0, 4, 16, 0, 0, 0, 0, 0])
Transition([0, 3, 4, 3, 0, 3, 0, 0] -- checkLiveDone --> [0, 4, 4, 0, 0, 0, 0, 0])
Transition([0, 4, 16, 0, 0, 0, 0, 0] -- down --> [0, 61, 16, 0, 0, 0, 0, 0])
Transition([0, 4, 4, 0, 0, 0, 0, 0] -- down --> [0, 61, 4, 0, 0, 0, 0, 0])
Transition([0, 4, 16, 0, 0, 0, 0, 0] -- left --> [0, 173, 16, 0, 0, 0, 0, 0])
Transition([0, 4, 4, 0, 0, 0, 0, 0] -- left --> [0, 173, 4, 0, 0, 0, 0, 0])
Transition([0, 4, 16, 0, 0, 0, 0, 0] -- right --> [0, 117, 16, 0, 0, 0, 0, 0])
Transition([0, 4, 4, 0, 0, 0, 0, 0] -- right --> [0, 117, 4, 0, 0, 0, 0, 0])
Transition([0, 4, 16, 0, 0, 0, 0, 0] -- up --> [0, 5, 16, 0, 0, 0, 0, 0])
Transition([0, 4, 4, 0, 0, 0, 0, 0] -- up --> [0, 5, 4, 0, 0, 0, 0, 0])
Transition([0, 5, 16, 0, 0, 0, 0, 0] -- 0.getPos.1.2 --> [0, 29, 16, 0, 0, 0, 0, 0])
Transition([0, 5, 4, 0, 0, 0, 0, 0] -- 0.getPos.2.1 --> [0, 10, 4, 0, 0, 0, 0, 0])
Transition([0, 117, 4, 0, 0, 0, 0, 0] -- 0.getPos.2.1 --> [0, 126, 4, 0, 0, 0, 0, 0])
Transition([0, 173, 16, 0, 0, 0, 0, 0] -- 0.getPos.1.2 --> [0, 205, 16, 0, 0, 0, 0, 0])
Transition([0, 61, 16, 0, 0, 0, 0, 0] -- 0.getPos.1.2 --> [0, 91, 16, 0, 0, 0, 0, 0])
Transition([0, 173, 4, 0, 0, 0, 0, 0] -- 0.getPos.2.1 --> [0, 184, 4, 0, 0, 0, 0, 0])
Transition([0, 61, 4, 0, 0, 0, 0, 0] -- 0.getPos.2.1 --> [0, 74, 4, 0, 0, 0, 0, 0])
Transition([0, 117, 16, 0, 0, 0, 0, 0] -- 0.getPos.1.2 --> [0, 145, 16, 0, 0, 0, 0, 0])
Transition([0, 74, 4, 0, 0, 0, 0, 0] -- 0.setPos.3.1 --> [0, 0, 14, 0, 0, 0, 0, 0])
Transition([0, 145, 16, 0, 0, 0, 0, 0] -- 0.setPos.1.3 --> [0, 0, 15, 0, 0, 0, 0, 0])
Transition([0, 205, 16, 0, 0, 0, 0, 0] -- 0.setPos.1.1 --> [0, 0, 0, 0, 0, 0, 0, 0])
Transition([0, 10, 4, 0, 0, 0, 0, 0] -- 0.setPos.1.1 --> [0, 0, 0, 0, 0, 0, 0, 0])
Transition([0, 126, 4, 0, 0, 0, 0, 0] -- 0.setPos.2.2 --> [0, 0, 3, 0, 0, 0, 0, 0])
Transition([0, 91, 16, 0, 0, 0, 0, 0] -- 0.setPos.2.2 --> [0, 0, 3, 0, 0, 0, 0, 0])
Transition([0, 0, 3, 0, 0, 0, 0, 0] -- startSafeCheck --> [0, 1, 3, 0, 1, 0, 0, 0])
Transition([0, 0, 14, 0, 0, 0, 0, 0] -- startSafeCheck --> [0, 1, 14, 0, 1, 0, 0, 0])
Transition([0, 0, 15, 0, 0, 0, 0, 0] -- startSafeCheck --> [0, 1, 15, 0, 1, 0, 0, 0])
Transition([0, 1, 14, 0, 1, 0, 0, 0] -- 0.getPos.3.1 --> [0, 1, 14, 0, 20, 0, 0, 0])
Transition([0, 1, 15, 0, 1, 0, 0, 0] -- 0.getPos.1.3 --> [0, 1, 15, 0, 21, 0, 0, 0])
Transition([0, 1, 3, 0, 1, 0, 0, 0] -- 0.getPos.2.2 --> [0, 1, 3, 0, 8, 0, 0, 0])
Transition([0, 1, 15, 0, 21, 0, 0, 0] -- 1.getPos.4.3 --> [0, 1, 15, 0, 4, 0, 0, 0])
Transition([0, 1, 3, 0, 8, 0, 0, 0] -- 1.getPos.4.3 --> [0, 1, 3, 0, 4, 0, 0, 0])
Transition([0, 1, 14, 0, 20, 0, 0, 0] -- 1.getPos.4.3 --> [0, 1, 14, 0, 4, 0, 0, 0])
Transition([0, 1, 3, 0, 4, 0, 0, 0] -- checkSafeOk --> [0, 2, 3, 0, 0, 0, 0, 0])
Transition([0, 1, 14, 0, 4, 0, 0, 0] -- checkSafeOk --> [0, 2, 14, 0, 0, 0, 0, 0])
Transition([0, 1, 15, 0, 4, 0, 0, 0] -- checkSafeOk --> [0, 2, 15, 0, 0, 0, 0, 0])
Transition([0, 2, 14, 0, 0, 0, 0, 0] -- startLiveCheck --> [0, 3, 14, 1, 0, 1, 0, 0])
Transition([0, 2, 15, 0, 0, 0, 0, 0] -- startLiveCheck --> [0, 3, 15, 1, 0, 1, 0, 0])
Transition([0, 2, 3, 0, 0, 0, 0, 0] -- startLiveCheck --> [0, 3, 3, 1, 0, 1, 0, 0])
Transition([0, 3, 15, 1, 0, 1, 0, 0] -- 1.getPos.4.3 --> [0, 3, 15, 3, 0, 3, 0, 0])
Transition([0, 3, 3, 1, 0, 1, 0, 0] -- 1.getPos.4.3 --> [0, 3, 3, 3, 0, 3, 0, 0])
Transition([0, 3, 14, 1, 0, 1, 0, 0] -- 1.getPos.4.3 --> [0, 3, 14, 3, 0, 3, 0, 0])
Transition([0, 3, 3, 3, 0, 3, 0, 0] -- checkLiveDone --> [0, 4, 3, 0, 0, 0, 0, 0])
Transition([0, 3, 14, 3, 0, 3, 0, 0] -- checkLiveDone --> [0, 4, 14, 0, 0, 0, 0, 0])
Transition([0, 3, 15, 3, 0, 3, 0, 0] -- checkLiveDone --> [0, 4, 15, 0, 0, 0, 0, 0])
Transition([0, 4, 14, 0, 0, 0, 0, 0] -- down --> [0, 61, 14, 0, 0, 0, 0, 0])
Transition([0, 4, 15, 0, 0, 0, 0, 0] -- down --> [0, 61, 15, 0, 0, 0, 0, 0])
Transition([0, 4, 14, 0, 0, 0, 0, 0] -- left --> [0, 173, 14, 0, 0, 0, 0, 0])
Transition([0, 4, 15, 0, 0, 0, 0, 0] -- left --> [0, 173, 15, 0, 0, 0, 0, 0])
Transition([0, 4, 3, 0, 0, 0, 0, 0] -- down --> [0, 61, 3, 0, 0, 0, 0, 0])
Transition([0, 4, 15, 0, 0, 0, 0, 0] -- right --> [0, 117, 15, 0, 0, 0, 0, 0])
Transition([0, 4, 3, 0, 0, 0, 0, 0] -- left --> [0, 173, 3, 0, 0, 0, 0, 0])
Transition([0, 4, 15, 0, 0, 0, 0, 0] -- up --> [0, 5, 15, 0, 0, 0, 0, 0])
Transition([0, 4, 3, 0, 0, 0, 0, 0] -- right --> [0, 117, 3, 0, 0, 0, 0, 0])
Transition([0, 4, 14, 0, 0, 0, 0, 0] -- right --> [0, 117, 14, 0, 0, 0, 0, 0])
Transition([0, 4, 3, 0, 0, 0, 0, 0] -- up --> [0, 5, 3, 0, 0, 0, 0, 0])
Transition([0, 4, 14, 0, 0, 0, 0, 0] -- up --> [0, 5, 14, 0, 0, 0, 0, 0])
Transition([0, 5, 3, 0, 0, 0, 0, 0] -- 0.getPos.2.2 --> [0, 7, 3, 0, 0, 0, 0, 0])
Transition([0, 5, 14, 0, 0, 0, 0, 0] -- 0.getPos.3.1 --> [0, 52, 14, 0, 0, 0, 0, 0])
Transition([0, 61, 14, 0, 0, 0, 0, 0] -- 0.getPos.3.1 --> [0, 108, 14, 0, 0, 0, 0, 0])
Transition([0, 61, 15, 0, 0, 0, 0, 0] -- 0.getPos.1.3 --> [0, 83, 15, 0, 0, 0, 0, 0])
Transition([0, 117, 15, 0, 0, 0, 0, 0] -- 0.getPos.1.3 --> [0, 135, 15, 0, 0, 0, 0, 0])
Transition([0, 173, 3, 0, 0, 0, 0, 0] -- 0.getPos.2.2 --> [0, 177, 3, 0, 0, 0, 0, 0])
Transition([0, 173, 14, 0, 0, 0, 0, 0] -- 0.getPos.3.1 --> [0, 222, 14, 0, 0, 0, 0, 0])
Transition([0, 117, 3, 0, 0, 0, 0, 0] -- 0.getPos.2.2 --> [0, 121, 3, 0, 0, 0, 0, 0])
Transition([0, 117, 14, 0, 0, 0, 0, 0] -- 0.getPos.3.1 --> [0, 166, 14, 0, 0, 0, 0, 0])
Transition([0, 173, 15, 0, 0, 0, 0, 0] -- 0.getPos.1.3 --> [0, 197, 15, 0, 0, 0, 0, 0])
Transition([0, 5, 15, 0, 0, 0, 0, 0] -- 0.getPos.1.3 --> [0, 21, 15, 0, 0, 0, 0, 0])
Transition([0, 61, 3, 0, 0, 0, 0, 0] -- 0.getPos.2.2 --> [0, 65, 3, 0, 0, 0, 0, 0])
Transition([0, 83, 15, 0, 0, 0, 0, 0] -- 0.setPos.2.3 --> [0, 0, 2, 0, 0, 0, 0, 0])
Transition([0, 65, 3, 0, 0, 0, 0, 0] -- 0.setPos.3.2 --> [0, 0, 12, 0, 0, 0, 0, 0])
Transition([0, 135, 15, 0, 0, 0, 0, 0] -- 0.setPos.1.4 --> [0, 0, 13, 0, 0, 0, 0, 0])
Transition([0, 108, 14, 0, 0, 0, 0, 0] -- 0.setPos.4.1 --> [0, 0, 1, 0, 0, 0, 0, 0])
Transition([0, 7, 3, 0, 0, 0, 0, 0] -- 0.setPos.1.2 --> [0, 0, 16, 0, 0, 0, 0, 0])
Transition([0, 52, 14, 0, 0, 0, 0, 0] -- 0.setPos.2.1 --> [0, 0, 4, 0, 0, 0, 0, 0])
Transition([0, 177, 3, 0, 0, 0, 0, 0] -- 0.setPos.2.1 --> [0, 0, 4, 0, 0, 0, 0, 0])
Transition([0, 197, 15, 0, 0, 0, 0, 0] -- 0.setPos.1.2 --> [0, 0, 16, 0, 0, 0, 0, 0])
Transition([0, 166, 14, 0, 0, 0, 0, 0] -- 0.setPos.3.2 --> [0, 0, 12, 0, 0, 0, 0, 0])
Transition([0, 121, 3, 0, 0, 0, 0, 0] -- 0.setPos.2.3 --> [0, 0, 2, 0, 0, 0, 0, 0])
Transition([0, 0, 1, 0, 0, 0, 0, 0] -- startSafeCheck --> [0, 1, 1, 0, 1, 0, 0, 0])
Transition([0, 0, 13, 0, 0, 0, 0, 0] -- startSafeCheck --> [0, 1, 13, 0, 1, 0, 0, 0])
Transition([0, 0, 12, 0, 0, 0, 0, 0] -- startSafeCheck --> [0, 1, 12, 0, 1, 0, 0, 0])
Transition([0, 0, 2, 0, 0, 0, 0, 0] -- startSafeCheck --> [0, 1, 2, 0, 1, 0, 0, 0])
Transition([0, 1, 12, 0, 1, 0, 0, 0] -- 0.getPos.3.2 --> [0, 1, 12, 0, 18, 0, 0, 0])
Transition([0, 1, 2, 0, 1, 0, 0, 0] -- 0.getPos.2.3 --> [0, 1, 2, 0, 7, 0, 0, 0])
Transition([0, 1, 1, 0, 1, 0, 0, 0] -- 0.getPos.4.1 --> [0, 1, 1, 0, 6, 0, 0, 0])
Transition([0, 1, 13, 0, 1, 0, 0, 0] -- 0.getPos.1.4 --> [0, 1, 13, 0, 19, 0, 0, 0])
Transition([0, 1, 1, 0, 6, 0, 0, 0] -- 1.getPos.4.3 --> [0, 1, 1, 0, 4, 0, 0, 0])
Transition([0, 1, 13, 0, 19, 0, 0, 0] -- 1.getPos.4.3 --> [0, 1, 13, 0, 4, 0, 0, 0])
Transition([0, 1, 12, 0, 18, 0, 0, 0] -- 1.getPos.4.3 --> [0, 1, 12, 0, 4, 0, 0, 0])
Transition([0, 1, 2, 0, 7, 0, 0, 0] -- 1.getPos.4.3 --> [0, 1, 2, 0, 4, 0, 0, 0])
Transition([0, 1, 12, 0, 4, 0, 0, 0] -- checkSafeOk --> [0, 2, 12, 0, 0, 0, 0, 0])
Transition([0, 1, 2, 0, 4, 0, 0, 0] -- checkSafeOk --> [0, 2, 2, 0, 0, 0, 0, 0])
Transition([0, 1, 1, 0, 4, 0, 0, 0] -- checkSafeOk --> [0, 2, 1, 0, 0, 0, 0, 0])
Transition([0, 1, 13, 0, 4, 0, 0, 0] -- checkSafeOk --> [0, 2, 13, 0, 0, 0, 0, 0])
Transition([0, 2, 1, 0, 0, 0, 0, 0] -- startLiveCheck --> [0, 3, 1, 1, 0, 1, 0, 0])
Transition([0, 2, 13, 0, 0, 0, 0, 0] -- startLiveCheck --> [0, 3, 13, 1, 0, 1, 0, 0])
Transition([0, 2, 12, 0, 0, 0, 0, 0] -- startLiveCheck --> [0, 3, 12, 1, 0, 1, 0, 0])
Transition([0, 2, 2, 0, 0, 0, 0, 0] -- startLiveCheck --> [0, 3, 2, 1, 0, 1, 0, 0])
Transition([0, 3, 12, 1, 0, 1, 0, 0] -- 1.getPos.4.3 --> [0, 3, 12, 3, 0, 3, 0, 0])
Transition([0, 3, 2, 1, 0, 1, 0, 0] -- 1.getPos.4.3 --> [0, 3, 2, 3, 0, 3, 0, 0])
Transition([0, 3, 1, 1, 0, 1, 0, 0] -- 1.getPos.4.3 --> [0, 3, 1, 3, 0, 3, 0, 0])
Transition([0, 3, 13, 1, 0, 1, 0, 0] -- 1.getPos.4.3 --> [0, 3, 13, 3, 0, 3, 0, 0])
Transition([0, 3, 1, 3, 0, 3, 0, 0] -- checkLiveDone --> [0, 4, 1, 0, 0, 0, 0, 0])
Transition([0, 3, 13, 3, 0, 3, 0, 0] -- checkLiveDone --> [0, 4, 13, 0, 0, 0, 0, 0])
Transition([0, 3, 12, 3, 0, 3, 0, 0] -- checkLiveDone --> [0, 4, 12, 0, 0, 0, 0, 0])
Transition([0, 3, 2, 3, 0, 3, 0, 0] -- checkLiveDone --> [0, 4, 2, 0, 0, 0, 0, 0])
Transition([0, 4, 12, 0, 0, 0, 0, 0] -- down --> [0, 61, 12, 0, 0, 0, 0, 0])
Transition([0, 4, 2, 0, 0, 0, 0, 0] -- down --> [0, 61, 2, 0, 0, 0, 0, 0])
Transition([0, 4, 12, 0, 0, 0, 0, 0] -- left --> [0, 173, 12, 0, 0, 0, 0, 0])
Transition([0, 4, 2, 0, 0, 0, 0, 0] -- left --> [0, 173, 2, 0, 0, 0, 0, 0])
Transition([0, 4, 12, 0, 0, 0, 0, 0] -- right --> [0, 117, 12, 0, 0, 0, 0, 0])
Transition([0, 4, 1, 0, 0, 0, 0, 0] -- down --> [0, 61, 1, 0, 0, 0, 0, 0])
Transition([0, 4, 2, 0, 0, 0, 0, 0] -- right --> [0, 117, 2, 0, 0, 0, 0, 0])
Transition([0, 4, 12, 0, 0, 0, 0, 0] -- up --> [0, 5, 12, 0, 0, 0, 0, 0])
Transition([0, 4, 1, 0, 0, 0, 0, 0] -- left --> [0, 173, 1, 0, 0, 0, 0, 0])
Transition([0, 4, 2, 0, 0, 0, 0, 0] -- up --> [0, 5, 2, 0, 0, 0, 0, 0])
Transition([0, 4, 13, 0, 0, 0, 0, 0] -- down --> [0, 61, 13, 0, 0, 0, 0, 0])
Transition([0, 4, 1, 0, 0, 0, 0, 0] -- right --> [0, 117, 1, 0, 0, 0, 0, 0])
Transition([0, 4, 13, 0, 0, 0, 0, 0] -- left --> [0, 173, 13, 0, 0, 0, 0, 0])
Transition([0, 4, 1, 0, 0, 0, 0, 0] -- up --> [0, 5, 1, 0, 0, 0, 0, 0])
Transition([0, 4, 13, 0, 0, 0, 0, 0] -- right --> [0, 117, 13, 0, 0, 0, 0, 0])
Transition([0, 4, 13, 0, 0, 0, 0, 0] -- up --> [0, 5, 13, 0, 0, 0, 0, 0])
Transition([0, 117, 12, 0, 0, 0, 0, 0] -- 0.getPos.3.2 --> [0, 163, 12, 0, 0, 0, 0, 0])
Transition([0, 5, 13, 0, 0, 0, 0, 0] -- 0.getPos.1.4 --> [0, 20, 13, 0, 0, 0, 0, 0])
Transition([0, 5, 1, 0, 0, 0, 0, 0] -- 0.getPos.4.1 --> [0, 37, 1, 0, 0, 0, 0, 0])
Transition([0, 117, 13, 0, 0, 0, 0, 0] -- 0.getPos.1.4 --> [0, 134, 13, 0, 0, 0, 0, 0])
Transition([0, 5, 12, 0, 0, 0, 0, 0] -- 0.getPos.3.2 --> [0, 49, 12, 0, 0, 0, 0, 0])
Transition([0, 61, 12, 0, 0, 0, 0, 0] -- 0.getPos.3.2 --> [0, 105, 12, 0, 0, 0, 0, 0])
Transition([0, 61, 1, 0, 0, 0, 0, 0] -- 0.getPos.4.1 --> [0, 99, 1, 0, 0, 0, 0, 0])
Transition([0, 61, 2, 0, 0, 0, 0, 0] -- 0.getPos.2.3 --> [0, 62, 2, 0, 0, 0, 0, 0])
Transition([0, 117, 2, 0, 0, 0, 0, 0] -- 0.getPos.2.3 --> [0, 118, 2, 0, 0, 0, 0, 0])
Transition([0, 173, 1, 0, 0, 0, 0, 0] -- 0.getPos.4.1 --> [0, 213, 1, 0, 0, 0, 0, 0])
Transition([0, 173, 12, 0, 0, 0, 0, 0] -- 0.getPos.3.2 --> [0, 221, 12, 0, 0, 0, 0, 0])
Transition([0, 173, 13, 0, 0, 0, 0, 0] -- 0.getPos.1.4 --> [0, 194, 13, 0, 0, 0, 0, 0])
Transition([0, 5, 2, 0, 0, 0, 0, 0] -- 0.getPos.2.3 --> [0, 6, 2, 0, 0, 0, 0, 0])
Transition([0, 61, 13, 0, 0, 0, 0, 0] -- 0.getPos.1.4 --> [0, 80, 13, 0, 0, 0, 0, 0])
Transition([0, 117, 1, 0, 0, 0, 0, 0] -- 0.getPos.4.1 --> [0, 153, 1, 0, 0, 0, 0, 0])
Transition([0, 173, 2, 0, 0, 0, 0, 0] -- 0.getPos.2.3 --> [0, 174, 2, 0, 0, 0, 0, 0])
Transition([0, 153, 1, 0, 0, 0, 0, 0] -- 0.setPos.4.2 --> [0, 0, 9, 0, 0, 0, 0, 0])
Transition([0, 174, 2, 0, 0, 0, 0, 0] -- 0.setPos.2.2 --> [0, 0, 3, 0, 0, 0, 0, 0])
Transition([0, 62, 2, 0, 0, 0, 0, 0] -- 0.setPos.3.3 --> [0, 0, 23, 0, 0, 0, 0, 0])
Transition([0, 221, 12, 0, 0, 0, 0, 0] -- 0.setPos.3.1 --> [0, 0, 14, 0, 0, 0, 0, 0])
Transition([0, 134, 13, 0, 0, 0, 0, 0] -- 0.setPos.1.5 --> [0, 0, 24, 0, 0, 0, 0, 0])
Transition([0, 118, 2, 0, 0, 0, 0, 0] -- 0.setPos.2.4 --> [0, 0, 10, 0, 0, 0, 0, 0])
Transition([0, 163, 12, 0, 0, 0, 0, 0] -- 0.setPos.3.3 --> [0, 0, 23, 0, 0, 0, 0, 0])
Transition([0, 37, 1, 0, 0, 0, 0, 0] -- 0.setPos.3.1 --> [0, 0, 14, 0, 0, 0, 0, 0])
Transition([0, 105, 12, 0, 0, 0, 0, 0] -- 0.setPos.4.2 --> [0, 0, 9, 0, 0, 0, 0, 0])
Transition([0, 99, 1, 0, 0, 0, 0, 0] -- 0.setPos.5.1 --> [0, 0, 22, 0, 0, 0, 0, 0])
Transition([0, 49, 12, 0, 0, 0, 0, 0] -- 0.setPos.2.2 --> [0, 0, 3, 0, 0, 0, 0, 0])
Transition([0, 80, 13, 0, 0, 0, 0, 0] -- 0.setPos.2.4 --> [0, 0, 10, 0, 0, 0, 0, 0])
Transition([0, 194, 13, 0, 0, 0, 0, 0] -- 0.setPos.1.3 --> [0, 0, 15, 0, 0, 0, 0, 0])
Transition([0, 6, 2, 0, 0, 0, 0, 0] -- 0.setPos.1.3 --> [0, 0, 15, 0, 0, 0, 0, 0])
Transition([0, 0, 22, 0, 0, 0, 0, 0] -- startSafeCheck --> [0, 1, 22, 0, 1, 0, 0, 0])
Transition([0, 0, 10, 0, 0, 0, 0, 0] -- startSafeCheck --> [0, 1, 10, 0, 1, 0, 0, 0])
Transition([0, 0, 23, 0, 0, 0, 0, 0] -- startSafeCheck --> [0, 1, 23, 0, 1, 0, 0, 0])
Transition([0, 0, 24, 0, 0, 0, 0, 0] -- startSafeCheck --> [0, 1, 24, 0, 1, 0, 0, 0])
Transition([0, 0, 9, 0, 0, 0, 0, 0] -- startSafeCheck --> [0, 1, 9, 0, 1, 0, 0, 0])
Transition([0, 1, 24, 0, 1, 0, 0, 0] -- 0.getPos.1.5 --> [0, 1, 24, 0, 26, 0, 0, 0])
Transition([0, 1, 9, 0, 1, 0, 0, 0] -- 0.getPos.4.2 --> [0, 1, 9, 0, 11, 0, 0, 0])
Transition([0, 1, 10, 0, 1, 0, 0, 0] -- 0.getPos.2.4 --> [0, 1, 10, 0, 12, 0, 0, 0])
Transition([0, 1, 22, 0, 1, 0, 0, 0] -- 0.getPos.5.1 --> [0, 1, 22, 0, 24, 0, 0, 0])
Transition([0, 1, 23, 0, 1, 0, 0, 0] -- 0.getPos.3.3 --> [0, 1, 23, 0, 25, 0, 0, 0])
Transition([0, 1, 22, 0, 24, 0, 0, 0] -- 1.getPos.4.3 --> [0, 1, 22, 0, 4, 0, 0, 0])
Transition([0, 1, 23, 0, 25, 0, 0, 0] -- 1.getPos.4.3 --> [0, 1, 23, 0, 4, 0, 0, 0])
Transition([0, 1, 9, 0, 11, 0, 0, 0] -- 1.getPos.4.3 --> [0, 1, 9, 0, 4, 0, 0, 0])
Transition([0, 1, 24, 0, 26, 0, 0, 0] -- 1.getPos.4.3 --> [0, 1, 24, 0, 4, 0, 0, 0])
Transition([0, 1, 10, 0, 12, 0, 0, 0] -- 1.getPos.4.3 --> [0, 1, 10, 0, 4, 0, 0, 0])
Transition([0, 1, 24, 0, 4, 0, 0, 0] -- checkSafeOk --> [0, 2, 24, 0, 0, 0, 0, 0])
Transition([0, 1, 10, 0, 4, 0, 0, 0] -- checkSafeOk --> [0, 2, 10, 0, 0, 0, 0, 0])
Transition([0, 1, 23, 0, 4, 0, 0, 0] -- checkSafeOk --> [0, 2, 23, 0, 0, 0, 0, 0])
Transition([0, 1, 22, 0, 4, 0, 0, 0] -- checkSafeOk --> [0, 2, 22, 0, 0, 0, 0, 0])
Transition([0, 1, 9, 0, 4, 0, 0, 0] -- checkSafeOk --> [0, 2, 9, 0, 0, 0, 0, 0])
Transition([0, 2, 22, 0, 0, 0, 0, 0] -- startLiveCheck --> [0, 3, 22, 1, 0, 1, 0, 0])
Transition([0, 2, 9, 0, 0, 0, 0, 0] -- startLiveCheck --> [0, 3, 9, 1, 0, 1, 0, 0])
Transition([0, 2, 10, 0, 0, 0, 0, 0] -- startLiveCheck --> [0, 3, 10, 1, 0, 1, 0, 0])
Transition([0, 2, 24, 0, 0, 0, 0, 0] -- startLiveCheck --> [0, 3, 24, 1, 0, 1, 0, 0])
Transition([0, 2, 23, 0, 0, 0, 0, 0] -- startLiveCheck --> [0, 3, 23, 1, 0, 1, 0, 0])
Transition([0, 3, 24, 1, 0, 1, 0, 0] -- 1.getPos.4.3 --> [0, 3, 24, 3, 0, 3, 0, 0])
Transition([0, 3, 23, 1, 0, 1, 0, 0] -- 1.getPos.4.3 --> [0, 3, 23, 3, 0, 3, 0, 0])
Transition([0, 3, 9, 1, 0, 1, 0, 0] -- 1.getPos.4.3 --> [0, 3, 9, 3, 0, 3, 0, 0])
Transition([0, 3, 22, 1, 0, 1, 0, 0] -- 1.getPos.4.3 --> [0, 3, 22, 3, 0, 3, 0, 0])
Transition([0, 3, 10, 1, 0, 1, 0, 0] -- 1.getPos.4.3 --> [0, 3, 10, 3, 0, 3, 0, 0])
Transition([0, 3, 22, 3, 0, 3, 0, 0] -- checkLiveDone --> [0, 4, 22, 0, 0, 0, 0, 0])
Transition([0, 3, 10, 3, 0, 3, 0, 0] -- checkLiveDone --> [0, 4, 10, 0, 0, 0, 0, 0])
Transition([0, 3, 23, 3, 0, 3, 0, 0] -- checkLiveDone --> [0, 4, 23, 0, 0, 0, 0, 0])
Transition([0, 3, 24, 3, 0, 3, 0, 0] -- checkLiveDone --> [0, 4, 24, 0, 0, 0, 0, 0])
Transition([0, 3, 9, 3, 0, 3, 0, 0] -- checkLiveDone --> [0, 4, 9, 0, 0, 0, 0, 0])
Transition([0, 4, 24, 0, 0, 0, 0, 0] -- down --> [0, 61, 24, 0, 0, 0, 0, 0])
Transition([0, 4, 9, 0, 0, 0, 0, 0] -- down --> [0, 61, 9, 0, 0, 0, 0, 0])
Transition([0, 4, 24, 0, 0, 0, 0, 0] -- left --> [0, 173, 24, 0, 0, 0, 0, 0])
Transition([0, 4, 9, 0, 0, 0, 0, 0] -- left --> [0, 173, 9, 0, 0, 0, 0, 0])
Transition([0, 4, 24, 0, 0, 0, 0, 0] -- right --> [0, 117, 24, 0, 0, 0, 0, 0])
Transition([0, 4, 9, 0, 0, 0, 0, 0] -- right --> [0, 117, 9, 0, 0, 0, 0, 0])
Transition([0, 4, 10, 0, 0, 0, 0, 0] -- down --> [0, 61, 10, 0, 0, 0, 0, 0])
Transition([0, 4, 9, 0, 0, 0, 0, 0] -- up --> [0, 5, 9, 0, 0, 0, 0, 0])
Transition([0, 4, 22, 0, 0, 0, 0, 0] -- down --> [0, 61, 22, 0, 0, 0, 0, 0])
Transition([0, 4, 24, 0, 0, 0, 0, 0] -- up --> [0, 5, 24, 0, 0, 0, 0, 0])
Transition([0, 4, 22, 0, 0, 0, 0, 0] -- left --> [0, 173, 22, 0, 0, 0, 0, 0])
Transition([0, 4, 23, 0, 0, 0, 0, 0] -- down --> [0, 61, 23, 0, 0, 0, 0, 0])
Transition([0, 4, 10, 0, 0, 0, 0, 0] -- left --> [0, 173, 10, 0, 0, 0, 0, 0])
Transition([0, 4, 22, 0, 0, 0, 0, 0] -- right --> [0, 117, 22, 0, 0, 0, 0, 0])
Transition([0, 4, 10, 0, 0, 0, 0, 0] -- right --> [0, 117, 10, 0, 0, 0, 0, 0])
Transition([0, 4, 22, 0, 0, 0, 0, 0] -- up --> [0, 5, 22, 0, 0, 0, 0, 0])
Transition([0, 4, 10, 0, 0, 0, 0, 0] -- up --> [0, 5, 10, 0, 0, 0, 0, 0])
Transition([0, 4, 23, 0, 0, 0, 0, 0] -- left --> [0, 173, 23, 0, 0, 0, 0, 0])
Transition([0, 4, 23, 0, 0, 0, 0, 0] -- right --> [0, 117, 23, 0, 0, 0, 0, 0])
Transition([0, 4, 23, 0, 0, 0, 0, 0] -- up --> [0, 5, 23, 0, 0, 0, 0, 0])
Transition([0, 117, 9, 0, 0, 0, 0, 0] -- 0.getPos.4.2 --> [0, 159, 9, 0, 0, 0, 0, 0])
Transition([0, 5, 23, 0, 0, 0, 0, 0] -- 0.getPos.3.3 --> [0, 58, 23, 0, 0, 0, 0, 0])
Transition([0, 173, 9, 0, 0, 0, 0, 0] -- 0.getPos.4.2 --> [0, 217, 9, 0, 0, 0, 0, 0])
Transition([0, 117, 24, 0, 0, 0, 0, 0] -- 0.getPos.1.5 --> [0, 144, 24, 0, 0, 0, 0, 0])
Transition([0, 5, 9, 0, 0, 0, 0, 0] -- 0.getPos.4.2 --> [0, 43, 9, 0, 0, 0, 0, 0])
Transition([0, 117, 23, 0, 0, 0, 0, 0] -- 0.getPos.3.3 --> [0, 170, 23, 0, 0, 0, 0, 0])
Transition([0, 117, 22, 0, 0, 0, 0, 0] -- 0.getPos.5.1 --> [0, 141, 22, 0, 0, 0, 0, 0])
Transition([0, 117, 10, 0, 0, 0, 0, 0] -- 0.getPos.2.4 --> [0, 125, 10, 0, 0, 0, 0, 0])
Transition([0, 61, 24, 0, 0, 0, 0, 0] -- 0.getPos.1.5 --> [0, 88, 24, 0, 0, 0, 0, 0])
Transition([0, 173, 23, 0, 0, 0, 0, 0] -- 0.getPos.3.3 --> [0, 226, 23, 0, 0, 0, 0, 0])
Transition([0, 5, 10, 0, 0, 0, 0, 0] -- 0.getPos.2.4 --> [0, 9, 10, 0, 0, 0, 0, 0])
Transition([0, 61, 9, 0, 0, 0, 0, 0] -- 0.getPos.4.2 --> [0, 101, 9, 0, 0, 0, 0, 0])
Transition([0, 61, 10, 0, 0, 0, 0, 0] -- 0.getPos.2.4 --> [0, 71, 10, 0, 0, 0, 0, 0])
Transition([0, 5, 22, 0, 0, 0, 0, 0] -- 0.getPos.5.1 --> [0, 25, 22, 0, 0, 0, 0, 0])
Transition([0, 5, 24, 0, 0, 0, 0, 0] -- 0.getPos.1.5 --> [0, 28, 24, 0, 0, 0, 0, 0])
Transition([0, 61, 22, 0, 0, 0, 0, 0] -- 0.getPos.5.1 --> [0, 87, 22, 0, 0, 0, 0, 0])
Transition([0, 173, 22, 0, 0, 0, 0, 0] -- 0.getPos.5.1 --> [0, 201, 22, 0, 0, 0, 0, 0])
Transition([0, 173, 24, 0, 0, 0, 0, 0] -- 0.getPos.1.5 --> [0, 202, 24, 0, 0, 0, 0, 0])
Transition([0, 61, 23, 0, 0, 0, 0, 0] -- 0.getPos.3.3 --> [0, 114, 23, 0, 0, 0, 0, 0])
Transition([0, 173, 10, 0, 0, 0, 0, 0] -- 0.getPos.2.4 --> [0, 181, 10, 0, 0, 0, 0, 0])
Transition([0, 114, 23, 0, 0, 0, 0, 0] -- 1.getPos.4.3 --> [0, 115, 23, 0, 0, 0, 0, 0])
Transition([0, 181, 10, 0, 0, 0, 0, 0] -- 0.setPos.2.3 --> [0, 0, 2, 0, 0, 0, 0, 0])
Transition([0, 114, 23, 0, 0, 0, 0, 0] -- 0.setPos.4.3 --> [0, 0, 7, 0, 0, 0, 0, 0])
Transition([0, 9, 10, 0, 0, 0, 0, 0] -- 0.setPos.1.4 --> [0, 0, 13, 0, 0, 0, 0, 0])
Transition([0, 141, 22, 0, 0, 0, 0, 0] -- 0.setPos.5.2 --> [0, 0, 20, 0, 0, 0, 0, 0])
Transition([0, 58, 23, 0, 0, 0, 0, 0] -- 0.setPos.2.3 --> [0, 0, 2, 0, 0, 0, 0, 0])
Transition([0, 217, 9, 0, 0, 0, 0, 0] -- 0.setPos.4.1 --> [0, 0, 1, 0, 0, 0, 0, 0])
Transition([0, 43, 9, 0, 0, 0, 0, 0] -- 0.setPos.3.2 --> [0, 0, 12, 0, 0, 0, 0, 0])
Transition([0, 71, 10, 0, 0, 0, 0, 0] -- 0.setPos.3.4 --> [0, 0, 21, 0, 0, 0, 0, 0])
Transition([0, 101, 9, 0, 0, 0, 0, 0] -- 0.setPos.5.2 --> [0, 0, 20, 0, 0, 0, 0, 0])
Transition([0, 170, 23, 0, 0, 0, 0, 0] -- 0.setPos.3.4 --> [0, 0, 21, 0, 0, 0, 0, 0])
Transition([0, 88, 24, 0, 0, 0, 0, 0] -- 0.setPos.2.5 --> [0, 0, 8, 0, 0, 0, 0, 0])
Transition([0, 226, 23, 0, 0, 0, 0, 0] -- 0.setPos.3.2 --> [0, 0, 12, 0, 0, 0, 0, 0])
Transition([0, 125, 10, 0, 0, 0, 0, 0] -- 0.setPos.2.5 --> [0, 0, 8, 0, 0, 0, 0, 0])
Transition([0, 202, 24, 0, 0, 0, 0, 0] -- 0.setPos.1.4 --> [0, 0, 13, 0, 0, 0, 0, 0])
Transition([0, 25, 22, 0, 0, 0, 0, 0] -- 0.setPos.4.1 --> [0, 0, 1, 0, 0, 0, 0, 0])
Transition([0, 159, 9, 0, 0, 0, 0, 0] -- 1.getPos.4.3 --> [0, 160, 9, 0, 0, 0, 0, 0])
Transition([0, 159, 9, 0, 0, 0, 0, 0] -- 0.setPos.4.3 --> [0, 0, 7, 0, 0, 0, 0, 0])
Transition([0, 115, 23, 0, 0, 0, 0, 0] -- 1.setPos.5.3 --> [18, 116, 23, 0, 0, 0, 0, 0])
Transition([0, 160, 9, 0, 0, 0, 0, 0] -- 1.setPos.4.4 --> [6, 161, 9, 0, 0, 0, 0, 0])
Transition([0, 0, 8, 0, 0, 0, 0, 0] -- startSafeCheck --> [0, 1, 8, 0, 1, 0, 0, 0])
Transition([0, 0, 20, 0, 0, 0, 0, 0] -- startSafeCheck --> [0, 1, 20, 0, 1, 0, 0, 0])
Transition([0, 0, 21, 0, 0, 0, 0, 0] -- startSafeCheck --> [0, 1, 21, 0, 1, 0, 0, 0])
Transition([0, 0, 7, 0, 0, 0, 0, 0] -- startSafeCheck --> [0, 1, 7, 0, 1, 0, 0, 0])
Transition([0, 1, 21, 0, 1, 0, 0, 0] -- 0.getPos.3.4 --> [0, 1, 21, 0, 23, 0, 0, 0])
Transition([0, 1, 7, 0, 1, 0, 0, 0] -- 0.getPos.4.3 --> [0, 1, 7, 0, 9, 0, 0, 0])
Transition([0, 1, 8, 0, 1, 0, 0, 0] -- 0.getPos.2.5 --> [0, 1, 8, 0, 10, 0, 0, 0])
Transition([18, 116, 23, 0, 0, 0, 0, 0] -- 0.setPos.4.3 --> [18, 0, 7, 0, 0, 0, 0, 0])
Transition([6, 161, 9, 0, 0, 0, 0, 0] -- 0.setPos.4.3 --> [6, 0, 7, 0, 0, 0, 0, 0])
Transition([0, 1, 20, 0, 1, 0, 0, 0] -- 0.getPos.5.2 --> [0, 1, 20, 0, 22, 0, 0, 0])
Transition([6, 0, 7, 0, 0, 0, 0, 0] -- startSafeCheck --> [6, 1, 7, 0, 1, 0, 0, 0])
Transition([0, 1, 20, 0, 22, 0, 0, 0] -- 1.getPos.4.3 --> [0, 1, 20, 0, 4, 0, 0, 0])
Transition([0, 1, 8, 0, 10, 0, 0, 0] -- 1.getPos.4.3 --> [0, 1, 8, 0, 4, 0, 0, 0])
Transition([0, 1, 21, 0, 23, 0, 0, 0] -- 1.getPos.4.3 --> [0, 1, 21, 0, 4, 0, 0, 0])
Transition([0, 1, 7, 0, 9, 0, 0, 0] -- 1.getPos.4.3 --> [0, 1, 7, 0, 3, 0, 0, 0])
Transition([18, 0, 7, 0, 0, 0, 0, 0] -- startSafeCheck --> [18, 1, 7, 0, 1, 0, 0, 0])
Transition([0, 1, 20, 0, 4, 0, 0, 0] -- checkSafeOk --> [0, 2, 20, 0, 0, 0, 0, 0])
Transition([18, 1, 7, 0, 1, 0, 0, 0] -- 0.getPos.4.3 --> [18, 1, 7, 0, 9, 0, 0, 0])
Transition([0, 1, 8, 0, 4, 0, 0, 0] -- checkSafeOk --> [0, 2, 8, 0, 0, 0, 0, 0])
Transition([6, 1, 7, 0, 1, 0, 0, 0] -- 0.getPos.4.3 --> [6, 1, 7, 0, 9, 0, 0, 0])
Transition([0, 1, 21, 0, 4, 0, 0, 0] -- checkSafeOk --> [0, 2, 21, 0, 0, 0, 0, 0])
Transition([6, 1, 7, 0, 9, 0, 0, 0] -- 1.getPos.4.4 --> [6, 1, 7, 0, 4, 0, 0, 0])
Transition([0, 2, 21, 0, 0, 0, 0, 0] -- startLiveCheck --> [0, 3, 21, 1, 0, 1, 0, 0])
Transition([18, 1, 7, 0, 9, 0, 0, 0] -- 1.getPos.5.3 --> [18, 1, 7, 0, 4, 0, 0, 0])
Transition([0, 2, 20, 0, 0, 0, 0, 0] -- startLiveCheck --> [0, 3, 20, 1, 0, 1, 0, 0])
Transition([0, 2, 8, 0, 0, 0, 0, 0] -- startLiveCheck --> [0, 3, 8, 1, 0, 1, 0, 0])
Transition([0, 3, 20, 1, 0, 1, 0, 0] -- 1.getPos.4.3 --> [0, 3, 20, 3, 0, 3, 0, 0])
Transition([0, 3, 8, 1, 0, 1, 0, 0] -- 1.getPos.4.3 --> [0, 3, 8, 3, 0, 3, 0, 0])
Transition([0, 3, 21, 1, 0, 1, 0, 0] -- 1.getPos.4.3 --> [0, 3, 21, 3, 0, 3, 0, 0])
Transition([6, 1, 7, 0, 4, 0, 0, 0] -- checkSafeOk --> [6, 2, 7, 0, 0, 0, 0, 0])
Transition([18, 1, 7, 0, 4, 0, 0, 0] -- checkSafeOk --> [18, 2, 7, 0, 0, 0, 0, 0])
Transition([6, 2, 7, 0, 0, 0, 0, 0] -- startLiveCheck --> [6, 3, 7, 1, 0, 1, 0, 0])
Transition([18, 2, 7, 0, 0, 0, 0, 0] -- startLiveCheck --> [18, 3, 7, 1, 0, 1, 0, 0])
Transition([0, 3, 8, 3, 0, 3, 0, 0] -- checkLiveDone --> [0, 4, 8, 0, 0, 0, 0, 0])
Transition([0, 3, 20, 3, 0, 3, 0, 0] -- checkLiveDone --> [0, 4, 20, 0, 0, 0, 0, 0])
Transition([0, 3, 21, 3, 0, 3, 0, 0] -- checkLiveDone --> [0, 4, 21, 0, 0, 0, 0, 0])
Transition([0, 4, 20, 0, 0, 0, 0, 0] -- down --> [0, 61, 20, 0, 0, 0, 0, 0])
Transition([0, 4, 21, 0, 0, 0, 0, 0] -- down --> [0, 61, 21, 0, 0, 0, 0, 0])
Transition([0, 4, 20, 0, 0, 0, 0, 0] -- left --> [0, 173, 20, 0, 0, 0, 0, 0])
Transition([0, 4, 21, 0, 0, 0, 0, 0] -- left --> [0, 173, 21, 0, 0, 0, 0, 0])
Transition([0, 4, 20, 0, 0, 0, 0, 0] -- right --> [0, 117, 20, 0, 0, 0, 0, 0])
Transition([0, 4, 21, 0, 0, 0, 0, 0] -- right --> [0, 117, 21, 0, 0, 0, 0, 0])
Transition([18, 3, 7, 1, 0, 1, 0, 0] -- 1.getPos.5.3 --> [18, 3, 7, 3, 0, 3, 0, 0])
Transition([0, 4, 21, 0, 0, 0, 0, 0] -- up --> [0, 5, 21, 0, 0, 0, 0, 0])
Transition([6, 3, 7, 1, 0, 1, 0, 0] -- 1.getPos.4.4 --> [6, 3, 7, 3, 0, 3, 0, 0])
Transition([0, 4, 20, 0, 0, 0, 0, 0] -- up --> [0, 5, 20, 0, 0, 0, 0, 0])
Transition([0, 4, 8, 0, 0, 0, 0, 0] -- down --> [0, 61, 8, 0, 0, 0, 0, 0])
Transition([0, 4, 8, 0, 0, 0, 0, 0] -- left --> [0, 173, 8, 0, 0, 0, 0, 0])
Transition([0, 4, 8, 0, 0, 0, 0, 0] -- right --> [0, 117, 8, 0, 0, 0, 0, 0])
Transition([0, 4, 8, 0, 0, 0, 0, 0] -- up --> [0, 5, 8, 0, 0, 0, 0, 0])
Transition([0, 173, 20, 0, 0, 0, 0, 0] -- 0.getPos.5.2 --> [0, 200, 20, 0, 0, 0, 0, 0])
Transition([0, 5, 8, 0, 0, 0, 0, 0] -- 0.getPos.2.5 --> [0, 8, 8, 0, 0, 0, 0, 0])
Transition([0, 5, 21, 0, 0, 0, 0, 0] -- 0.getPos.3.4 --> [0, 55, 21, 0, 0, 0, 0, 0])
Transition([0, 61, 20, 0, 0, 0, 0, 0] -- 0.getPos.5.2 --> [0, 86, 20, 0, 0, 0, 0, 0])
Transition([0, 173, 21, 0, 0, 0, 0, 0] -- 0.getPos.3.4 --> [0, 223, 21, 0, 0, 0, 0, 0])
Transition([0, 117, 8, 0, 0, 0, 0, 0] -- 0.getPos.2.5 --> [0, 124, 8, 0, 0, 0, 0, 0])
Transition([0, 117, 20, 0, 0, 0, 0, 0] -- 0.getPos.5.2 --> [0, 138, 20, 0, 0, 0, 0, 0])
Transition([0, 173, 8, 0, 0, 0, 0, 0] -- 0.getPos.2.5 --> [0, 178, 8, 0, 0, 0, 0, 0])
Transition([18, 3, 7, 3, 0, 3, 0, 0] -- checkLiveDone --> [18, 4, 7, 0, 0, 0, 0, 0])
Transition([0, 117, 21, 0, 0, 0, 0, 0] -- 0.getPos.3.4 --> [0, 169, 21, 0, 0, 0, 0, 0])
Transition([0, 61, 8, 0, 0, 0, 0, 0] -- 0.getPos.2.5 --> [0, 68, 8, 0, 0, 0, 0, 0])
Transition([6, 3, 7, 3, 0, 3, 0, 0] -- checkLiveDone --> [6, 4, 7, 0, 0, 0, 0, 0])
Transition([0, 5, 20, 0, 0, 0, 0, 0] -- 0.getPos.5.2 --> [0, 22, 20, 0, 0, 0, 0, 0])
Transition([0, 61, 21, 0, 0, 0, 0, 0] -- 0.getPos.3.4 --> [0, 111, 21, 0, 0, 0, 0, 0])
Transition([0, 22, 20, 0, 0, 0, 0, 0] -- 0.setPos.4.2 --> [0, 0, 9, 0, 0, 0, 0, 0])
Transition([0, 111, 21, 0, 0, 0, 0, 0] -- 0.setPos.4.4 --> [0, 0, 6, 0, 0, 0, 0, 0])
Transition([0, 138, 20, 0, 0, 0, 0, 0] -- 0.setPos.5.3 --> [0, 0, 18, 0, 0, 0, 0, 0])
Transition([18, 4, 7, 0, 0, 0, 0, 0] -- down --> [18, 61, 7, 0, 0, 0, 0, 0])
Transition([0, 55, 21, 0, 0, 0, 0, 0] -- 0.setPos.2.4 --> [0, 0, 10, 0, 0, 0, 0, 0])
Transition([18, 4, 7, 0, 0, 0, 0, 0] -- left --> [18, 173, 7, 0, 0, 0, 0, 0])
Transition([0, 200, 20, 0, 0, 0, 0, 0] -- 0.setPos.5.1 --> [0, 0, 22, 0, 0, 0, 0, 0])
Transition([18, 4, 7, 0, 0, 0, 0, 0] -- right --> [18, 117, 7, 0, 0, 0, 0, 0])
Transition([0, 8, 8, 0, 0, 0, 0, 0] -- 0.setPos.1.5 --> [0, 0, 24, 0, 0, 0, 0, 0])
Transition([18, 4, 7, 0, 0, 0, 0, 0] -- up --> [18, 5, 7, 0, 0, 0, 0, 0])
Transition([0, 178, 8, 0, 0, 0, 0, 0] -- 0.setPos.2.4 --> [0, 0, 10, 0, 0, 0, 0, 0])
Transition([0, 223, 21, 0, 0, 0, 0, 0] -- 0.setPos.3.3 --> [0, 0, 23, 0, 0, 0, 0, 0])
Transition([6, 4, 7, 0, 0, 0, 0, 0] -- down --> [6, 61, 7, 0, 0, 0, 0, 0])
Transition([0, 169, 21, 0, 0, 0, 0, 0] -- 0.setPos.3.5 --> [0, 0, 19, 0, 0, 0, 0, 0])
Transition([6, 4, 7, 0, 0, 0, 0, 0] -- left --> [6, 173, 7, 0, 0, 0, 0, 0])
Transition([0, 68, 8, 0, 0, 0, 0, 0] -- 0.setPos.3.5 --> [0, 0, 19, 0, 0, 0, 0, 0])
Transition([6, 4, 7, 0, 0, 0, 0, 0] -- right --> [6, 117, 7, 0, 0, 0, 0, 0])
Transition([6, 4, 7, 0, 0, 0, 0, 0] -- up --> [6, 5, 7, 0, 0, 0, 0, 0])
Transition([18, 117, 7, 0, 0, 0, 0, 0] -- 0.getPos.4.3 --> [18, 156, 7, 0, 0, 0, 0, 0])
Transition([6, 5, 7, 0, 0, 0, 0, 0] -- 0.getPos.4.3 --> [6, 40, 7, 0, 0, 0, 0, 0])
Transition([6, 173, 7, 0, 0, 0, 0, 0] -- 0.getPos.4.3 --> [6, 214, 7, 0, 0, 0, 0, 0])
Transition([18, 61, 7, 0, 0, 0, 0, 0] -- 0.getPos.4.3 --> [18, 100, 7, 0, 0, 0, 0, 0])
Transition([0, 0, 6, 0, 0, 0, 0, 0] -- startSafeCheck --> [0, 1, 6, 0, 1, 0, 0, 0])
Transition([6, 61, 7, 0, 0, 0, 0, 0] -- 0.getPos.4.3 --> [6, 100, 7, 0, 0, 0, 0, 0])
Transition([18, 5, 7, 0, 0, 0, 0, 0] -- 0.getPos.4.3 --> [18, 40, 7, 0, 0, 0, 0, 0])
Transition([6, 117, 7, 0, 0, 0, 0, 0] -- 0.getPos.4.3 --> [6, 156, 7, 0, 0, 0, 0, 0])
Transition([0, 0, 19, 0, 0, 0, 0, 0] -- startSafeCheck --> [0, 1, 19, 0, 1, 0, 0, 0])
Transition([18, 173, 7, 0, 0, 0, 0, 0] -- 0.getPos.4.3 --> [18, 214, 7, 0, 0, 0, 0, 0])
Transition([0, 0, 18, 0, 0, 0, 0, 0] -- startSafeCheck --> [0, 1, 18, 0, 1, 0, 0, 0])
Transition([18, 214, 7, 0, 0, 0, 0, 0] -- 0.setPos.4.2 --> [18, 0, 9, 0, 0, 0, 0, 0])
Transition([0, 1, 18, 0, 1, 0, 0, 0] -- 0.getPos.5.3 --> [0, 1, 18, 0, 15, 0, 0, 0])
Transition([6, 100, 7, 0, 0, 0, 0, 0] -- 0.setPos.5.3 --> [6, 0, 18, 0, 0, 0, 0, 0])
Transition([6, 214, 7, 0, 0, 0, 0, 0] -- 0.setPos.4.2 --> [6, 0, 9, 0, 0, 0, 0, 0])
Transition([18, 156, 7, 0, 0, 0, 0, 0] -- 0.setPos.4.4 --> [18, 0, 6, 0, 0, 0, 0, 0])
Transition([6, 40, 7, 0, 0, 0, 0, 0] -- 0.setPos.3.3 --> [6, 0, 23, 0, 0, 0, 0, 0])
Transition([0, 1, 6, 0, 1, 0, 0, 0] -- 0.getPos.4.4 --> [0, 1, 6, 0, 5, 0, 0, 0])
Transition([18, 100, 7, 0, 0, 0, 0, 0] -- 0.setPos.5.3 --> [18, 0, 18, 0, 0, 0, 0, 0])
Transition([0, 1, 19, 0, 1, 0, 0, 0] -- 0.getPos.3.5 --> [0, 1, 19, 0, 16, 0, 0, 0])
Transition([18, 40, 7, 0, 0, 0, 0, 0] -- 0.setPos.3.3 --> [18, 0, 23, 0, 0, 0, 0, 0])
Transition([6, 156, 7, 0, 0, 0, 0, 0] -- 1.getPos.4.4 --> [6, 157, 7, 0, 0, 0, 0, 0])
Transition([6, 156, 7, 0, 0, 0, 0, 0] -- 0.setPos.4.4 --> [6, 0, 6, 0, 0, 0, 0, 0])
Transition([0, 1, 6, 0, 5, 0, 0, 0] -- 1.getPos.4.3 --> [0, 1, 6, 0, 4, 0, 0, 0])
Transition([6, 0, 6, 0, 0, 0, 0, 0] -- startSafeCheck --> [6, 1, 6, 0, 1, 0, 0, 0])
Transition([6, 0, 23, 0, 0, 0, 0, 0] -- startSafeCheck --> [6, 1, 23, 0, 1, 0, 0, 0])
Transition([6, 0, 18, 0, 0, 0, 0, 0] -- startSafeCheck --> [6, 1, 18, 0, 1, 0, 0, 0])
Transition([18, 0, 9, 0, 0, 0, 0, 0] -- startSafeCheck --> [18, 1, 9, 0, 1, 0, 0, 0])
Transition([0, 1, 18, 0, 15, 0, 0, 0] -- 1.getPos.4.3 --> [0, 1, 18, 0, 4, 0, 0, 0])
Transition([18, 0, 6, 0, 0, 0, 0, 0] -- startSafeCheck --> [18, 1, 6, 0, 1, 0, 0, 0])
Transition([6, 0, 9, 0, 0, 0, 0, 0] -- startSafeCheck --> [6, 1, 9, 0, 1, 0, 0, 0])
Transition([6, 157, 7, 0, 0, 0, 0, 0] -- 1.setPos.4.5 --> [5, 158, 7, 0, 0, 0, 0, 0])
Transition([18, 0, 23, 0, 0, 0, 0, 0] -- startSafeCheck --> [18, 1, 23, 0, 1, 0, 0, 0])
Transition([0, 1, 19, 0, 16, 0, 0, 0] -- 1.getPos.4.3 --> [0, 1, 19, 0, 4, 0, 0, 0])
Transition([18, 0, 18, 0, 0, 0, 0, 0] -- startSafeCheck --> [18, 1, 18, 0, 1, 0, 0, 0])
Transition([0, 1, 19, 0, 4, 0, 0, 0] -- checkSafeOk --> [0, 2, 19, 0, 0, 0, 0, 0])
Transition([18, 1, 18, 0, 1, 0, 0, 0] -- 0.getPos.5.3 --> [18, 1, 18, 0, 15, 0, 0, 0])
Transition([18, 1, 6, 0, 1, 0, 0, 0] -- 0.getPos.4.4 --> [18, 1, 6, 0, 5, 0, 0, 0])
Transition([6, 1, 23, 0, 1, 0, 0, 0] -- 0.getPos.3.3 --> [6, 1, 23, 0, 25, 0, 0, 0])
Transition([0, 1, 6, 0, 4, 0, 0, 0] -- checkSafeOk --> [0, 2, 6, 0, 0, 0, 0, 0])
Transition([6, 1, 6, 0, 1, 0, 0, 0] -- 0.getPos.4.4 --> [6, 1, 6, 0, 5, 0, 0, 0])
Transition([0, 1, 18, 0, 4, 0, 0, 0] -- checkSafeOk --> [0, 2, 18, 0, 0, 0, 0, 0])
Transition([6, 1, 18, 0, 1, 0, 0, 0] -- 0.getPos.5.3 --> [6, 1, 18, 0, 15, 0, 0, 0])
Transition([18, 1, 9, 0, 1, 0, 0, 0] -- 0.getPos.4.2 --> [18, 1, 9, 0, 11, 0, 0, 0])
Transition([18, 1, 23, 0, 1, 0, 0, 0] -- 0.getPos.3.3 --> [18, 1, 23, 0, 25, 0, 0, 0])
Transition([6, 1, 9, 0, 1, 0, 0, 0] -- 0.getPos.4.2 --> [6, 1, 9, 0, 11, 0, 0, 0])
Transition([5, 158, 7, 0, 0, 0, 0, 0] -- 0.setPos.4.4 --> [5, 0, 6, 0, 0, 0, 0, 0])
Transition([6, 1, 9, 0, 11, 0, 0, 0] -- 1.getPos.4.4 --> [6, 1, 9, 0, 4, 0, 0, 0])
Transition([5, 0, 6, 0, 0, 0, 0, 0] -- startSafeCheck --> [5, 1, 6, 0, 1, 0, 0, 0])
Transition([0, 2, 18, 0, 0, 0, 0, 0] -- startLiveCheck --> [0, 3, 18, 1, 0, 1, 0, 0])
Transition([18, 1, 6, 0, 5, 0, 0, 0] -- 1.getPos.5.3 --> [18, 1, 6, 0, 4, 0, 0, 0])
Transition([0, 2, 19, 0, 0, 0, 0, 0] -- startLiveCheck --> [0, 3, 19, 1, 0, 1, 0, 0])
Transition([18, 1, 18, 0, 15, 0, 0, 0] -- 1.getPos.5.3 --> [18, 1, 18, 0, 3, 0, 0, 0])
Transition([6, 1, 6, 0, 5, 0, 0, 0] -- 1.getPos.4.4 --> [6, 1, 6, 0, 3, 0, 0, 0])
Transition([6, 1, 23, 0, 25, 0, 0, 0] -- 1.getPos.4.4 --> [6, 1, 23, 0, 4, 0, 0, 0])
Transition([0, 2, 6, 0, 0, 0, 0, 0] -- startLiveCheck --> [0, 3, 6, 1, 0, 1, 0, 0])
Transition([18, 1, 23, 0, 25, 0, 0, 0] -- 1.getPos.5.3 --> [18, 1, 23, 0, 4, 0, 0, 0])
Transition([6, 1, 18, 0, 15, 0, 0, 0] -- 1.getPos.4.4 --> [6, 1, 18, 0, 4, 0, 0, 0])
Transition([18, 1, 9, 0, 11, 0, 0, 0] -- 1.getPos.5.3 --> [18, 1, 9, 0, 4, 0, 0, 0])
Transition([6, 1, 18, 0, 4, 0, 0, 0] -- checkSafeOk --> [6, 2, 18, 0, 0, 0, 0, 0])
Transition([18, 1, 9, 0, 4, 0, 0, 0] -- checkSafeOk --> [18, 2, 9, 0, 0, 0, 0, 0])
Transition([18, 1, 6, 0, 4, 0, 0, 0] -- checkSafeOk --> [18, 2, 6, 0, 0, 0, 0, 0])
Transition([0, 3, 18, 1, 0, 1, 0, 0] -- 1.getPos.4.3 --> [0, 3, 18, 3, 0, 3, 0, 0])
Transition([6, 1, 9, 0, 4, 0, 0, 0] -- checkSafeOk --> [6, 2, 9, 0, 0, 0, 0, 0])
Transition([5, 1, 6, 0, 1, 0, 0, 0] -- 0.getPos.4.4 --> [5, 1, 6, 0, 5, 0, 0, 0])
Transition([0, 3, 19, 1, 0, 1, 0, 0] -- 1.getPos.4.3 --> [0, 3, 19, 3, 0, 3, 0, 0])
Transition([18, 1, 23, 0, 4, 0, 0, 0] -- checkSafeOk --> [18, 2, 23, 0, 0, 0, 0, 0])
Transition([6, 1, 23, 0, 4, 0, 0, 0] -- checkSafeOk --> [6, 2, 23, 0, 0, 0, 0, 0])
Transition([0, 3, 6, 1, 0, 1, 0, 0] -- 1.getPos.4.3 --> [0, 3, 6, 3, 0, 3, 0, 0])
Transition([6, 2, 23, 0, 0, 0, 0, 0] -- startLiveCheck --> [6, 3, 23, 1, 0, 1, 0, 0])
Transition([0, 3, 6, 3, 0, 3, 0, 0] -- checkLiveDone --> [0, 4, 6, 0, 0, 0, 0, 0])
Transition([6, 2, 9, 0, 0, 0, 0, 0] -- startLiveCheck --> [6, 3, 9, 1, 0, 1, 0, 0])
Transition([18, 2, 6, 0, 0, 0, 0, 0] -- startLiveCheck --> [18, 3, 6, 1, 0, 1, 0, 0])
Transition([6, 2, 18, 0, 0, 0, 0, 0] -- startLiveCheck --> [6, 3, 18, 1, 0, 1, 0, 0])
Transition([18, 2, 9, 0, 0, 0, 0, 0] -- startLiveCheck --> [18, 3, 9, 1, 0, 1, 0, 0])
Transition([0, 3, 18, 3, 0, 3, 0, 0] -- checkLiveDone --> [0, 4, 18, 0, 0, 0, 0, 0])
Transition([18, 2, 23, 0, 0, 0, 0, 0] -- startLiveCheck --> [18, 3, 23, 1, 0, 1, 0, 0])
Transition([5, 1, 6, 0, 5, 0, 0, 0] -- 1.getPos.4.5 --> [5, 1, 6, 0, 4, 0, 0, 0])
Transition([0, 3, 19, 3, 0, 3, 0, 0] -- checkLiveDone --> [0, 4, 19, 0, 0, 0, 0, 0])
Transition([5, 1, 6, 0, 4, 0, 0, 0] -- checkSafeOk --> [5, 2, 6, 0, 0, 0, 0, 0])
Transition([0, 4, 19, 0, 0, 0, 0, 0] -- down --> [0, 61, 19, 0, 0, 0, 0, 0])
Transition([6, 3, 18, 1, 0, 1, 0, 0] -- 1.getPos.4.4 --> [6, 3, 18, 3, 0, 3, 0, 0])
Transition([0, 4, 19, 0, 0, 0, 0, 0] -- left --> [0, 173, 19, 0, 0, 0, 0, 0])
Transition([6, 3, 9, 1, 0, 1, 0, 0] -- 1.getPos.4.4 --> [6, 3, 9, 3, 0, 3, 0, 0])
Transition([0, 4, 19, 0, 0, 0, 0, 0] -- right --> [0, 117, 19, 0, 0, 0, 0, 0])
Transition([6, 3, 23, 1, 0, 1, 0, 0] -- 1.getPos.4.4 --> [6, 3, 23, 3, 0, 3, 0, 0])
Transition([0, 4, 19, 0, 0, 0, 0, 0] -- up --> [0, 5, 19, 0, 0, 0, 0, 0])
Transition([0, 4, 6, 0, 0, 0, 0, 0] -- down --> [0, 61, 6, 0, 0, 0, 0, 0])
Transition([18, 3, 6, 1, 0, 1, 0, 0] -- 1.getPos.5.3 --> [18, 3, 6, 3, 0, 3, 0, 0])
Transition([0, 4, 6, 0, 0, 0, 0, 0] -- left --> [0, 173, 6, 0, 0, 0, 0, 0])
Transition([18, 3, 23, 1, 0, 1, 0, 0] -- 1.getPos.5.3 --> [18, 3, 23, 3, 0, 3, 0, 0])
Transition([0, 4, 6, 0, 0, 0, 0, 0] -- right --> [0, 117, 6, 0, 0, 0, 0, 0])
Transition([18, 3, 9, 1, 0, 1, 0, 0] -- 1.getPos.5.3 --> [18, 3, 9, 3, 0, 3, 0, 0])
Transition([0, 4, 6, 0, 0, 0, 0, 0] -- up --> [0, 5, 6, 0, 0, 0, 0, 0])
Transition([0, 4, 18, 0, 0, 0, 0, 0] -- down --> [0, 61, 18, 0, 0, 0, 0, 0])
Transition([0, 4, 18, 0, 0, 0, 0, 0] -- left --> [0, 173, 18, 0, 0, 0, 0, 0])
Transition([0, 4, 18, 0, 0, 0, 0, 0] -- right --> [0, 117, 18, 0, 0, 0, 0, 0])
Transition([0, 4, 18, 0, 0, 0, 0, 0] -- up --> [0, 5, 18, 0, 0, 0, 0, 0])
Transition([5, 2, 6, 0, 0, 0, 0, 0] -- startLiveCheck --> [5, 3, 6, 1, 0, 1, 0, 0])
Transition([0, 5, 18, 0, 0, 0, 0, 0] -- 0.getPos.5.3 --> [0, 14, 18, 0, 0, 0, 0, 0])
Transition([6, 3, 18, 3, 0, 3, 0, 0] -- checkLiveDone --> [6, 4, 18, 0, 0, 0, 0, 0])
Transition([6, 3, 9, 3, 0, 3, 0, 0] -- checkLiveDone --> [6, 4, 9, 0, 0, 0, 0, 0])
Transition([0, 5, 19, 0, 0, 0, 0, 0] -- 0.getPos.3.5 --> [0, 46, 19, 0, 0, 0, 0, 0])
Transition([0, 61, 18, 0, 0, 0, 0, 0] -- 0.getPos.5.3 --> [0, 78, 18, 0, 0, 0, 0, 0])
Transition([0, 173, 18, 0, 0, 0, 0, 0] -- 0.getPos.5.3 --> [0, 188, 18, 0, 0, 0, 0, 0])
Transition([0, 5, 6, 0, 0, 0, 0, 0] -- 0.getPos.4.4 --> [0, 34, 6, 0, 0, 0, 0, 0])
Transition([0, 117, 18, 0, 0, 0, 0, 0] -- 0.getPos.5.3 --> [0, 130, 18, 0, 0, 0, 0, 0])
Transition([6, 3, 23, 3, 0, 3, 0, 0] -- checkLiveDone --> [6, 4, 23, 0, 0, 0, 0, 0])
Transition([0, 61, 19, 0, 0, 0, 0, 0] -- 0.getPos.3.5 --> [0, 102, 19, 0, 0, 0, 0, 0])
Transition([0, 173, 19, 0, 0, 0, 0, 0] -- 0.getPos.3.5 --> [0, 218, 19, 0, 0, 0, 0, 0])
Transition([18, 3, 9, 3, 0, 3, 0, 0] -- checkLiveDone --> [18, 4, 9, 0, 0, 0, 0, 0])
Transition([18, 3, 6, 3, 0, 3, 0, 0] -- checkLiveDone --> [18, 4, 6, 0, 0, 0, 0, 0])
Transition([0, 117, 19, 0, 0, 0, 0, 0] -- 0.getPos.3.5 --> [0, 162, 19, 0, 0, 0, 0, 0])
Transition([0, 61, 6, 0, 0, 0, 0, 0] -- 0.getPos.4.4 --> [0, 98, 6, 0, 0, 0, 0, 0])
Transition([18, 3, 23, 3, 0, 3, 0, 0] -- checkLiveDone --> [18, 4, 23, 0, 0, 0, 0, 0])
Transition([0, 173, 6, 0, 0, 0, 0, 0] -- 0.getPos.4.4 --> [0, 210, 6, 0, 0, 0, 0, 0])
Transition([0, 117, 6, 0, 0, 0, 0, 0] -- 0.getPos.4.4 --> [0, 152, 6, 0, 0, 0, 0, 0])
Transition([0, 210, 6, 0, 0, 0, 0, 0] -- 1.getPos.4.3 --> [0, 211, 6, 0, 0, 0, 0, 0])
Transition([0, 152, 6, 0, 0, 0, 0, 0] -- 0.setPos.4.5 --> [0, 0, 5, 0, 0, 0, 0, 0])
Transition([0, 210, 6, 0, 0, 0, 0, 0] -- 0.setPos.4.3 --> [0, 0, 7, 0, 0, 0, 0, 0])
Transition([6, 4, 23, 0, 0, 0, 0, 0] -- down --> [6, 61, 23, 0, 0, 0, 0, 0])
Transition([6, 4, 9, 0, 0, 0, 0, 0] -- down --> [6, 61, 9, 0, 0, 0, 0, 0])
Transition([6, 4, 23, 0, 0, 0, 0, 0] -- left --> [6, 173, 23, 0, 0, 0, 0, 0])
Transition([6, 4, 9, 0, 0, 0, 0, 0] -- left --> [6, 173, 9, 0, 0, 0, 0, 0])
Transition([6, 4, 23, 0, 0, 0, 0, 0] -- right --> [6, 117, 23, 0, 0, 0, 0, 0])
Transition([6, 4, 9, 0, 0, 0, 0, 0] -- right --> [6, 117, 9, 0, 0, 0, 0, 0])
Transition([6, 4, 23, 0, 0, 0, 0, 0] -- up --> [6, 5, 23, 0, 0, 0, 0, 0])
Transition([6, 4, 9, 0, 0, 0, 0, 0] -- up --> [6, 5, 9, 0, 0, 0, 0, 0])
Transition([6, 4, 18, 0, 0, 0, 0, 0] -- down --> [6, 61, 18, 0, 0, 0, 0, 0])
Transition([5, 3, 6, 1, 0, 1, 0, 0] -- 1.getPos.4.5 --> [5, 3, 6, 2, 0, 2, 0, 0])
Transition([6, 4, 18, 0, 0, 0, 0, 0] -- left --> [6, 173, 18, 0, 0, 0, 0, 0])
Transition([0, 46, 19, 0, 0, 0, 0, 0] -- 0.setPos.2.5 --> [0, 0, 8, 0, 0, 0, 0, 0])
Transition([6, 4, 18, 0, 0, 0, 0, 0] -- right --> [6, 117, 18, 0, 0, 0, 0, 0])
Transition([0, 130, 18, 0, 0, 0, 0, 0] -- 0.setPos.5.4 --> [0, 0, 17, 0, 0, 0, 0, 0])
Transition([6, 4, 18, 0, 0, 0, 0, 0] -- up --> [6, 5, 18, 0, 0, 0, 0, 0])
Transition([0, 188, 18, 0, 0, 0, 0, 0] -- 0.setPos.5.2 --> [0, 0, 20, 0, 0, 0, 0, 0])
Transition([0, 34, 6, 0, 0, 0, 0, 0] -- 0.setPos.3.4 --> [0, 0, 21, 0, 0, 0, 0, 0])
Transition([18, 4, 23, 0, 0, 0, 0, 0] -- down --> [18, 61, 23, 0, 0, 0, 0, 0])
Transition([18, 4, 9, 0, 0, 0, 0, 0] -- down --> [18, 61, 9, 0, 0, 0, 0, 0])
Transition([0, 102, 19, 0, 0, 0, 0, 0] -- 0.setPos.4.5 --> [0, 0, 5, 0, 0, 0, 0, 0])
Transition([0, 218, 19, 0, 0, 0, 0, 0] -- 0.setPos.3.4 --> [0, 0, 21, 0, 0, 0, 0, 0])
Transition([18, 4, 23, 0, 0, 0, 0, 0] -- left --> [18, 173, 23, 0, 0, 0, 0, 0])
Transition([18, 4, 9, 0, 0, 0, 0, 0] -- left --> [18, 173, 9, 0, 0, 0, 0, 0])
Transition([0, 98, 6, 0, 0, 0, 0, 0] -- 0.setPos.5.4 --> [0, 0, 17, 0, 0, 0, 0, 0])
Transition([18, 4, 23, 0, 0, 0, 0, 0] -- right --> [18, 117, 23, 0, 0, 0, 0, 0])
Transition([18, 4, 9, 0, 0, 0, 0, 0] -- right --> [18, 117, 9, 0, 0, 0, 0, 0])
Transition([18, 4, 6, 0, 0, 0, 0, 0] -- down --> [18, 61, 6, 0, 0, 0, 0, 0])
Transition([18, 4, 23, 0, 0, 0, 0, 0] -- up --> [18, 5, 23, 0, 0, 0, 0, 0])
Transition([18, 4, 9, 0, 0, 0, 0, 0] -- up --> [18, 5, 9, 0, 0, 0, 0, 0])
Transition([18, 4, 6, 0, 0, 0, 0, 0] -- left --> [18, 173, 6, 0, 0, 0, 0, 0])
Transition([0, 14, 18, 0, 0, 0, 0, 0] -- 1.getPos.4.3 --> [0, 15, 18, 0, 0, 0, 0, 0])
Transition([18, 4, 6, 0, 0, 0, 0, 0] -- right --> [18, 117, 6, 0, 0, 0, 0, 0])
Transition([0, 14, 18, 0, 0, 0, 0, 0] -- 0.setPos.4.3 --> [0, 0, 7, 0, 0, 0, 0, 0])
Transition([18, 4, 6, 0, 0, 0, 0, 0] -- up --> [18, 5, 6, 0, 0, 0, 0, 0])
Transition([18, 117, 6, 0, 0, 0, 0, 0] -- 0.getPos.4.4 --> [18, 152, 6, 0, 0, 0, 0, 0])
Transition([18, 5, 6, 0, 0, 0, 0, 0] -- 0.getPos.4.4 --> [18, 34, 6, 0, 0, 0, 0, 0])
Transition([6, 5, 18, 0, 0, 0, 0, 0] -- 0.getPos.5.3 --> [6, 14, 18, 0, 0, 0, 0, 0])
Transition([6, 5, 9, 0, 0, 0, 0, 0] -- 0.getPos.4.2 --> [6, 43, 9, 0, 0, 0, 0, 0])
Transition([0, 211, 6, 0, 0, 0, 0, 0] -- 1.setPos.4.2 --> [8, 212, 6, 0, 0, 0, 0, 0])
Transition([0, 0, 5, 0, 0, 0, 0, 0] -- startSafeCheck --> [0, 1, 5, 0, 1, 0, 0, 0])
Transition([6, 61, 23, 0, 0, 0, 0, 0] -- 0.getPos.3.3 --> [6, 114, 23, 0, 0, 0, 0, 0])
Transition([6, 5, 23, 0, 0, 0, 0, 0] -- 0.getPos.3.3 --> [6, 58, 23, 0, 0, 0, 0, 0])
Transition([6, 61, 9, 0, 0, 0, 0, 0] -- 0.getPos.4.2 --> [6, 101, 9, 0, 0, 0, 0, 0])
Transition([6, 173, 23, 0, 0, 0, 0, 0] -- 0.getPos.3.3 --> [6, 226, 23, 0, 0, 0, 0, 0])
Transition([0, 0, 17, 0, 0, 0, 0, 0] -- startSafeCheck --> [0, 1, 17, 0, 1, 0, 0, 0])
Transition([5, 3, 6, 2, 0, 2, 0, 0] -- win --> [5, 3, 6, 2, 0, 2, 0, 1])
Transition([6, 173, 9, 0, 0, 0, 0, 0] -- 0.getPos.4.2 --> [6, 217, 9, 0, 0, 0, 0, 0])
Transition([6, 117, 23, 0, 0, 0, 0, 0] -- 0.getPos.3.3 --> [6, 170, 23, 0, 0, 0, 0, 0])
Transition([6, 173, 18, 0, 0, 0, 0, 0] -- 0.getPos.5.3 --> [6, 188, 18, 0, 0, 0, 0, 0])
Transition([6, 117, 9, 0, 0, 0, 0, 0] -- 0.getPos.4.2 --> [6, 159, 9, 0, 0, 0, 0, 0])
Transition([18, 173, 23, 0, 0, 0, 0, 0] -- 0.getPos.3.3 --> [18, 226, 23, 0, 0, 0, 0, 0])
Transition([18, 173, 9, 0, 0, 0, 0, 0] -- 0.getPos.4.2 --> [18, 217, 9, 0, 0, 0, 0, 0])
Transition([6, 117, 18, 0, 0, 0, 0, 0] -- 0.getPos.5.3 --> [6, 130, 18, 0, 0, 0, 0, 0])
Transition([18, 61, 9, 0, 0, 0, 0, 0] -- 0.getPos.4.2 --> [18, 101, 9, 0, 0, 0, 0, 0])
Transition([18, 117, 23, 0, 0, 0, 0, 0] -- 0.getPos.3.3 --> [18, 170, 23, 0, 0, 0, 0, 0])
Transition([18, 117, 9, 0, 0, 0, 0, 0] -- 0.getPos.4.2 --> [18, 159, 9, 0, 0, 0, 0, 0])
Transition([6, 61, 18, 0, 0, 0, 0, 0] -- 0.getPos.5.3 --> [6, 78, 18, 0, 0, 0, 0, 0])
Transition([18, 61, 6, 0, 0, 0, 0, 0] -- 0.getPos.4.4 --> [18, 98, 6, 0, 0, 0, 0, 0])
Transition([0, 15, 18, 0, 0, 0, 0, 0] -- 1.setPos.3.3 --> [23, 16, 18, 0, 0, 0, 0, 0])
Transition([18, 173, 6, 0, 0, 0, 0, 0] -- 0.getPos.4.4 --> [18, 210, 6, 0, 0, 0, 0, 0])
Transition([18, 5, 23, 0, 0, 0, 0, 0] -- 0.getPos.3.3 --> [18, 58, 23, 0, 0, 0, 0, 0])
Transition([18, 5, 9, 0, 0, 0, 0, 0] -- 0.getPos.4.2 --> [18, 43, 9, 0, 0, 0, 0, 0])
Transition([18, 61, 23, 0, 0, 0, 0, 0] -- 0.getPos.3.3 --> [18, 114, 23, 0, 0, 0, 0, 0])
Transition([18, 43, 9, 0, 0, 0, 0, 0] -- 0.setPos.3.2 --> [18, 0, 12, 0, 0, 0, 0, 0])
Transition([18, 114, 23, 0, 0, 0, 0, 0] -- 0.setPos.4.3 --> [18, 0, 7, 0, 0, 0, 0, 0])
Transition([6, 188, 18, 0, 0, 0, 0, 0] -- 0.setPos.5.2 --> [6, 0, 20, 0, 0, 0, 0, 0])
Transition([18, 101, 9, 0, 0, 0, 0, 0] -- 0.setPos.5.2 --> [18, 0, 20, 0, 0, 0, 0, 0])
Transition([6, 114, 23, 0, 0, 0, 0, 0] -- 0.setPos.4.3 --> [6, 0, 7, 0, 0, 0, 0, 0])
Transition([6, 14, 18, 0, 0, 0, 0, 0] -- 0.setPos.4.3 --> [6, 0, 7, 0, 0, 0, 0, 0])
Transition([6, 130, 18, 0, 0, 0, 0, 0] -- 0.setPos.5.4 --> [6, 0, 17, 0, 0, 0, 0, 0])
Transition([18, 226, 23, 0, 0, 0, 0, 0] -- 0.setPos.3.2 --> [18, 0, 12, 0, 0, 0, 0, 0])
Transition([18, 152, 6, 0, 0, 0, 0, 0] -- 0.setPos.4.5 --> [18, 0, 5, 0, 0, 0, 0, 0])
Transition([6, 159, 9, 0, 0, 0, 0, 0] -- 0.setPos.4.3 --> [6, 0, 7, 0, 0, 0, 0, 0])
Transition([18, 34, 6, 0, 0, 0, 0, 0] -- 0.setPos.3.4 --> [18, 0, 21, 0, 0, 0, 0, 0])
Transition([5, 3, 6, 2, 0, 2, 0, 1] -- win --> [5, 3, 6, 2, 0, 2, 0, 1])
