Transition([0, 0, 0, 0, 0, 0, 0, 0] -- startSafeCheck --> [0, 1, 0, 0, 1, 0, 0, 0])
Transition([0, 1, 0, 0, 1, 0, 0, 0] -- 0.getPos.1.1 --> [0, 1, 0, 0, 31, 0, 0, 0])
Transition([0, 1, 0, 0, 31, 0, 0, 0] -- 1.getPos.4.2 --> [0, 1, 0, 0, 3, 0, 0, 0])
Transition([0, 1, 0, 0, 3, 0, 0, 0] -- checkSafeOk --> [0, 2, 0, 0, 0, 0, 0, 0])
Transition([0, 2, 0, 0, 0, 0, 0, 0] -- startLiveCheck --> [0, 3, 0, 1, 0, 1, 0, 0])
Transition([0, 3, 0, 1, 0, 1, 0, 0] -- 1.getPos.4.2 --> [0, 3, 0, 2, 0, 2, 0, 0])
Transition([0, 3, 0, 2, 0, 2, 0, 0] -- checkLiveDone --> [0, 4, 0, 0, 0, 0, 0, 0])
Transition([0, 4, 0, 0, 0, 0, 0, 0] -- down --> [0, 125, 0, 0, 0, 0, 0, 0])
Transition([0, 125, 0, 0, 0, 0, 0, 0] -- 0.getPos.1.1 --> [0, 165, 0, 0, 0, 0, 0, 0])
Transition([0, 165, 0, 0, 0, 0, 0, 0] -- 0.setPos.2.1 --> [0, 0, 7, 0, 0, 0, 1, 0])
Transition([0, 0, 7, 0, 0, 0, 1, 0] -- illegalPosition --> [0, 0, 7, 0, 0, 0, 1, 0])
Transition([0, 4, 0, 0, 0, 0, 0, 0] -- left --> [0, 365, 0, 0, 0, 0, 0, 0])
Transition([0, 365, 0, 0, 0, 0, 0, 0] -- 0.getPos.1.1 --> [0, 399, 0, 0, 0, 0, 0, 0])
Transition([0, 4, 0, 0, 0, 0, 0, 0] -- right --> [0, 245, 0, 0, 0, 0, 0, 0])
Transition([0, 245, 0, 0, 0, 0, 0, 0] -- 0.getPos.1.1 --> [0, 277, 0, 0, 0, 0, 0, 0])
Transition([0, 277, 0, 0, 0, 0, 0, 0] -- 0.setPos.1.2 --> [0, 0, 20, 0, 0, 0, 0, 0])
Transition([0, 0, 20, 0, 0, 0, 0, 0] -- startSafeCheck --> [0, 1, 20, 0, 1, 0, 0, 0])
Transition([0, 1, 20, 0, 1, 0, 0, 0] -- 0.getPos.1.2 --> [0, 1, 20, 0, 30, 0, 0, 0])
Transition([0, 1, 20, 0, 30, 0, 0, 0] -- 1.getPos.4.2 --> [0, 1, 20, 0, 3, 0, 0, 0])
Transition([0, 1, 20, 0, 3, 0, 0, 0] -- checkSafeOk --> [0, 2, 20, 0, 0, 0, 0, 0])
Transition([0, 2, 20, 0, 0, 0, 0, 0] -- startLiveCheck --> [0, 3, 20, 1, 0, 1, 0, 0])
Transition([0, 3, 20, 1, 0, 1, 0, 0] -- 1.getPos.4.2 --> [0, 3, 20, 2, 0, 2, 0, 0])
Transition([0, 3, 20, 2, 0, 2, 0, 0] -- checkLiveDone --> [0, 4, 20, 0, 0, 0, 0, 0])
Transition([0, 4, 0, 0, 0, 0, 0, 0] -- up --> [0, 5, 0, 0, 0, 0, 0, 0])
Transition([0, 5, 0, 0, 0, 0, 0, 0] -- 0.getPos.1.1 --> [0, 19, 0, 0, 0, 0, 0, 0])
Transition([0, 4, 20, 0, 0, 0, 0, 0] -- down --> [0, 125, 20, 0, 0, 0, 0, 0])
Transition([0, 125, 20, 0, 0, 0, 0, 0] -- 0.getPos.1.2 --> [0, 162, 20, 0, 0, 0, 0, 0])
Transition([0, 162, 20, 0, 0, 0, 0, 0] -- 0.setPos.2.2 --> [0, 0, 6, 0, 0, 0, 0, 0])
Transition([0, 0, 6, 0, 0, 0, 0, 0] -- startSafeCheck --> [0, 1, 6, 0, 1, 0, 0, 0])
Transition([0, 1, 6, 0, 1, 0, 0, 0] -- 0.getPos.2.2 --> [0, 1, 6, 0, 13, 0, 0, 0])
Transition([0, 1, 6, 0, 13, 0, 0, 0] -- 1.getPos.4.2 --> [0, 1, 6, 0, 3, 0, 0, 0])
Transition([0, 1, 6, 0, 3, 0, 0, 0] -- checkSafeOk --> [0, 2, 6, 0, 0, 0, 0, 0])
Transition([0, 2, 6, 0, 0, 0, 0, 0] -- startLiveCheck --> [0, 3, 6, 1, 0, 1, 0, 0])
Transition([0, 3, 6, 1, 0, 1, 0, 0] -- 1.getPos.4.2 --> [0, 3, 6, 2, 0, 2, 0, 0])
Transition([0, 3, 6, 2, 0, 2, 0, 0] -- checkLiveDone --> [0, 4, 6, 0, 0, 0, 0, 0])
Transition([0, 4, 20, 0, 0, 0, 0, 0] -- left --> [0, 365, 20, 0, 0, 0, 0, 0])
Transition([0, 365, 20, 0, 0, 0, 0, 0] -- 0.getPos.1.2 --> [0, 398, 20, 0, 0, 0, 0, 0])
Transition([0, 398, 20, 0, 0, 0, 0, 0] -- 0.setPos.1.1 --> [0, 0, 0, 0, 0, 0, 0, 0])
Transition([0, 4, 20, 0, 0, 0, 0, 0] -- right --> [0, 245, 20, 0, 0, 0, 0, 0])
Transition([0, 245, 20, 0, 0, 0, 0, 0] -- 0.getPos.1.2 --> [0, 274, 20, 0, 0, 0, 0, 0])
Transition([0, 274, 20, 0, 0, 0, 0, 0] -- 0.setPos.1.3 --> [0, 0, 19, 0, 0, 0, 0, 0])
Transition([0, 0, 19, 0, 0, 0, 0, 0] -- startSafeCheck --> [0, 1, 19, 0, 1, 0, 0, 0])
Transition([0, 1, 19, 0, 1, 0, 0, 0] -- 0.getPos.1.3 --> [0, 1, 19, 0, 25, 0, 0, 0])
Transition([0, 1, 19, 0, 25, 0, 0, 0] -- 1.getPos.4.2 --> [0, 1, 19, 0, 3, 0, 0, 0])
Transition([0, 1, 19, 0, 3, 0, 0, 0] -- checkSafeOk --> [0, 2, 19, 0, 0, 0, 0, 0])
Transition([0, 2, 19, 0, 0, 0, 0, 0] -- startLiveCheck --> [0, 3, 19, 1, 0, 1, 0, 0])
Transition([0, 3, 19, 1, 0, 1, 0, 0] -- 1.getPos.4.2 --> [0, 3, 19, 2, 0, 2, 0, 0])
Transition([0, 3, 19, 2, 0, 2, 0, 0] -- checkLiveDone --> [0, 4, 19, 0, 0, 0, 0, 0])
Transition([0, 4, 20, 0, 0, 0, 0, 0] -- up --> [0, 5, 20, 0, 0, 0, 0, 0])
Transition([0, 5, 20, 0, 0, 0, 0, 0] -- 0.getPos.1.2 --> [0, 18, 20, 0, 0, 0, 0, 0])
Transition([0, 4, 19, 0, 0, 0, 0, 0] -- down --> [0, 125, 19, 0, 0, 0, 0, 0])
Transition([0, 125, 19, 0, 0, 0, 0, 0] -- 0.getPos.1.3 --> [0, 153, 19, 0, 0, 0, 0, 0])
Transition([0, 153, 19, 0, 0, 0, 0, 0] -- 0.setPos.2.3 --> [0, 0, 5, 0, 0, 0, 0, 0])
Transition([0, 0, 5, 0, 0, 0, 0, 0] -- startSafeCheck --> [0, 1, 5, 0, 1, 0, 0, 0])
Transition([0, 1, 5, 0, 1, 0, 0, 0] -- 0.getPos.2.3 --> [0, 1, 5, 0, 12, 0, 0, 0])
Transition([0, 1, 5, 0, 12, 0, 0, 0] -- 1.getPos.4.2 --> [0, 1, 5, 0, 3, 0, 0, 0])
Transition([0, 1, 5, 0, 3, 0, 0, 0] -- checkSafeOk --> [0, 2, 5, 0, 0, 0, 0, 0])
Transition([0, 2, 5, 0, 0, 0, 0, 0] -- startLiveCheck --> [0, 3, 5, 1, 0, 1, 0, 0])
Transition([0, 3, 5, 1, 0, 1, 0, 0] -- 1.getPos.4.2 --> [0, 3, 5, 2, 0, 2, 0, 0])
Transition([0, 3, 5, 2, 0, 2, 0, 0] -- checkLiveDone --> [0, 4, 5, 0, 0, 0, 0, 0])
Transition([0, 4, 19, 0, 0, 0, 0, 0] -- left --> [0, 365, 19, 0, 0, 0, 0, 0])
Transition([0, 365, 19, 0, 0, 0, 0, 0] -- 0.getPos.1.3 --> [0, 389, 19, 0, 0, 0, 0, 0])
Transition([0, 389, 19, 0, 0, 0, 0, 0] -- 0.setPos.1.2 --> [0, 0, 20, 0, 0, 0, 0, 0])
Transition([0, 4, 19, 0, 0, 0, 0, 0] -- right --> [0, 245, 19, 0, 0, 0, 0, 0])
Transition([0, 245, 19, 0, 0, 0, 0, 0] -- 0.getPos.1.3 --> [0, 267, 19, 0, 0, 0, 0, 0])
Transition([0, 267, 19, 0, 0, 0, 0, 0] -- 0.setPos.1.4 --> [0, 0, 18, 0, 0, 0, 0, 0])
Transition([0, 0, 18, 0, 0, 0, 0, 0] -- startSafeCheck --> [0, 1, 18, 0, 1, 0, 0, 0])
Transition([0, 1, 18, 0, 1, 0, 0, 0] -- 0.getPos.1.4 --> [0, 1, 18, 0, 24, 0, 0, 0])
Transition([0, 1, 18, 0, 24, 0, 0, 0] -- 1.getPos.4.2 --> [0, 1, 18, 0, 3, 0, 0, 0])
Transition([0, 1, 18, 0, 3, 0, 0, 0] -- checkSafeOk --> [0, 2, 18, 0, 0, 0, 0, 0])
Transition([0, 2, 18, 0, 0, 0, 0, 0] -- startLiveCheck --> [0, 3, 18, 1, 0, 1, 0, 0])
Transition([0, 3, 18, 1, 0, 1, 0, 0] -- 1.getPos.4.2 --> [0, 3, 18, 2, 0, 2, 0, 0])
Transition([0, 3, 18, 2, 0, 2, 0, 0] -- checkLiveDone --> [0, 4, 18, 0, 0, 0, 0, 0])
Transition([0, 4, 19, 0, 0, 0, 0, 0] -- up --> [0, 5, 19, 0, 0, 0, 0, 0])
Transition([0, 5, 19, 0, 0, 0, 0, 0] -- 0.getPos.1.3 --> [0, 15, 19, 0, 0, 0, 0, 0])
Transition([0, 4, 6, 0, 0, 0, 0, 0] -- down --> [0, 125, 6, 0, 0, 0, 0, 0])
Transition([0, 125, 6, 0, 0, 0, 0, 0] -- 0.getPos.2.2 --> [0, 135, 6, 0, 0, 0, 0, 0])
Transition([0, 135, 6, 0, 0, 0, 0, 0] -- 0.setPos.3.2 --> [0, 0, 41, 0, 0, 0, 0, 0])
Transition([0, 0, 41, 0, 0, 0, 0, 0] -- startSafeCheck --> [0, 1, 41, 0, 1, 0, 0, 0])
Transition([0, 1, 41, 0, 1, 0, 0, 0] -- 0.getPos.3.2 --> [0, 1, 41, 0, 49, 0, 0, 0])
Transition([0, 1, 41, 0, 49, 0, 0, 0] -- 1.getPos.4.2 --> [0, 1, 41, 0, 3, 0, 0, 0])
Transition([0, 1, 41, 0, 3, 0, 0, 0] -- checkSafeOk --> [0, 2, 41, 0, 0, 0, 0, 0])
Transition([0, 2, 41, 0, 0, 0, 0, 0] -- startLiveCheck --> [0, 3, 41, 1, 0, 1, 0, 0])
Transition([0, 3, 41, 1, 0, 1, 0, 0] -- 1.getPos.4.2 --> [0, 3, 41, 2, 0, 2, 0, 0])
Transition([0, 3, 41, 2, 0, 2, 0, 0] -- checkLiveDone --> [0, 4, 41, 0, 0, 0, 0, 0])
Transition([0, 4, 6, 0, 0, 0, 0, 0] -- left --> [0, 365, 6, 0, 0, 0, 0, 0])
Transition([0, 365, 6, 0, 0, 0, 0, 0] -- 0.getPos.2.2 --> [0, 375, 6, 0, 0, 0, 0, 0])
Transition([0, 375, 6, 0, 0, 0, 0, 0] -- 0.setPos.2.1 --> [0, 0, 7, 0, 0, 0, 1, 0])
Transition([0, 4, 6, 0, 0, 0, 0, 0] -- right --> [0, 245, 6, 0, 0, 0, 0, 0])
Transition([0, 245, 6, 0, 0, 0, 0, 0] -- 0.getPos.2.2 --> [0, 251, 6, 0, 0, 0, 0, 0])
Transition([0, 251, 6, 0, 0, 0, 0, 0] -- 0.setPos.2.3 --> [0, 0, 5, 0, 0, 0, 0, 0])
Transition([0, 4, 6, 0, 0, 0, 0, 0] -- up --> [0, 5, 6, 0, 0, 0, 0, 0])
Transition([0, 5, 6, 0, 0, 0, 0, 0] -- 0.getPos.2.2 --> [0, 9, 6, 0, 0, 0, 0, 0])
Transition([0, 9, 6, 0, 0, 0, 0, 0] -- 0.setPos.1.2 --> [0, 0, 20, 0, 0, 0, 0, 0])
Transition([0, 4, 41, 0, 0, 0, 0, 0] -- down --> [0, 125, 41, 0, 0, 0, 0, 0])
Transition([0, 125, 41, 0, 0, 0, 0, 0] -- 0.getPos.3.2 --> [0, 233, 41, 0, 0, 0, 0, 0])
Transition([0, 233, 41, 0, 0, 0, 0, 0] -- 0.setPos.4.2 --> [0, 0, 34, 0, 0, 0, 0, 0])
Transition([0, 0, 34, 0, 0, 0, 0, 0] -- startSafeCheck --> [0, 1, 34, 0, 1, 0, 0, 0])
Transition([0, 1, 34, 0, 1, 0, 0, 0] -- 0.getPos.4.2 --> [0, 1, 34, 0, 38, 0, 0, 0])
Transition([0, 1, 34, 0, 38, 0, 0, 0] -- 1.getPos.4.2 --> [0, 1, 34, 0, 4, 0, 0, 0])
Transition([0, 233, 41, 0, 0, 0, 0, 0] -- 1.getPos.4.2 --> [0, 234, 41, 0, 0, 0, 0, 0])
Transition([0, 234, 41, 0, 0, 0, 0, 0] -- 1.setPos.5.2 --> [25, 235, 41, 0, 0, 0, 0, 0])
Transition([25, 235, 41, 0, 0, 0, 0, 0] -- 0.setPos.4.2 --> [25, 0, 34, 0, 0, 0, 0, 0])
Transition([25, 0, 34, 0, 0, 0, 0, 0] -- startSafeCheck --> [25, 1, 34, 0, 1, 0, 0, 0])
Transition([25, 1, 34, 0, 1, 0, 0, 0] -- 0.getPos.4.2 --> [25, 1, 34, 0, 38, 0, 0, 0])
Transition([25, 1, 34, 0, 38, 0, 0, 0] -- 1.getPos.5.2 --> [25, 1, 34, 0, 3, 0, 0, 0])
Transition([25, 1, 34, 0, 3, 0, 0, 0] -- checkSafeOk --> [25, 2, 34, 0, 0, 0, 0, 0])
Transition([25, 2, 34, 0, 0, 0, 0, 0] -- startLiveCheck --> [25, 3, 34, 1, 0, 1, 0, 0])
Transition([25, 3, 34, 1, 0, 1, 0, 0] -- 1.getPos.5.2 --> [25, 3, 34, 2, 0, 2, 0, 0])
Transition([25, 3, 34, 2, 0, 2, 0, 0] -- checkLiveDone --> [25, 4, 34, 0, 0, 0, 0, 0])
Transition([0, 4, 5, 0, 0, 0, 0, 0] -- down --> [0, 125, 5, 0, 0, 0, 0, 0])
Transition([0, 125, 5, 0, 0, 0, 0, 0] -- 0.getPos.2.3 --> [0, 132, 5, 0, 0, 0, 0, 0])
Transition([0, 132, 5, 0, 0, 0, 0, 0] -- 0.setPos.3.3 --> [0, 0, 48, 0, 0, 0, 0, 0])
Transition([0, 0, 48, 0, 0, 0, 0, 0] -- startSafeCheck --> [0, 1, 48, 0, 1, 0, 0, 0])
Transition([0, 1, 48, 0, 1, 0, 0, 0] -- 0.getPos.3.3 --> [0, 1, 48, 0, 52, 0, 0, 0])
Transition([0, 1, 48, 0, 52, 0, 0, 0] -- 1.getPos.4.2 --> [0, 1, 48, 0, 3, 0, 0, 0])
Transition([0, 1, 48, 0, 3, 0, 0, 0] -- checkSafeOk --> [0, 2, 48, 0, 0, 0, 0, 0])
Transition([0, 2, 48, 0, 0, 0, 0, 0] -- startLiveCheck --> [0, 3, 48, 1, 0, 1, 0, 0])
Transition([0, 3, 48, 1, 0, 1, 0, 0] -- 1.getPos.4.2 --> [0, 3, 48, 2, 0, 2, 0, 0])
Transition([0, 3, 48, 2, 0, 2, 0, 0] -- checkLiveDone --> [0, 4, 48, 0, 0, 0, 0, 0])
Transition([0, 4, 5, 0, 0, 0, 0, 0] -- left --> [0, 365, 5, 0, 0, 0, 0, 0])
Transition([0, 365, 5, 0, 0, 0, 0, 0] -- 0.getPos.2.3 --> [0, 372, 5, 0, 0, 0, 0, 0])
Transition([0, 372, 5, 0, 0, 0, 0, 0] -- 0.setPos.2.2 --> [0, 0, 6, 0, 0, 0, 0, 0])
Transition([0, 4, 18, 0, 0, 0, 0, 0] -- down --> [0, 125, 18, 0, 0, 0, 0, 0])
Transition([0, 125, 18, 0, 0, 0, 0, 0] -- 0.getPos.1.4 --> [0, 150, 18, 0, 0, 0, 0, 0])
Transition([0, 150, 18, 0, 0, 0, 0, 0] -- 0.setPos.2.4 --> [0, 0, 14, 0, 0, 0, 0, 0])
Transition([0, 0, 14, 0, 0, 0, 0, 0] -- startSafeCheck --> [0, 1, 14, 0, 1, 0, 0, 0])
Transition([0, 1, 14, 0, 1, 0, 0, 0] -- 0.getPos.2.4 --> [0, 1, 14, 0, 16, 0, 0, 0])
Transition([0, 1, 14, 0, 16, 0, 0, 0] -- 1.getPos.4.2 --> [0, 1, 14, 0, 3, 0, 0, 0])
Transition([0, 1, 14, 0, 3, 0, 0, 0] -- checkSafeOk --> [0, 2, 14, 0, 0, 0, 0, 0])
Transition([0, 2, 14, 0, 0, 0, 0, 0] -- startLiveCheck --> [0, 3, 14, 1, 0, 1, 0, 0])
Transition([0, 3, 14, 1, 0, 1, 0, 0] -- 1.getPos.4.2 --> [0, 3, 14, 2, 0, 2, 0, 0])
Transition([0, 3, 14, 2, 0, 2, 0, 0] -- checkLiveDone --> [0, 4, 14, 0, 0, 0, 0, 0])
Transition([0, 4, 18, 0, 0, 0, 0, 0] -- left --> [0, 365, 18, 0, 0, 0, 0, 0])
Transition([0, 365, 18, 0, 0, 0, 0, 0] -- 0.getPos.1.4 --> [0, 386, 18, 0, 0, 0, 0, 0])
Transition([0, 386, 18, 0, 0, 0, 0, 0] -- 0.setPos.1.3 --> [0, 0, 19, 0, 0, 0, 0, 0])
Transition([0, 4, 41, 0, 0, 0, 0, 0] -- left --> [0, 365, 41, 0, 0, 0, 0, 0])
Transition([0, 365, 41, 0, 0, 0, 0, 0] -- 0.getPos.3.2 --> [0, 477, 41, 0, 0, 0, 0, 0])
Transition([0, 477, 41, 0, 0, 0, 0, 0] -- 0.setPos.3.1 --> [0, 0, 42, 0, 0, 0, 0, 0])
Transition([0, 0, 42, 0, 0, 0, 0, 0] -- startSafeCheck --> [0, 1, 42, 0, 1, 0, 0, 0])
Transition([0, 1, 42, 0, 1, 0, 0, 0] -- 0.getPos.3.1 --> [0, 1, 42, 0, 50, 0, 0, 0])
Transition([0, 1, 42, 0, 50, 0, 0, 0] -- 1.getPos.4.2 --> [0, 1, 42, 0, 3, 0, 0, 0])
Transition([0, 1, 42, 0, 3, 0, 0, 0] -- checkSafeOk --> [0, 2, 42, 0, 0, 0, 0, 0])
Transition([0, 2, 42, 0, 0, 0, 0, 0] -- startLiveCheck --> [0, 3, 42, 1, 0, 1, 0, 0])
Transition([0, 3, 42, 1, 0, 1, 0, 0] -- 1.getPos.4.2 --> [0, 3, 42, 2, 0, 2, 0, 0])
Transition([0, 3, 42, 2, 0, 2, 0, 0] -- checkLiveDone --> [0, 4, 42, 0, 0, 0, 0, 0])
Transition([0, 4, 41, 0, 0, 0, 0, 0] -- right --> [0, 245, 41, 0, 0, 0, 0, 0])
Transition([0, 245, 41, 0, 0, 0, 0, 0] -- 0.getPos.3.2 --> [0, 353, 41, 0, 0, 0, 0, 0])
Transition([0, 353, 41, 0, 0, 0, 0, 0] -- 0.setPos.3.3 --> [0, 0, 48, 0, 0, 0, 0, 0])
Transition([0, 4, 41, 0, 0, 0, 0, 0] -- up --> [0, 5, 41, 0, 0, 0, 0, 0])
Transition([0, 5, 41, 0, 0, 0, 0, 0] -- 0.getPos.3.2 --> [0, 113, 41, 0, 0, 0, 0, 0])
Transition([0, 113, 41, 0, 0, 0, 0, 0] -- 0.setPos.2.2 --> [0, 0, 6, 0, 0, 0, 0, 0])
Transition([0, 4, 18, 0, 0, 0, 0, 0] -- right --> [0, 245, 18, 0, 0, 0, 0, 0])
Transition([0, 245, 18, 0, 0, 0, 0, 0] -- 0.getPos.1.4 --> [0, 264, 18, 0, 0, 0, 0, 0])
Transition([0, 264, 18, 0, 0, 0, 0, 0] -- 0.setPos.1.5 --> [0, 0, 27, 0, 0, 0, 1, 0])
Transition([0, 0, 27, 0, 0, 0, 1, 0] -- illegalPosition --> [0, 0, 27, 0, 0, 0, 1, 0])
Transition([0, 4, 18, 0, 0, 0, 0, 0] -- up --> [0, 5, 18, 0, 0, 0, 0, 0])
Transition([0, 5, 18, 0, 0, 0, 0, 0] -- 0.getPos.1.4 --> [0, 14, 18, 0, 0, 0, 0, 0])
Transition([0, 4, 5, 0, 0, 0, 0, 0] -- right --> [0, 245, 5, 0, 0, 0, 0, 0])
Transition([0, 245, 5, 0, 0, 0, 0, 0] -- 0.getPos.2.3 --> [0, 248, 5, 0, 0, 0, 0, 0])
Transition([0, 248, 5, 0, 0, 0, 0, 0] -- 0.setPos.2.4 --> [0, 0, 14, 0, 0, 0, 0, 0])
Transition([0, 4, 5, 0, 0, 0, 0, 0] -- up --> [0, 5, 5, 0, 0, 0, 0, 0])
Transition([0, 5, 5, 0, 0, 0, 0, 0] -- 0.getPos.2.3 --> [0, 8, 5, 0, 0, 0, 0, 0])
Transition([0, 8, 5, 0, 0, 0, 0, 0] -- 0.setPos.1.3 --> [0, 0, 19, 0, 0, 0, 0, 0])
Transition([0, 4, 14, 0, 0, 0, 0, 0] -- down --> [0, 125, 14, 0, 0, 0, 0, 0])
Transition([0, 125, 14, 0, 0, 0, 0, 0] -- 0.getPos.2.4 --> [0, 141, 14, 0, 0, 0, 0, 0])
Transition([0, 141, 14, 0, 0, 0, 0, 0] -- 0.setPos.3.4 --> [0, 0, 47, 0, 0, 0, 0, 0])
Transition([0, 0, 47, 0, 0, 0, 0, 0] -- startSafeCheck --> [0, 1, 47, 0, 1, 0, 0, 0])
Transition([0, 1, 47, 0, 1, 0, 0, 0] -- 0.getPos.3.4 --> [0, 1, 47, 0, 51, 0, 0, 0])
Transition([0, 1, 47, 0, 51, 0, 0, 0] -- 1.getPos.4.2 --> [0, 1, 47, 0, 3, 0, 0, 0])
Transition([0, 1, 47, 0, 3, 0, 0, 0] -- checkSafeOk --> [0, 2, 47, 0, 0, 0, 0, 0])
Transition([0, 2, 47, 0, 0, 0, 0, 0] -- startLiveCheck --> [0, 3, 47, 1, 0, 1, 0, 0])
Transition([0, 3, 47, 1, 0, 1, 0, 0] -- 1.getPos.4.2 --> [0, 3, 47, 2, 0, 2, 0, 0])
Transition([0, 3, 47, 2, 0, 2, 0, 0] -- checkLiveDone --> [0, 4, 47, 0, 0, 0, 0, 0])
Transition([0, 4, 14, 0, 0, 0, 0, 0] -- left --> [0, 365, 14, 0, 0, 0, 0, 0])
Transition([0, 365, 14, 0, 0, 0, 0, 0] -- 0.getPos.2.4 --> [0, 379, 14, 0, 0, 0, 0, 0])
Transition([0, 379, 14, 0, 0, 0, 0, 0] -- 0.setPos.2.3 --> [0, 0, 5, 0, 0, 0, 0, 0])
Transition([0, 4, 42, 0, 0, 0, 0, 0] -- down --> [0, 125, 42, 0, 0, 0, 0, 0])
Transition([0, 125, 42, 0, 0, 0, 0, 0] -- 0.getPos.3.1 --> [0, 236, 42, 0, 0, 0, 0, 0])
Transition([0, 236, 42, 0, 0, 0, 0, 0] -- 0.setPos.4.1 --> [0, 0, 30, 0, 0, 0, 0, 0])
Transition([0, 0, 30, 0, 0, 0, 0, 0] -- startSafeCheck --> [0, 1, 30, 0, 1, 0, 0, 0])
Transition([0, 1, 30, 0, 1, 0, 0, 0] -- 0.getPos.4.1 --> [0, 1, 30, 0, 36, 0, 0, 0])
Transition([0, 1, 30, 0, 36, 0, 0, 0] -- 1.getPos.4.2 --> [0, 1, 30, 0, 3, 0, 0, 0])
Transition([0, 1, 30, 0, 3, 0, 0, 0] -- checkSafeOk --> [0, 2, 30, 0, 0, 0, 0, 0])
Transition([0, 2, 30, 0, 0, 0, 0, 0] -- startLiveCheck --> [0, 3, 30, 1, 0, 1, 0, 0])
Transition([0, 3, 30, 1, 0, 1, 0, 0] -- 1.getPos.4.2 --> [0, 3, 30, 2, 0, 2, 0, 0])
Transition([0, 3, 30, 2, 0, 2, 0, 0] -- checkLiveDone --> [0, 4, 30, 0, 0, 0, 0, 0])
Transition([0, 4, 42, 0, 0, 0, 0, 0] -- left --> [0, 365, 42, 0, 0, 0, 0, 0])
Transition([0, 365, 42, 0, 0, 0, 0, 0] -- 0.getPos.3.1 --> [0, 478, 42, 0, 0, 0, 0, 0])
Transition([0, 4, 42, 0, 0, 0, 0, 0] -- right --> [0, 245, 42, 0, 0, 0, 0, 0])
Transition([0, 245, 42, 0, 0, 0, 0, 0] -- 0.getPos.3.1 --> [0, 356, 42, 0, 0, 0, 0, 0])
Transition([0, 356, 42, 0, 0, 0, 0, 0] -- 0.setPos.3.2 --> [0, 0, 41, 0, 0, 0, 0, 0])
Transition([0, 4, 14, 0, 0, 0, 0, 0] -- right --> [0, 245, 14, 0, 0, 0, 0, 0])
Transition([0, 245, 14, 0, 0, 0, 0, 0] -- 0.getPos.2.4 --> [0, 257, 14, 0, 0, 0, 0, 0])
Transition([0, 257, 14, 0, 0, 0, 0, 0] -- 0.setPos.2.5 --> [0, 0, 13, 0, 0, 0, 0, 0])
Transition([0, 0, 13, 0, 0, 0, 0, 0] -- startSafeCheck --> [0, 1, 13, 0, 1, 0, 0, 0])
Transition([0, 1, 13, 0, 1, 0, 0, 0] -- 0.getPos.2.5 --> [0, 1, 13, 0, 15, 0, 0, 0])
Transition([0, 1, 13, 0, 15, 0, 0, 0] -- 1.getPos.4.2 --> [0, 1, 13, 0, 3, 0, 0, 0])
Transition([0, 1, 13, 0, 3, 0, 0, 0] -- checkSafeOk --> [0, 2, 13, 0, 0, 0, 0, 0])
Transition([0, 2, 13, 0, 0, 0, 0, 0] -- startLiveCheck --> [0, 3, 13, 1, 0, 1, 0, 0])
Transition([0, 3, 13, 1, 0, 1, 0, 0] -- 1.getPos.4.2 --> [0, 3, 13, 2, 0, 2, 0, 0])
Transition([0, 3, 13, 2, 0, 2, 0, 0] -- checkLiveDone --> [0, 4, 13, 0, 0, 0, 0, 0])
Transition([0, 4, 14, 0, 0, 0, 0, 0] -- up --> [0, 5, 14, 0, 0, 0, 0, 0])
Transition([0, 5, 14, 0, 0, 0, 0, 0] -- 0.getPos.2.4 --> [0, 11, 14, 0, 0, 0, 0, 0])
Transition([0, 11, 14, 0, 0, 0, 0, 0] -- 0.setPos.1.4 --> [0, 0, 18, 0, 0, 0, 0, 0])
Transition([0, 4, 48, 0, 0, 0, 0, 0] -- down --> [0, 125, 48, 0, 0, 0, 0, 0])
Transition([0, 125, 48, 0, 0, 0, 0, 0] -- 0.getPos.3.3 --> [0, 242, 48, 0, 0, 0, 0, 0])
Transition([0, 242, 48, 0, 0, 0, 0, 0] -- 0.setPos.4.3 --> [0, 0, 33, 0, 0, 0, 0, 0])
Transition([0, 0, 33, 0, 0, 0, 0, 0] -- startSafeCheck --> [0, 1, 33, 0, 1, 0, 0, 0])
Transition([0, 1, 33, 0, 1, 0, 0, 0] -- 0.getPos.4.3 --> [0, 1, 33, 0, 37, 0, 0, 0])
Transition([0, 1, 33, 0, 37, 0, 0, 0] -- 1.getPos.4.2 --> [0, 1, 33, 0, 3, 0, 0, 0])
Transition([0, 1, 33, 0, 3, 0, 0, 0] -- checkSafeOk --> [0, 2, 33, 0, 0, 0, 0, 0])
Transition([0, 2, 33, 0, 0, 0, 0, 0] -- startLiveCheck --> [0, 3, 33, 1, 0, 1, 0, 0])
Transition([0, 3, 33, 1, 0, 1, 0, 0] -- 1.getPos.4.2 --> [0, 3, 33, 2, 0, 2, 0, 0])
Transition([0, 3, 33, 2, 0, 2, 0, 0] -- checkLiveDone --> [0, 4, 33, 0, 0, 0, 0, 0])
Transition([0, 4, 48, 0, 0, 0, 0, 0] -- left --> [0, 365, 48, 0, 0, 0, 0, 0])
Transition([0, 365, 48, 0, 0, 0, 0, 0] -- 0.getPos.3.3 --> [0, 482, 48, 0, 0, 0, 0, 0])
Transition([0, 482, 48, 0, 0, 0, 0, 0] -- 0.setPos.3.2 --> [0, 0, 41, 0, 0, 0, 0, 0])
Transition([0, 4, 48, 0, 0, 0, 0, 0] -- right --> [0, 245, 48, 0, 0, 0, 0, 0])
Transition([0, 245, 48, 0, 0, 0, 0, 0] -- 0.getPos.3.3 --> [0, 362, 48, 0, 0, 0, 0, 0])
Transition([0, 362, 48, 0, 0, 0, 0, 0] -- 0.setPos.3.4 --> [0, 0, 47, 0, 0, 0, 0, 0])
Transition([0, 4, 48, 0, 0, 0, 0, 0] -- up --> [0, 5, 48, 0, 0, 0, 0, 0])
Transition([0, 5, 48, 0, 0, 0, 0, 0] -- 0.getPos.3.3 --> [0, 122, 48, 0, 0, 0, 0, 0])
Transition([0, 122, 48, 0, 0, 0, 0, 0] -- 0.setPos.2.3 --> [0, 0, 5, 0, 0, 0, 0, 0])
Transition([0, 4, 42, 0, 0, 0, 0, 0] -- up --> [0, 5, 42, 0, 0, 0, 0, 0])
Transition([0, 5, 42, 0, 0, 0, 0, 0] -- 0.getPos.3.1 --> [0, 116, 42, 0, 0, 0, 0, 0])
Transition([0, 116, 42, 0, 0, 0, 0, 0] -- 0.setPos.2.1 --> [0, 0, 7, 0, 0, 0, 1, 0])
Transition([25, 4, 34, 0, 0, 0, 0, 0] -- down --> [25, 125, 34, 0, 0, 0, 0, 0])
Transition([25, 125, 34, 0, 0, 0, 0, 0] -- 0.getPos.4.2 --> [25, 221, 34, 0, 0, 0, 0, 0])
Transition([25, 221, 34, 0, 0, 0, 0, 0] -- 0.setPos.5.2 --> [25, 0, 24, 0, 0, 0, 0, 0])
Transition([25, 0, 24, 0, 0, 0, 0, 0] -- startSafeCheck --> [25, 1, 24, 0, 1, 0, 0, 0])
Transition([25, 1, 24, 0, 1, 0, 0, 0] -- 0.getPos.5.2 --> [25, 1, 24, 0, 26, 0, 0, 0])
Transition([25, 1, 24, 0, 26, 0, 0, 0] -- 1.getPos.5.2 --> [25, 1, 24, 0, 4, 0, 0, 0])
Transition([25, 221, 34, 0, 0, 0, 0, 0] -- 1.getPos.5.2 --> [25, 222, 34, 0, 0, 0, 0, 0])
Transition([25, 222, 34, 0, 0, 0, 0, 0] -- 1.setPos.6.2 --> [10, 223, 34, 0, 0, 0, 0, 0])
Transition([10, 223, 34, 0, 0, 0, 0, 0] -- 0.setPos.5.2 --> [10, 0, 24, 0, 0, 0, 0, 0])
Transition([10, 0, 24, 0, 0, 0, 0, 0] -- startSafeCheck --> [10, 1, 24, 0, 1, 0, 0, 0])
Transition([10, 1, 24, 0, 1, 0, 0, 0] -- 0.getPos.5.2 --> [10, 1, 24, 0, 26, 0, 0, 0])
Transition([10, 1, 24, 0, 26, 0, 0, 0] -- 1.getPos.6.2 --> [10, 1, 24, 0, 3, 0, 0, 0])
Transition([10, 1, 24, 0, 3, 0, 0, 0] -- checkSafeOk --> [10, 2, 24, 0, 0, 0, 0, 0])
Transition([10, 2, 24, 0, 0, 0, 0, 0] -- startLiveCheck --> [10, 3, 24, 1, 0, 1, 0, 0])
Transition([10, 3, 24, 1, 0, 1, 0, 0] -- 1.getPos.6.2 --> [10, 3, 24, 2, 0, 2, 0, 0])
Transition([10, 3, 24, 2, 0, 2, 0, 0] -- checkLiveDone --> [10, 4, 24, 0, 0, 0, 0, 0])
Transition([25, 4, 34, 0, 0, 0, 0, 0] -- left --> [25, 365, 34, 0, 0, 0, 0, 0])
Transition([25, 365, 34, 0, 0, 0, 0, 0] -- 0.getPos.4.2 --> [25, 467, 34, 0, 0, 0, 0, 0])
Transition([25, 467, 34, 0, 0, 0, 0, 0] -- 0.setPos.4.1 --> [25, 0, 30, 0, 0, 0, 0, 0])
Transition([25, 0, 30, 0, 0, 0, 0, 0] -- startSafeCheck --> [25, 1, 30, 0, 1, 0, 0, 0])
Transition([25, 1, 30, 0, 1, 0, 0, 0] -- 0.getPos.4.1 --> [25, 1, 30, 0, 36, 0, 0, 0])
Transition([25, 1, 30, 0, 36, 0, 0, 0] -- 1.getPos.5.2 --> [25, 1, 30, 0, 3, 0, 0, 0])
Transition([25, 1, 30, 0, 3, 0, 0, 0] -- checkSafeOk --> [25, 2, 30, 0, 0, 0, 0, 0])
Transition([25, 2, 30, 0, 0, 0, 0, 0] -- startLiveCheck --> [25, 3, 30, 1, 0, 1, 0, 0])
Transition([25, 3, 30, 1, 0, 1, 0, 0] -- 1.getPos.5.2 --> [25, 3, 30, 2, 0, 2, 0, 0])
Transition([25, 3, 30, 2, 0, 2, 0, 0] -- checkLiveDone --> [25, 4, 30, 0, 0, 0, 0, 0])
Transition([25, 4, 34, 0, 0, 0, 0, 0] -- right --> [25, 245, 34, 0, 0, 0, 0, 0])
Transition([25, 245, 34, 0, 0, 0, 0, 0] -- 0.getPos.4.2 --> [25, 345, 34, 0, 0, 0, 0, 0])
Transition([25, 345, 34, 0, 0, 0, 0, 0] -- 0.setPos.4.3 --> [25, 0, 33, 0, 0, 0, 0, 0])
Transition([25, 0, 33, 0, 0, 0, 0, 0] -- startSafeCheck --> [25, 1, 33, 0, 1, 0, 0, 0])
Transition([25, 1, 33, 0, 1, 0, 0, 0] -- 0.getPos.4.3 --> [25, 1, 33, 0, 37, 0, 0, 0])
Transition([25, 1, 33, 0, 37, 0, 0, 0] -- 1.getPos.5.2 --> [25, 1, 33, 0, 3, 0, 0, 0])
Transition([25, 1, 33, 0, 3, 0, 0, 0] -- checkSafeOk --> [25, 2, 33, 0, 0, 0, 0, 0])
Transition([25, 2, 33, 0, 0, 0, 0, 0] -- startLiveCheck --> [25, 3, 33, 1, 0, 1, 0, 0])
Transition([25, 3, 33, 1, 0, 1, 0, 0] -- 1.getPos.5.2 --> [25, 3, 33, 2, 0, 2, 0, 0])
Transition([25, 3, 33, 2, 0, 2, 0, 0] -- checkLiveDone --> [25, 4, 33, 0, 0, 0, 0, 0])
Transition([25, 4, 34, 0, 0, 0, 0, 0] -- up --> [25, 5, 34, 0, 0, 0, 0, 0])
Transition([25, 5, 34, 0, 0, 0, 0, 0] -- 0.getPos.4.2 --> [25, 101, 34, 0, 0, 0, 0, 0])
Transition([25, 101, 34, 0, 0, 0, 0, 0] -- 0.setPos.3.2 --> [25, 0, 41, 0, 0, 0, 0, 0])
Transition([25, 0, 41, 0, 0, 0, 0, 0] -- startSafeCheck --> [25, 1, 41, 0, 1, 0, 0, 0])
Transition([25, 1, 41, 0, 1, 0, 0, 0] -- 0.getPos.3.2 --> [25, 1, 41, 0, 49, 0, 0, 0])
Transition([25, 1, 41, 0, 49, 0, 0, 0] -- 1.getPos.5.2 --> [25, 1, 41, 0, 3, 0, 0, 0])
Transition([25, 1, 41, 0, 3, 0, 0, 0] -- checkSafeOk --> [25, 2, 41, 0, 0, 0, 0, 0])
Transition([25, 2, 41, 0, 0, 0, 0, 0] -- startLiveCheck --> [25, 3, 41, 1, 0, 1, 0, 0])
Transition([25, 3, 41, 1, 0, 1, 0, 0] -- 1.getPos.5.2 --> [25, 3, 41, 2, 0, 2, 0, 0])
Transition([25, 3, 41, 2, 0, 2, 0, 0] -- checkLiveDone --> [25, 4, 41, 0, 0, 0, 0, 0])
Transition([0, 4, 13, 0, 0, 0, 0, 0] -- down --> [0, 125, 13, 0, 0, 0, 0, 0])
Transition([0, 125, 13, 0, 0, 0, 0, 0] -- 0.getPos.2.5 --> [0, 138, 13, 0, 0, 0, 0, 0])
Transition([0, 138, 13, 0, 0, 0, 0, 0] -- 0.setPos.3.5 --> [0, 0, 46, 0, 0, 0, 1, 0])
Transition([0, 0, 46, 0, 0, 0, 1, 0] -- illegalPosition --> [0, 0, 46, 0, 0, 0, 1, 0])
Transition([0, 4, 47, 0, 0, 0, 0, 0] -- down --> [0, 125, 47, 0, 0, 0, 0, 0])
Transition([0, 125, 47, 0, 0, 0, 0, 0] -- 0.getPos.3.4 --> [0, 239, 47, 0, 0, 0, 0, 0])
Transition([0, 239, 47, 0, 0, 0, 0, 0] -- 0.setPos.4.4 --> [0, 0, 32, 0, 0, 0, 0, 0])
Transition([0, 0, 32, 0, 0, 0, 0, 0] -- startSafeCheck --> [0, 1, 32, 0, 1, 0, 0, 0])
Transition([0, 1, 32, 0, 1, 0, 0, 0] -- 0.getPos.4.4 --> [0, 1, 32, 0, 33, 0, 0, 0])
Transition([0, 1, 32, 0, 33, 0, 0, 0] -- 1.getPos.4.2 --> [0, 1, 32, 0, 3, 0, 0, 0])
Transition([0, 1, 32, 0, 3, 0, 0, 0] -- checkSafeOk --> [0, 2, 32, 0, 0, 0, 0, 0])
Transition([0, 2, 32, 0, 0, 0, 0, 0] -- startLiveCheck --> [0, 3, 32, 1, 0, 1, 0, 0])
Transition([0, 3, 32, 1, 0, 1, 0, 0] -- 1.getPos.4.2 --> [0, 3, 32, 2, 0, 2, 0, 0])
Transition([0, 3, 32, 2, 0, 2, 0, 0] -- checkLiveDone --> [0, 4, 32, 0, 0, 0, 0, 0])
Transition([0, 4, 13, 0, 0, 0, 0, 0] -- left --> [0, 365, 13, 0, 0, 0, 0, 0])
Transition([0, 365, 13, 0, 0, 0, 0, 0] -- 0.getPos.2.5 --> [0, 376, 13, 0, 0, 0, 0, 0])
Transition([0, 376, 13, 0, 0, 0, 0, 0] -- 0.setPos.2.4 --> [0, 0, 14, 0, 0, 0, 0, 0])
Transition([0, 4, 47, 0, 0, 0, 0, 0] -- left --> [0, 365, 47, 0, 0, 0, 0, 0])
Transition([0, 365, 47, 0, 0, 0, 0, 0] -- 0.getPos.3.4 --> [0, 479, 47, 0, 0, 0, 0, 0])
Transition([0, 479, 47, 0, 0, 0, 0, 0] -- 0.setPos.3.3 --> [0, 0, 48, 0, 0, 0, 0, 0])
Transition([0, 4, 13, 0, 0, 0, 0, 0] -- right --> [0, 245, 13, 0, 0, 0, 0, 0])
Transition([0, 245, 13, 0, 0, 0, 0, 0] -- 0.getPos.2.5 --> [0, 254, 13, 0, 0, 0, 0, 0])
Transition([0, 254, 13, 0, 0, 0, 0, 0] -- 0.setPos.2.6 --> [0, 0, 11, 0, 0, 0, 0, 0])
Transition([0, 0, 11, 0, 0, 0, 0, 0] -- startSafeCheck --> [0, 1, 11, 0, 1, 0, 0, 0])
Transition([0, 1, 11, 0, 1, 0, 0, 0] -- 0.getPos.2.6 --> [0, 1, 11, 0, 9, 0, 0, 0])
Transition([0, 1, 11, 0, 9, 0, 0, 0] -- 1.getPos.4.2 --> [0, 1, 11, 0, 3, 0, 0, 0])
Transition([0, 1, 11, 0, 3, 0, 0, 0] -- checkSafeOk --> [0, 2, 11, 0, 0, 0, 0, 0])
Transition([0, 2, 11, 0, 0, 0, 0, 0] -- startLiveCheck --> [0, 3, 11, 1, 0, 1, 0, 0])
Transition([0, 3, 11, 1, 0, 1, 0, 0] -- 1.getPos.4.2 --> [0, 3, 11, 2, 0, 2, 0, 0])
Transition([0, 3, 11, 2, 0, 2, 0, 0] -- checkLiveDone --> [0, 4, 11, 0, 0, 0, 0, 0])
Transition([0, 4, 47, 0, 0, 0, 0, 0] -- right --> [0, 245, 47, 0, 0, 0, 0, 0])
Transition([0, 245, 47, 0, 0, 0, 0, 0] -- 0.getPos.3.4 --> [0, 359, 47, 0, 0, 0, 0, 0])
Transition([0, 359, 47, 0, 0, 0, 0, 0] -- 0.setPos.3.5 --> [0, 0, 46, 0, 0, 0, 1, 0])
Transition([0, 4, 13, 0, 0, 0, 0, 0] -- up --> [0, 5, 13, 0, 0, 0, 0, 0])
Transition([0, 5, 13, 0, 0, 0, 0, 0] -- 0.getPos.2.5 --> [0, 10, 13, 0, 0, 0, 0, 0])
Transition([0, 10, 13, 0, 0, 0, 0, 0] -- 0.setPos.1.5 --> [0, 0, 27, 0, 0, 0, 1, 0])
Transition([0, 4, 47, 0, 0, 0, 0, 0] -- up --> [0, 5, 47, 0, 0, 0, 0, 0])
Transition([0, 5, 47, 0, 0, 0, 0, 0] -- 0.getPos.3.4 --> [0, 119, 47, 0, 0, 0, 0, 0])
Transition([0, 119, 47, 0, 0, 0, 0, 0] -- 0.setPos.2.4 --> [0, 0, 14, 0, 0, 0, 0, 0])
Transition([0, 4, 33, 0, 0, 0, 0, 0] -- down --> [0, 125, 33, 0, 0, 0, 0, 0])
Transition([0, 125, 33, 0, 0, 0, 0, 0] -- 0.getPos.4.3 --> [0, 218, 33, 0, 0, 0, 0, 0])
Transition([0, 218, 33, 0, 0, 0, 0, 0] -- 0.setPos.5.3 --> [0, 0, 22, 0, 0, 0, 0, 0])
Transition([0, 0, 22, 0, 0, 0, 0, 0] -- startSafeCheck --> [0, 1, 22, 0, 1, 0, 0, 0])
Transition([0, 1, 22, 0, 1, 0, 0, 0] -- 0.getPos.5.3 --> [0, 1, 22, 0, 20, 0, 0, 0])
Transition([0, 1, 22, 0, 20, 0, 0, 0] -- 1.getPos.4.2 --> [0, 1, 22, 0, 3, 0, 0, 0])
Transition([0, 1, 22, 0, 3, 0, 0, 0] -- checkSafeOk --> [0, 2, 22, 0, 0, 0, 0, 0])
Transition([0, 2, 22, 0, 0, 0, 0, 0] -- startLiveCheck --> [0, 3, 22, 1, 0, 1, 0, 0])
Transition([0, 3, 22, 1, 0, 1, 0, 0] -- 1.getPos.4.2 --> [0, 3, 22, 2, 0, 2, 0, 0])
Transition([0, 3, 22, 2, 0, 2, 0, 0] -- checkLiveDone --> [0, 4, 22, 0, 0, 0, 0, 0])
Transition([0, 4, 30, 0, 0, 0, 0, 0] -- down --> [0, 125, 30, 0, 0, 0, 0, 0])
Transition([0, 125, 30, 0, 0, 0, 0, 0] -- 0.getPos.4.1 --> [0, 215, 30, 0, 0, 0, 0, 0])
Transition([0, 215, 30, 0, 0, 0, 0, 0] -- 0.setPos.5.1 --> [0, 0, 26, 0, 0, 0, 0, 0])
Transition([0, 0, 26, 0, 0, 0, 0, 0] -- startSafeCheck --> [0, 1, 26, 0, 1, 0, 0, 0])
Transition([0, 1, 26, 0, 1, 0, 0, 0] -- 0.getPos.5.1 --> [0, 1, 26, 0, 28, 0, 0, 0])
Transition([0, 1, 26, 0, 28, 0, 0, 0] -- 1.getPos.4.2 --> [0, 1, 26, 0, 3, 0, 0, 0])
Transition([0, 1, 26, 0, 3, 0, 0, 0] -- checkSafeOk --> [0, 2, 26, 0, 0, 0, 0, 0])
Transition([0, 2, 26, 0, 0, 0, 0, 0] -- startLiveCheck --> [0, 3, 26, 1, 0, 1, 0, 0])
Transition([0, 3, 26, 1, 0, 1, 0, 0] -- 1.getPos.4.2 --> [0, 3, 26, 2, 0, 2, 0, 0])
Transition([0, 3, 26, 2, 0, 2, 0, 0] -- checkLiveDone --> [0, 4, 26, 0, 0, 0, 0, 0])
Transition([0, 4, 33, 0, 0, 0, 0, 0] -- left --> [0, 365, 33, 0, 0, 0, 0, 0])
Transition([0, 365, 33, 0, 0, 0, 0, 0] -- 0.getPos.4.3 --> [0, 464, 33, 0, 0, 0, 0, 0])
Transition([0, 464, 33, 0, 0, 0, 0, 0] -- 0.setPos.4.2 --> [0, 0, 34, 0, 0, 0, 0, 0])
Transition([0, 464, 33, 0, 0, 0, 0, 0] -- 1.getPos.4.2 --> [0, 465, 33, 0, 0, 0, 0, 0])
Transition([0, 465, 33, 0, 0, 0, 0, 0] -- 1.setPos.4.1 --> [31, 466, 33, 0, 0, 0, 0, 0])
Transition([31, 466, 33, 0, 0, 0, 0, 0] -- 0.setPos.4.2 --> [31, 0, 34, 0, 0, 0, 0, 0])
Transition([31, 0, 34, 0, 0, 0, 0, 0] -- startSafeCheck --> [31, 1, 34, 0, 1, 0, 0, 0])
Transition([31, 1, 34, 0, 1, 0, 0, 0] -- 0.getPos.4.2 --> [31, 1, 34, 0, 38, 0, 0, 0])
Transition([31, 1, 34, 0, 38, 0, 0, 0] -- 1.getPos.4.1 --> [31, 1, 34, 0, 3, 0, 0, 0])
Transition([31, 1, 34, 0, 3, 0, 0, 0] -- checkSafeOk --> [31, 2, 34, 0, 0, 0, 0, 0])
Transition([31, 2, 34, 0, 0, 0, 0, 0] -- startLiveCheck --> [31, 3, 34, 1, 0, 1, 0, 0])
Transition([31, 3, 34, 1, 0, 1, 0, 0] -- 1.getPos.4.1 --> [31, 3, 34, 2, 0, 2, 0, 0])
Transition([31, 3, 34, 2, 0, 2, 0, 0] -- checkLiveDone --> [31, 4, 34, 0, 0, 0, 0, 0])
Transition([0, 4, 30, 0, 0, 0, 0, 0] -- left --> [0, 365, 30, 0, 0, 0, 0, 0])
Transition([0, 365, 30, 0, 0, 0, 0, 0] -- 0.getPos.4.1 --> [0, 463, 30, 0, 0, 0, 0, 0])
Transition([0, 4, 33, 0, 0, 0, 0, 0] -- right --> [0, 245, 33, 0, 0, 0, 0, 0])
Transition([0, 245, 33, 0, 0, 0, 0, 0] -- 0.getPos.4.3 --> [0, 342, 33, 0, 0, 0, 0, 0])
Transition([0, 342, 33, 0, 0, 0, 0, 0] -- 0.setPos.4.4 --> [0, 0, 32, 0, 0, 0, 0, 0])
Transition([0, 4, 30, 0, 0, 0, 0, 0] -- right --> [0, 245, 30, 0, 0, 0, 0, 0])
Transition([0, 245, 30, 0, 0, 0, 0, 0] -- 0.getPos.4.1 --> [0, 339, 30, 0, 0, 0, 0, 0])
Transition([0, 339, 30, 0, 0, 0, 0, 0] -- 0.setPos.4.2 --> [0, 0, 34, 0, 0, 0, 0, 0])
Transition([0, 339, 30, 0, 0, 0, 0, 0] -- 1.getPos.4.2 --> [0, 340, 30, 0, 0, 0, 0, 0])
Transition([0, 340, 30, 0, 0, 0, 0, 0] -- 1.setPos.4.3 --> [34, 341, 30, 0, 0, 0, 0, 0])
Transition([34, 341, 30, 0, 0, 0, 0, 0] -- 0.setPos.4.2 --> [34, 0, 34, 0, 0, 0, 0, 0])
Transition([34, 0, 34, 0, 0, 0, 0, 0] -- startSafeCheck --> [34, 1, 34, 0, 1, 0, 0, 0])
Transition([34, 1, 34, 0, 1, 0, 0, 0] -- 0.getPos.4.2 --> [34, 1, 34, 0, 38, 0, 0, 0])
Transition([34, 1, 34, 0, 38, 0, 0, 0] -- 1.getPos.4.3 --> [34, 1, 34, 0, 3, 0, 0, 0])
Transition([34, 1, 34, 0, 3, 0, 0, 0] -- checkSafeOk --> [34, 2, 34, 0, 0, 0, 0, 0])
Transition([34, 2, 34, 0, 0, 0, 0, 0] -- startLiveCheck --> [34, 3, 34, 1, 0, 1, 0, 0])
Transition([34, 3, 34, 1, 0, 1, 0, 0] -- 1.getPos.4.3 --> [34, 3, 34, 2, 0, 2, 0, 0])
Transition([34, 3, 34, 2, 0, 2, 0, 0] -- checkLiveDone --> [34, 4, 34, 0, 0, 0, 0, 0])
Transition([0, 4, 33, 0, 0, 0, 0, 0] -- up --> [0, 5, 33, 0, 0, 0, 0, 0])
Transition([0, 5, 33, 0, 0, 0, 0, 0] -- 0.getPos.4.3 --> [0, 98, 33, 0, 0, 0, 0, 0])
Transition([0, 98, 33, 0, 0, 0, 0, 0] -- 0.setPos.3.3 --> [0, 0, 48, 0, 0, 0, 0, 0])
Transition([0, 4, 30, 0, 0, 0, 0, 0] -- up --> [0, 5, 30, 0, 0, 0, 0, 0])
Transition([0, 5, 30, 0, 0, 0, 0, 0] -- 0.getPos.4.1 --> [0, 95, 30, 0, 0, 0, 0, 0])
Transition([0, 95, 30, 0, 0, 0, 0, 0] -- 0.setPos.3.1 --> [0, 0, 42, 0, 0, 0, 0, 0])
Transition([25, 4, 33, 0, 0, 0, 0, 0] -- down --> [25, 125, 33, 0, 0, 0, 0, 0])
Transition([25, 125, 33, 0, 0, 0, 0, 0] -- 0.getPos.4.3 --> [25, 218, 33, 0, 0, 0, 0, 0])
Transition([25, 218, 33, 0, 0, 0, 0, 0] -- 0.setPos.5.3 --> [25, 0, 22, 0, 0, 0, 0, 0])
Transition([25, 0, 22, 0, 0, 0, 0, 0] -- startSafeCheck --> [25, 1, 22, 0, 1, 0, 0, 0])
Transition([25, 1, 22, 0, 1, 0, 0, 0] -- 0.getPos.5.3 --> [25, 1, 22, 0, 20, 0, 0, 0])
Transition([25, 1, 22, 0, 20, 0, 0, 0] -- 1.getPos.5.2 --> [25, 1, 22, 0, 3, 0, 0, 0])
Transition([25, 1, 22, 0, 3, 0, 0, 0] -- checkSafeOk --> [25, 2, 22, 0, 0, 0, 0, 0])
Transition([25, 2, 22, 0, 0, 0, 0, 0] -- startLiveCheck --> [25, 3, 22, 1, 0, 1, 0, 0])
Transition([25, 3, 22, 1, 0, 1, 0, 0] -- 1.getPos.5.2 --> [25, 3, 22, 2, 0, 2, 0, 0])
Transition([25, 3, 22, 2, 0, 2, 0, 0] -- checkLiveDone --> [25, 4, 22, 0, 0, 0, 0, 0])
Transition([25, 4, 41, 0, 0, 0, 0, 0] -- down --> [25, 125, 41, 0, 0, 0, 0, 0])
Transition([25, 125, 41, 0, 0, 0, 0, 0] -- 0.getPos.3.2 --> [25, 233, 41, 0, 0, 0, 0, 0])
Transition([25, 233, 41, 0, 0, 0, 0, 0] -- 0.setPos.4.2 --> [25, 0, 34, 0, 0, 0, 0, 0])
Transition([25, 4, 41, 0, 0, 0, 0, 0] -- left --> [25, 365, 41, 0, 0, 0, 0, 0])
Transition([25, 365, 41, 0, 0, 0, 0, 0] -- 0.getPos.3.2 --> [25, 477, 41, 0, 0, 0, 0, 0])
Transition([25, 477, 41, 0, 0, 0, 0, 0] -- 0.setPos.3.1 --> [25, 0, 42, 0, 0, 0, 0, 0])
Transition([25, 0, 42, 0, 0, 0, 0, 0] -- startSafeCheck --> [25, 1, 42, 0, 1, 0, 0, 0])
Transition([25, 1, 42, 0, 1, 0, 0, 0] -- 0.getPos.3.1 --> [25, 1, 42, 0, 50, 0, 0, 0])
Transition([25, 1, 42, 0, 50, 0, 0, 0] -- 1.getPos.5.2 --> [25, 1, 42, 0, 3, 0, 0, 0])
Transition([25, 1, 42, 0, 3, 0, 0, 0] -- checkSafeOk --> [25, 2, 42, 0, 0, 0, 0, 0])
Transition([25, 2, 42, 0, 0, 0, 0, 0] -- startLiveCheck --> [25, 3, 42, 1, 0, 1, 0, 0])
Transition([25, 3, 42, 1, 0, 1, 0, 0] -- 1.getPos.5.2 --> [25, 3, 42, 2, 0, 2, 0, 0])
Transition([25, 3, 42, 2, 0, 2, 0, 0] -- checkLiveDone --> [25, 4, 42, 0, 0, 0, 0, 0])
Transition([25, 4, 30, 0, 0, 0, 0, 0] -- down --> [25, 125, 30, 0, 0, 0, 0, 0])
Transition([25, 125, 30, 0, 0, 0, 0, 0] -- 0.getPos.4.1 --> [25, 215, 30, 0, 0, 0, 0, 0])
Transition([25, 215, 30, 0, 0, 0, 0, 0] -- 0.setPos.5.1 --> [25, 0, 26, 0, 0, 0, 0, 0])
Transition([25, 0, 26, 0, 0, 0, 0, 0] -- startSafeCheck --> [25, 1, 26, 0, 1, 0, 0, 0])
Transition([25, 1, 26, 0, 1, 0, 0, 0] -- 0.getPos.5.1 --> [25, 1, 26, 0, 28, 0, 0, 0])
Transition([25, 1, 26, 0, 28, 0, 0, 0] -- 1.getPos.5.2 --> [25, 1, 26, 0, 3, 0, 0, 0])
Transition([25, 1, 26, 0, 3, 0, 0, 0] -- checkSafeOk --> [25, 2, 26, 0, 0, 0, 0, 0])
Transition([25, 2, 26, 0, 0, 0, 0, 0] -- startLiveCheck --> [25, 3, 26, 1, 0, 1, 0, 0])
Transition([25, 3, 26, 1, 0, 1, 0, 0] -- 1.getPos.5.2 --> [25, 3, 26, 2, 0, 2, 0, 0])
Transition([25, 3, 26, 2, 0, 2, 0, 0] -- checkLiveDone --> [25, 4, 26, 0, 0, 0, 0, 0])
Transition([25, 4, 41, 0, 0, 0, 0, 0] -- right --> [25, 245, 41, 0, 0, 0, 0, 0])
Transition([25, 245, 41, 0, 0, 0, 0, 0] -- 0.getPos.3.2 --> [25, 353, 41, 0, 0, 0, 0, 0])
Transition([25, 353, 41, 0, 0, 0, 0, 0] -- 0.setPos.3.3 --> [25, 0, 48, 0, 0, 0, 0, 0])
Transition([25, 0, 48, 0, 0, 0, 0, 0] -- startSafeCheck --> [25, 1, 48, 0, 1, 0, 0, 0])
Transition([25, 1, 48, 0, 1, 0, 0, 0] -- 0.getPos.3.3 --> [25, 1, 48, 0, 52, 0, 0, 0])
Transition([25, 1, 48, 0, 52, 0, 0, 0] -- 1.getPos.5.2 --> [25, 1, 48, 0, 3, 0, 0, 0])
Transition([25, 1, 48, 0, 3, 0, 0, 0] -- checkSafeOk --> [25, 2, 48, 0, 0, 0, 0, 0])
Transition([25, 2, 48, 0, 0, 0, 0, 0] -- startLiveCheck --> [25, 3, 48, 1, 0, 1, 0, 0])
Transition([25, 3, 48, 1, 0, 1, 0, 0] -- 1.getPos.5.2 --> [25, 3, 48, 2, 0, 2, 0, 0])
Transition([25, 3, 48, 2, 0, 2, 0, 0] -- checkLiveDone --> [25, 4, 48, 0, 0, 0, 0, 0])
Transition([25, 4, 30, 0, 0, 0, 0, 0] -- left --> [25, 365, 30, 0, 0, 0, 0, 0])
Transition([25, 365, 30, 0, 0, 0, 0, 0] -- 0.getPos.4.1 --> [25, 463, 30, 0, 0, 0, 0, 0])
Transition([25, 4, 30, 0, 0, 0, 0, 0] -- right --> [25, 245, 30, 0, 0, 0, 0, 0])
Transition([25, 245, 30, 0, 0, 0, 0, 0] -- 0.getPos.4.1 --> [25, 339, 30, 0, 0, 0, 0, 0])
Transition([25, 339, 30, 0, 0, 0, 0, 0] -- 0.setPos.4.2 --> [25, 0, 34, 0, 0, 0, 0, 0])
Transition([25, 4, 33, 0, 0, 0, 0, 0] -- left --> [25, 365, 33, 0, 0, 0, 0, 0])
Transition([25, 365, 33, 0, 0, 0, 0, 0] -- 0.getPos.4.3 --> [25, 464, 33, 0, 0, 0, 0, 0])
Transition([25, 464, 33, 0, 0, 0, 0, 0] -- 0.setPos.4.2 --> [25, 0, 34, 0, 0, 0, 0, 0])
Transition([25, 4, 41, 0, 0, 0, 0, 0] -- up --> [25, 5, 41, 0, 0, 0, 0, 0])
Transition([25, 5, 41, 0, 0, 0, 0, 0] -- 0.getPos.3.2 --> [25, 113, 41, 0, 0, 0, 0, 0])
Transition([25, 113, 41, 0, 0, 0, 0, 0] -- 0.setPos.2.2 --> [25, 0, 6, 0, 0, 0, 0, 0])
Transition([25, 0, 6, 0, 0, 0, 0, 0] -- startSafeCheck --> [25, 1, 6, 0, 1, 0, 0, 0])
Transition([25, 1, 6, 0, 1, 0, 0, 0] -- 0.getPos.2.2 --> [25, 1, 6, 0, 13, 0, 0, 0])
Transition([25, 1, 6, 0, 13, 0, 0, 0] -- 1.getPos.5.2 --> [25, 1, 6, 0, 3, 0, 0, 0])
Transition([25, 1, 6, 0, 3, 0, 0, 0] -- checkSafeOk --> [25, 2, 6, 0, 0, 0, 0, 0])
Transition([25, 2, 6, 0, 0, 0, 0, 0] -- startLiveCheck --> [25, 3, 6, 1, 0, 1, 0, 0])
Transition([25, 3, 6, 1, 0, 1, 0, 0] -- 1.getPos.5.2 --> [25, 3, 6, 2, 0, 2, 0, 0])
Transition([25, 3, 6, 2, 0, 2, 0, 0] -- checkLiveDone --> [25, 4, 6, 0, 0, 0, 0, 0])
Transition([25, 4, 33, 0, 0, 0, 0, 0] -- right --> [25, 245, 33, 0, 0, 0, 0, 0])
Transition([25, 245, 33, 0, 0, 0, 0, 0] -- 0.getPos.4.3 --> [25, 342, 33, 0, 0, 0, 0, 0])
Transition([25, 342, 33, 0, 0, 0, 0, 0] -- 0.setPos.4.4 --> [25, 0, 32, 0, 0, 0, 0, 0])
Transition([25, 0, 32, 0, 0, 0, 0, 0] -- startSafeCheck --> [25, 1, 32, 0, 1, 0, 0, 0])
Transition([25, 1, 32, 0, 1, 0, 0, 0] -- 0.getPos.4.4 --> [25, 1, 32, 0, 33, 0, 0, 0])
Transition([25, 1, 32, 0, 33, 0, 0, 0] -- 1.getPos.5.2 --> [25, 1, 32, 0, 3, 0, 0, 0])
Transition([25, 1, 32, 0, 3, 0, 0, 0] -- checkSafeOk --> [25, 2, 32, 0, 0, 0, 0, 0])
Transition([25, 2, 32, 0, 0, 0, 0, 0] -- startLiveCheck --> [25, 3, 32, 1, 0, 1, 0, 0])
Transition([25, 3, 32, 1, 0, 1, 0, 0] -- 1.getPos.5.2 --> [25, 3, 32, 2, 0, 2, 0, 0])
Transition([25, 3, 32, 2, 0, 2, 0, 0] -- checkLiveDone --> [25, 4, 32, 0, 0, 0, 0, 0])
Transition([25, 4, 30, 0, 0, 0, 0, 0] -- up --> [25, 5, 30, 0, 0, 0, 0, 0])
Transition([25, 5, 30, 0, 0, 0, 0, 0] -- 0.getPos.4.1 --> [25, 95, 30, 0, 0, 0, 0, 0])
Transition([25, 95, 30, 0, 0, 0, 0, 0] -- 0.setPos.3.1 --> [25, 0, 42, 0, 0, 0, 0, 0])
Transition([25, 4, 33, 0, 0, 0, 0, 0] -- up --> [25, 5, 33, 0, 0, 0, 0, 0])
Transition([25, 5, 33, 0, 0, 0, 0, 0] -- 0.getPos.4.3 --> [25, 98, 33, 0, 0, 0, 0, 0])
Transition([25, 98, 33, 0, 0, 0, 0, 0] -- 0.setPos.3.3 --> [25, 0, 48, 0, 0, 0, 0, 0])
Transition([10, 4, 24, 0, 0, 0, 0, 0] -- down --> [10, 125, 24, 0, 0, 0, 0, 0])
Transition([10, 125, 24, 0, 0, 0, 0, 0] -- 0.getPos.5.2 --> [10, 197, 24, 0, 0, 0, 0, 0])
Transition([10, 197, 24, 0, 0, 0, 0, 0] -- 0.setPos.6.2 --> [10, 0, 10, 0, 0, 0, 0, 0])
Transition([10, 0, 10, 0, 0, 0, 0, 0] -- startSafeCheck --> [10, 1, 10, 0, 1, 0, 0, 0])
Transition([10, 1, 10, 0, 1, 0, 0, 0] -- 0.getPos.6.2 --> [10, 1, 10, 0, 8, 0, 0, 0])
Transition([10, 1, 10, 0, 8, 0, 0, 0] -- 1.getPos.6.2 --> [10, 1, 10, 0, 4, 0, 0, 0])
Transition([10, 197, 24, 0, 0, 0, 0, 0] -- 1.getPos.6.2 --> [10, 198, 24, 0, 0, 0, 0, 0])
Transition([10, 198, 24, 0, 0, 0, 0, 0] -- 1.setPos.7.2 --> [43, 199, 24, 0, 0, 0, 0, 0])
Transition([43, 199, 24, 0, 0, 0, 0, 0] -- 0.setPos.6.2 --> [43, 0, 10, 0, 0, 0, 0, 0])
Transition([43, 0, 10, 0, 0, 0, 0, 0] -- startSafeCheck --> [43, 1, 10, 0, 1, 0, 0, 0])
Transition([43, 1, 10, 0, 1, 0, 0, 0] -- 0.getPos.6.2 --> [43, 1, 10, 0, 8, 0, 0, 0])
Transition([43, 1, 10, 0, 8, 0, 0, 0] -- 1.getPos.7.2 --> [43, 1, 10, 0, 3, 0, 0, 0])
Transition([43, 1, 10, 0, 3, 0, 0, 0] -- checkSafeOk --> [43, 2, 10, 0, 0, 0, 0, 0])
Transition([43, 2, 10, 0, 0, 0, 0, 0] -- startLiveCheck --> [43, 3, 10, 1, 0, 1, 0, 0])
Transition([43, 3, 10, 1, 0, 1, 0, 0] -- 1.getPos.7.2 --> [43, 3, 10, 2, 0, 2, 0, 0])
Transition([43, 3, 10, 2, 0, 2, 0, 0] -- checkLiveDone --> [43, 4, 10, 0, 0, 0, 0, 0])
Transition([10, 4, 24, 0, 0, 0, 0, 0] -- left --> [10, 365, 24, 0, 0, 0, 0, 0])
Transition([10, 365, 24, 0, 0, 0, 0, 0] -- 0.getPos.5.2 --> [10, 449, 24, 0, 0, 0, 0, 0])
Transition([10, 449, 24, 0, 0, 0, 0, 0] -- 0.setPos.5.1 --> [10, 0, 26, 0, 0, 0, 0, 0])
Transition([10, 0, 26, 0, 0, 0, 0, 0] -- startSafeCheck --> [10, 1, 26, 0, 1, 0, 0, 0])
Transition([10, 1, 26, 0, 1, 0, 0, 0] -- 0.getPos.5.1 --> [10, 1, 26, 0, 28, 0, 0, 0])
Transition([10, 1, 26, 0, 28, 0, 0, 0] -- 1.getPos.6.2 --> [10, 1, 26, 0, 3, 0, 0, 0])
Transition([10, 1, 26, 0, 3, 0, 0, 0] -- checkSafeOk --> [10, 2, 26, 0, 0, 0, 0, 0])
Transition([10, 2, 26, 0, 0, 0, 0, 0] -- startLiveCheck --> [10, 3, 26, 1, 0, 1, 0, 0])
Transition([10, 3, 26, 1, 0, 1, 0, 0] -- 1.getPos.6.2 --> [10, 3, 26, 2, 0, 2, 0, 0])
Transition([10, 3, 26, 2, 0, 2, 0, 0] -- checkLiveDone --> [10, 4, 26, 0, 0, 0, 0, 0])
Transition([10, 4, 24, 0, 0, 0, 0, 0] -- right --> [10, 245, 24, 0, 0, 0, 0, 0])
Transition([10, 245, 24, 0, 0, 0, 0, 0] -- 0.getPos.5.2 --> [10, 325, 24, 0, 0, 0, 0, 0])
Transition([10, 325, 24, 0, 0, 0, 0, 0] -- 0.setPos.5.3 --> [10, 0, 22, 0, 0, 0, 0, 0])
Transition([10, 0, 22, 0, 0, 0, 0, 0] -- startSafeCheck --> [10, 1, 22, 0, 1, 0, 0, 0])
Transition([10, 1, 22, 0, 1, 0, 0, 0] -- 0.getPos.5.3 --> [10, 1, 22, 0, 20, 0, 0, 0])
Transition([10, 1, 22, 0, 20, 0, 0, 0] -- 1.getPos.6.2 --> [10, 1, 22, 0, 3, 0, 0, 0])
Transition([10, 1, 22, 0, 3, 0, 0, 0] -- checkSafeOk --> [10, 2, 22, 0, 0, 0, 0, 0])
Transition([10, 2, 22, 0, 0, 0, 0, 0] -- startLiveCheck --> [10, 3, 22, 1, 0, 1, 0, 0])
Transition([10, 3, 22, 1, 0, 1, 0, 0] -- 1.getPos.6.2 --> [10, 3, 22, 2, 0, 2, 0, 0])
Transition([10, 3, 22, 2, 0, 2, 0, 0] -- checkLiveDone --> [10, 4, 22, 0, 0, 0, 0, 0])
Transition([10, 4, 24, 0, 0, 0, 0, 0] -- up --> [10, 5, 24, 0, 0, 0, 0, 0])
Transition([10, 5, 24, 0, 0, 0, 0, 0] -- 0.getPos.5.2 --> [10, 77, 24, 0, 0, 0, 0, 0])
Transition([10, 77, 24, 0, 0, 0, 0, 0] -- 0.setPos.4.2 --> [10, 0, 34, 0, 0, 0, 0, 0])
Transition([10, 0, 34, 0, 0, 0, 0, 0] -- startSafeCheck --> [10, 1, 34, 0, 1, 0, 0, 0])
Transition([10, 1, 34, 0, 1, 0, 0, 0] -- 0.getPos.4.2 --> [10, 1, 34, 0, 38, 0, 0, 0])
Transition([10, 1, 34, 0, 38, 0, 0, 0] -- 1.getPos.6.2 --> [10, 1, 34, 0, 3, 0, 0, 0])
Transition([10, 1, 34, 0, 3, 0, 0, 0] -- checkSafeOk --> [10, 2, 34, 0, 0, 0, 0, 0])
Transition([10, 2, 34, 0, 0, 0, 0, 0] -- startLiveCheck --> [10, 3, 34, 1, 0, 1, 0, 0])
Transition([10, 3, 34, 1, 0, 1, 0, 0] -- 1.getPos.6.2 --> [10, 3, 34, 2, 0, 2, 0, 0])
Transition([10, 3, 34, 2, 0, 2, 0, 0] -- checkLiveDone --> [10, 4, 34, 0, 0, 0, 0, 0])
Transition([0, 4, 32, 0, 0, 0, 0, 0] -- down --> [0, 125, 32, 0, 0, 0, 0, 0])
Transition([0, 125, 32, 0, 0, 0, 0, 0] -- 0.getPos.4.4 --> [0, 206, 32, 0, 0, 0, 0, 0])
Transition([0, 206, 32, 0, 0, 0, 0, 0] -- 0.setPos.5.4 --> [0, 0, 21, 0, 0, 0, 0, 0])
Transition([0, 0, 21, 0, 0, 0, 0, 0] -- startSafeCheck --> [0, 1, 21, 0, 1, 0, 0, 0])
Transition([0, 1, 21, 0, 1, 0, 0, 0] -- 0.getPos.5.4 --> [0, 1, 21, 0, 19, 0, 0, 0])
Transition([0, 1, 21, 0, 19, 0, 0, 0] -- 1.getPos.4.2 --> [0, 1, 21, 0, 3, 0, 0, 0])
Transition([0, 1, 21, 0, 3, 0, 0, 0] -- checkSafeOk --> [0, 2, 21, 0, 0, 0, 0, 0])
Transition([0, 2, 21, 0, 0, 0, 0, 0] -- startLiveCheck --> [0, 3, 21, 1, 0, 1, 0, 0])
Transition([0, 3, 21, 1, 0, 1, 0, 0] -- 1.getPos.4.2 --> [0, 3, 21, 2, 0, 2, 0, 0])
Transition([0, 3, 21, 2, 0, 2, 0, 0] -- checkLiveDone --> [0, 4, 21, 0, 0, 0, 0, 0])
Transition([0, 4, 22, 0, 0, 0, 0, 0] -- down --> [0, 125, 22, 0, 0, 0, 0, 0])
Transition([0, 125, 22, 0, 0, 0, 0, 0] -- 0.getPos.5.3 --> [0, 188, 22, 0, 0, 0, 0, 0])
Transition([0, 188, 22, 0, 0, 0, 0, 0] -- 0.setPos.6.3 --> [0, 0, 8, 0, 0, 0, 0, 0])
Transition([0, 0, 8, 0, 0, 0, 0, 0] -- startSafeCheck --> [0, 1, 8, 0, 1, 0, 0, 0])
Transition([0, 1, 8, 0, 1, 0, 0, 0] -- 0.getPos.6.3 --> [0, 1, 8, 0, 6, 0, 0, 0])
Transition([0, 1, 8, 0, 6, 0, 0, 0] -- 1.getPos.4.2 --> [0, 1, 8, 0, 3, 0, 0, 0])
Transition([0, 1, 8, 0, 3, 0, 0, 0] -- checkSafeOk --> [0, 2, 8, 0, 0, 0, 0, 0])
Transition([0, 2, 8, 0, 0, 0, 0, 0] -- startLiveCheck --> [0, 3, 8, 1, 0, 1, 0, 0])
Transition([0, 3, 8, 1, 0, 1, 0, 0] -- 1.getPos.4.2 --> [0, 3, 8, 2, 0, 2, 0, 0])
Transition([0, 3, 8, 2, 0, 2, 0, 0] -- checkLiveDone --> [0, 4, 8, 0, 0, 0, 0, 0])
Transition([0, 4, 32, 0, 0, 0, 0, 0] -- left --> [0, 365, 32, 0, 0, 0, 0, 0])
Transition([0, 365, 32, 0, 0, 0, 0, 0] -- 0.getPos.4.4 --> [0, 454, 32, 0, 0, 0, 0, 0])
Transition([0, 454, 32, 0, 0, 0, 0, 0] -- 0.setPos.4.3 --> [0, 0, 33, 0, 0, 0, 0, 0])
Transition([0, 4, 22, 0, 0, 0, 0, 0] -- left --> [0, 365, 22, 0, 0, 0, 0, 0])
Transition([0, 365, 22, 0, 0, 0, 0, 0] -- 0.getPos.5.3 --> [0, 440, 22, 0, 0, 0, 0, 0])
Transition([0, 440, 22, 0, 0, 0, 0, 0] -- 0.setPos.5.2 --> [0, 0, 24, 0, 0, 0, 0, 0])
Transition([0, 0, 24, 0, 0, 0, 0, 0] -- startSafeCheck --> [0, 1, 24, 0, 1, 0, 0, 0])
Transition([0, 1, 24, 0, 1, 0, 0, 0] -- 0.getPos.5.2 --> [0, 1, 24, 0, 26, 0, 0, 0])
Transition([0, 1, 24, 0, 26, 0, 0, 0] -- 1.getPos.4.2 --> [0, 1, 24, 0, 3, 0, 0, 0])
Transition([0, 1, 24, 0, 3, 0, 0, 0] -- checkSafeOk --> [0, 2, 24, 0, 0, 0, 0, 0])
Transition([0, 2, 24, 0, 0, 0, 0, 0] -- startLiveCheck --> [0, 3, 24, 1, 0, 1, 0, 0])
Transition([0, 3, 24, 1, 0, 1, 0, 0] -- 1.getPos.4.2 --> [0, 3, 24, 2, 0, 2, 0, 0])
Transition([0, 3, 24, 2, 0, 2, 0, 0] -- checkLiveDone --> [0, 4, 24, 0, 0, 0, 0, 0])
Transition([0, 4, 32, 0, 0, 0, 0, 0] -- right --> [0, 245, 32, 0, 0, 0, 0, 0])
Transition([0, 245, 32, 0, 0, 0, 0, 0] -- 0.getPos.4.4 --> [0, 334, 32, 0, 0, 0, 0, 0])
Transition([0, 334, 32, 0, 0, 0, 0, 0] -- 0.setPos.4.5 --> [0, 0, 31, 0, 0, 0, 0, 0])
Transition([0, 0, 31, 0, 0, 0, 0, 0] -- startSafeCheck --> [0, 1, 31, 0, 1, 0, 0, 0])
Transition([0, 1, 31, 0, 1, 0, 0, 0] -- 0.getPos.4.5 --> [0, 1, 31, 0, 32, 0, 0, 0])
Transition([0, 1, 31, 0, 32, 0, 0, 0] -- 1.getPos.4.2 --> [0, 1, 31, 0, 3, 0, 0, 0])
Transition([0, 1, 31, 0, 3, 0, 0, 0] -- checkSafeOk --> [0, 2, 31, 0, 0, 0, 0, 0])
Transition([0, 2, 31, 0, 0, 0, 0, 0] -- startLiveCheck --> [0, 3, 31, 1, 0, 1, 0, 0])
Transition([0, 3, 31, 1, 0, 1, 0, 0] -- 1.getPos.4.2 --> [0, 3, 31, 2, 0, 2, 0, 0])
Transition([0, 3, 31, 2, 0, 2, 0, 0] -- checkLiveDone --> [0, 4, 31, 0, 0, 0, 0, 0])
Transition([0, 4, 22, 0, 0, 0, 0, 0] -- right --> [0, 245, 22, 0, 0, 0, 0, 0])
Transition([0, 245, 22, 0, 0, 0, 0, 0] -- 0.getPos.5.3 --> [0, 318, 22, 0, 0, 0, 0, 0])
Transition([0, 318, 22, 0, 0, 0, 0, 0] -- 0.setPos.5.4 --> [0, 0, 21, 0, 0, 0, 0, 0])
Transition([0, 4, 32, 0, 0, 0, 0, 0] -- up --> [0, 5, 32, 0, 0, 0, 0, 0])
Transition([0, 5, 32, 0, 0, 0, 0, 0] -- 0.getPos.4.4 --> [0, 86, 32, 0, 0, 0, 0, 0])
Transition([0, 86, 32, 0, 0, 0, 0, 0] -- 0.setPos.3.4 --> [0, 0, 47, 0, 0, 0, 0, 0])
Transition([0, 4, 22, 0, 0, 0, 0, 0] -- up --> [0, 5, 22, 0, 0, 0, 0, 0])
Transition([0, 5, 22, 0, 0, 0, 0, 0] -- 0.getPos.5.3 --> [0, 68, 22, 0, 0, 0, 0, 0])
Transition([0, 68, 22, 0, 0, 0, 0, 0] -- 0.setPos.4.3 --> [0, 0, 33, 0, 0, 0, 0, 0])
Transition([0, 4, 11, 0, 0, 0, 0, 0] -- down --> [0, 125, 11, 0, 0, 0, 0, 0])
Transition([0, 125, 11, 0, 0, 0, 0, 0] -- 0.getPos.2.6 --> [0, 129, 11, 0, 0, 0, 0, 0])
Transition([0, 129, 11, 0, 0, 0, 0, 0] -- 0.setPos.3.6 --> [0, 0, 44, 0, 0, 0, 0, 0])
Transition([0, 0, 44, 0, 0, 0, 0, 0] -- startSafeCheck --> [0, 1, 44, 0, 1, 0, 0, 0])
Transition([0, 1, 44, 0, 1, 0, 0, 0] -- 0.getPos.3.6 --> [0, 1, 44, 0, 43, 0, 0, 0])
Transition([0, 1, 44, 0, 43, 0, 0, 0] -- 1.getPos.4.2 --> [0, 1, 44, 0, 3, 0, 0, 0])
Transition([0, 1, 44, 0, 3, 0, 0, 0] -- checkSafeOk --> [0, 2, 44, 0, 0, 0, 0, 0])
Transition([0, 2, 44, 0, 0, 0, 0, 0] -- startLiveCheck --> [0, 3, 44, 1, 0, 1, 0, 0])
Transition([0, 3, 44, 1, 0, 1, 0, 0] -- 1.getPos.4.2 --> [0, 3, 44, 2, 0, 2, 0, 0])
Transition([0, 3, 44, 2, 0, 2, 0, 0] -- checkLiveDone --> [0, 4, 44, 0, 0, 0, 0, 0])
Transition([0, 4, 26, 0, 0, 0, 0, 0] -- down --> [0, 125, 26, 0, 0, 0, 0, 0])
Transition([0, 125, 26, 0, 0, 0, 0, 0] -- 0.getPos.5.1 --> [0, 200, 26, 0, 0, 0, 0, 0])
Transition([0, 200, 26, 0, 0, 0, 0, 0] -- 0.setPos.6.1 --> [0, 0, 12, 0, 0, 0, 0, 0])
Transition([0, 0, 12, 0, 0, 0, 0, 0] -- startSafeCheck --> [0, 1, 12, 0, 1, 0, 0, 0])
Transition([0, 1, 12, 0, 1, 0, 0, 0] -- 0.getPos.6.1 --> [0, 1, 12, 0, 14, 0, 0, 0])
Transition([0, 1, 12, 0, 14, 0, 0, 0] -- 1.getPos.4.2 --> [0, 1, 12, 0, 3, 0, 0, 0])
Transition([0, 1, 12, 0, 3, 0, 0, 0] -- checkSafeOk --> [0, 2, 12, 0, 0, 0, 0, 0])
Transition([0, 2, 12, 0, 0, 0, 0, 0] -- startLiveCheck --> [0, 3, 12, 1, 0, 1, 0, 0])
Transition([0, 3, 12, 1, 0, 1, 0, 0] -- 1.getPos.4.2 --> [0, 3, 12, 2, 0, 2, 0, 0])
Transition([0, 3, 12, 2, 0, 2, 0, 0] -- checkLiveDone --> [0, 4, 12, 0, 0, 0, 0, 0])
Transition([0, 4, 11, 0, 0, 0, 0, 0] -- left --> [0, 365, 11, 0, 0, 0, 0, 0])
Transition([0, 365, 11, 0, 0, 0, 0, 0] -- 0.getPos.2.6 --> [0, 369, 11, 0, 0, 0, 0, 0])
Transition([0, 369, 11, 0, 0, 0, 0, 0] -- 0.setPos.2.5 --> [0, 0, 13, 0, 0, 0, 0, 0])
Transition([0, 4, 26, 0, 0, 0, 0, 0] -- left --> [0, 365, 26, 0, 0, 0, 0, 0])
Transition([0, 365, 26, 0, 0, 0, 0, 0] -- 0.getPos.5.1 --> [0, 450, 26, 0, 0, 0, 0, 0])
Transition([0, 4, 11, 0, 0, 0, 0, 0] -- right --> [0, 245, 11, 0, 0, 0, 0, 0])
Transition([0, 245, 11, 0, 0, 0, 0, 0] -- 0.getPos.2.6 --> [0, 247, 11, 0, 0, 0, 0, 0])
Transition([0, 247, 11, 0, 0, 0, 0, 0] -- 0.setPos.2.7 --> [0, 0, 9, 0, 0, 0, 0, 0])
Transition([0, 0, 9, 0, 0, 0, 0, 0] -- startSafeCheck --> [0, 1, 9, 0, 1, 0, 0, 0])
Transition([0, 1, 9, 0, 1, 0, 0, 0] -- 0.getPos.2.7 --> [0, 1, 9, 0, 7, 0, 0, 0])
Transition([0, 1, 9, 0, 7, 0, 0, 0] -- 1.getPos.4.2 --> [0, 1, 9, 0, 3, 0, 0, 0])
Transition([0, 1, 9, 0, 3, 0, 0, 0] -- checkSafeOk --> [0, 2, 9, 0, 0, 0, 0, 0])
Transition([0, 2, 9, 0, 0, 0, 0, 0] -- startLiveCheck --> [0, 3, 9, 1, 0, 1, 0, 0])
Transition([0, 3, 9, 1, 0, 1, 0, 0] -- 1.getPos.4.2 --> [0, 3, 9, 2, 0, 2, 0, 0])
Transition([0, 3, 9, 2, 0, 2, 0, 0] -- checkLiveDone --> [0, 4, 9, 0, 0, 0, 0, 0])
Transition([0, 4, 26, 0, 0, 0, 0, 0] -- right --> [0, 245, 26, 0, 0, 0, 0, 0])
Transition([0, 245, 26, 0, 0, 0, 0, 0] -- 0.getPos.5.1 --> [0, 328, 26, 0, 0, 0, 0, 0])
Transition([0, 328, 26, 0, 0, 0, 0, 0] -- 0.setPos.5.2 --> [0, 0, 24, 0, 0, 0, 0, 0])
Transition([0, 4, 11, 0, 0, 0, 0, 0] -- up --> [0, 5, 11, 0, 0, 0, 0, 0])
Transition([0, 5, 11, 0, 0, 0, 0, 0] -- 0.getPos.2.6 --> [0, 7, 11, 0, 0, 0, 0, 0])
Transition([0, 7, 11, 0, 0, 0, 0, 0] -- 0.setPos.1.6 --> [0, 0, 25, 0, 0, 0, 0, 0])
Transition([0, 0, 25, 0, 0, 0, 0, 0] -- startSafeCheck --> [0, 1, 25, 0, 1, 0, 0, 0])
Transition([0, 1, 25, 0, 1, 0, 0, 0] -- 0.getPos.1.6 --> [0, 1, 25, 0, 27, 0, 0, 0])
Transition([0, 1, 25, 0, 27, 0, 0, 0] -- 1.getPos.4.2 --> [0, 1, 25, 0, 3, 0, 0, 0])
Transition([0, 1, 25, 0, 3, 0, 0, 0] -- checkSafeOk --> [0, 2, 25, 0, 0, 0, 0, 0])
Transition([0, 2, 25, 0, 0, 0, 0, 0] -- startLiveCheck --> [0, 3, 25, 1, 0, 1, 0, 0])
Transition([0, 3, 25, 1, 0, 1, 0, 0] -- 1.getPos.4.2 --> [0, 3, 25, 2, 0, 2, 0, 0])
Transition([0, 3, 25, 2, 0, 2, 0, 0] -- checkLiveDone --> [0, 4, 25, 0, 0, 0, 0, 0])
Transition([0, 4, 26, 0, 0, 0, 0, 0] -- up --> [0, 5, 26, 0, 0, 0, 0, 0])
Transition([0, 5, 26, 0, 0, 0, 0, 0] -- 0.getPos.5.1 --> [0, 80, 26, 0, 0, 0, 0, 0])
Transition([0, 80, 26, 0, 0, 0, 0, 0] -- 0.setPos.4.1 --> [0, 0, 30, 0, 0, 0, 0, 0])
Transition([25, 4, 26, 0, 0, 0, 0, 0] -- down --> [25, 125, 26, 0, 0, 0, 0, 0])
Transition([25, 125, 26, 0, 0, 0, 0, 0] -- 0.getPos.5.1 --> [25, 200, 26, 0, 0, 0, 0, 0])
Transition([25, 200, 26, 0, 0, 0, 0, 0] -- 0.setPos.6.1 --> [25, 0, 12, 0, 0, 0, 0, 0])
Transition([25, 0, 12, 0, 0, 0, 0, 0] -- startSafeCheck --> [25, 1, 12, 0, 1, 0, 0, 0])
Transition([25, 1, 12, 0, 1, 0, 0, 0] -- 0.getPos.6.1 --> [25, 1, 12, 0, 14, 0, 0, 0])
Transition([25, 1, 12, 0, 14, 0, 0, 0] -- 1.getPos.5.2 --> [25, 1, 12, 0, 3, 0, 0, 0])
Transition([25, 1, 12, 0, 3, 0, 0, 0] -- checkSafeOk --> [25, 2, 12, 0, 0, 0, 0, 0])
Transition([25, 2, 12, 0, 0, 0, 0, 0] -- startLiveCheck --> [25, 3, 12, 1, 0, 1, 0, 0])
Transition([25, 3, 12, 1, 0, 1, 0, 0] -- 1.getPos.5.2 --> [25, 3, 12, 2, 0, 2, 0, 0])
Transition([25, 3, 12, 2, 0, 2, 0, 0] -- checkLiveDone --> [25, 4, 12, 0, 0, 0, 0, 0])
Transition([25, 4, 26, 0, 0, 0, 0, 0] -- left --> [25, 365, 26, 0, 0, 0, 0, 0])
Transition([25, 365, 26, 0, 0, 0, 0, 0] -- 0.getPos.5.1 --> [25, 450, 26, 0, 0, 0, 0, 0])
Transition([25, 4, 26, 0, 0, 0, 0, 0] -- right --> [25, 245, 26, 0, 0, 0, 0, 0])
Transition([25, 245, 26, 0, 0, 0, 0, 0] -- 0.getPos.5.1 --> [25, 328, 26, 0, 0, 0, 0, 0])
Transition([25, 328, 26, 0, 0, 0, 0, 0] -- 0.setPos.5.2 --> [25, 0, 24, 0, 0, 0, 0, 0])
Transition([25, 328, 26, 0, 0, 0, 0, 0] -- 1.getPos.5.2 --> [25, 329, 26, 0, 0, 0, 0, 0])
Transition([25, 329, 26, 0, 0, 0, 0, 0] -- 1.setPos.5.3 --> [23, 330, 26, 0, 0, 0, 0, 0])
Transition([23, 330, 26, 0, 0, 0, 0, 0] -- 0.setPos.5.2 --> [23, 0, 24, 0, 0, 0, 0, 0])
Transition([23, 0, 24, 0, 0, 0, 0, 0] -- startSafeCheck --> [23, 1, 24, 0, 1, 0, 0, 0])
Transition([23, 1, 24, 0, 1, 0, 0, 0] -- 0.getPos.5.2 --> [23, 1, 24, 0, 26, 0, 0, 0])
Transition([23, 1, 24, 0, 26, 0, 0, 0] -- 1.getPos.5.3 --> [23, 1, 24, 0, 3, 0, 0, 0])
Transition([23, 1, 24, 0, 3, 0, 0, 0] -- checkSafeOk --> [23, 2, 24, 0, 0, 0, 0, 0])
Transition([23, 2, 24, 0, 0, 0, 0, 0] -- startLiveCheck --> [23, 3, 24, 1, 0, 1, 0, 0])
Transition([23, 3, 24, 1, 0, 1, 0, 0] -- 1.getPos.5.3 --> [23, 3, 24, 2, 0, 2, 0, 0])
Transition([23, 3, 24, 2, 0, 2, 0, 0] -- checkLiveDone --> [23, 4, 24, 0, 0, 0, 0, 0])
Transition([25, 4, 22, 0, 0, 0, 0, 0] -- down --> [25, 125, 22, 0, 0, 0, 0, 0])
Transition([25, 125, 22, 0, 0, 0, 0, 0] -- 0.getPos.5.3 --> [25, 188, 22, 0, 0, 0, 0, 0])
Transition([25, 188, 22, 0, 0, 0, 0, 0] -- 0.setPos.6.3 --> [25, 0, 8, 0, 0, 0, 0, 0])
Transition([25, 0, 8, 0, 0, 0, 0, 0] -- startSafeCheck --> [25, 1, 8, 0, 1, 0, 0, 0])
Transition([25, 1, 8, 0, 1, 0, 0, 0] -- 0.getPos.6.3 --> [25, 1, 8, 0, 6, 0, 0, 0])
Transition([25, 1, 8, 0, 6, 0, 0, 0] -- 1.getPos.5.2 --> [25, 1, 8, 0, 3, 0, 0, 0])
Transition([25, 1, 8, 0, 3, 0, 0, 0] -- checkSafeOk --> [25, 2, 8, 0, 0, 0, 0, 0])
Transition([25, 2, 8, 0, 0, 0, 0, 0] -- startLiveCheck --> [25, 3, 8, 1, 0, 1, 0, 0])
Transition([25, 3, 8, 1, 0, 1, 0, 0] -- 1.getPos.5.2 --> [25, 3, 8, 2, 0, 2, 0, 0])
Transition([25, 3, 8, 2, 0, 2, 0, 0] -- checkLiveDone --> [25, 4, 8, 0, 0, 0, 0, 0])
Transition([25, 4, 22, 0, 0, 0, 0, 0] -- left --> [25, 365, 22, 0, 0, 0, 0, 0])
Transition([25, 365, 22, 0, 0, 0, 0, 0] -- 0.getPos.5.3 --> [25, 440, 22, 0, 0, 0, 0, 0])
Transition([25, 440, 22, 0, 0, 0, 0, 0] -- 0.setPos.5.2 --> [25, 0, 24, 0, 0, 0, 0, 0])
Transition([25, 440, 22, 0, 0, 0, 0, 0] -- 1.getPos.5.2 --> [25, 441, 22, 0, 0, 0, 0, 0])
Transition([25, 441, 22, 0, 0, 0, 0, 0] -- 1.setPos.5.1 --> [27, 442, 22, 0, 0, 0, 0, 0])
Transition([27, 442, 22, 0, 0, 0, 0, 0] -- 0.setPos.5.2 --> [27, 0, 24, 0, 0, 0, 0, 0])
Transition([27, 0, 24, 0, 0, 0, 0, 0] -- startSafeCheck --> [27, 1, 24, 0, 1, 0, 0, 0])
Transition([27, 1, 24, 0, 1, 0, 0, 0] -- 0.getPos.5.2 --> [27, 1, 24, 0, 26, 0, 0, 0])
Transition([27, 1, 24, 0, 26, 0, 0, 0] -- 1.getPos.5.1 --> [27, 1, 24, 0, 3, 0, 0, 0])
Transition([27, 1, 24, 0, 3, 0, 0, 0] -- checkSafeOk --> [27, 2, 24, 0, 0, 0, 0, 0])
Transition([27, 2, 24, 0, 0, 0, 0, 0] -- startLiveCheck --> [27, 3, 24, 1, 0, 1, 0, 0])
Transition([27, 3, 24, 1, 0, 1, 0, 0] -- 1.getPos.5.1 --> [27, 3, 24, 2, 0, 2, 0, 0])
Transition([27, 3, 24, 2, 0, 2, 0, 0] -- checkLiveDone --> [27, 4, 24, 0, 0, 0, 0, 0])
Transition([25, 4, 32, 0, 0, 0, 0, 0] -- down --> [25, 125, 32, 0, 0, 0, 0, 0])
Transition([25, 125, 32, 0, 0, 0, 0, 0] -- 0.getPos.4.4 --> [25, 206, 32, 0, 0, 0, 0, 0])
Transition([25, 206, 32, 0, 0, 0, 0, 0] -- 0.setPos.5.4 --> [25, 0, 21, 0, 0, 0, 0, 0])
Transition([25, 0, 21, 0, 0, 0, 0, 0] -- startSafeCheck --> [25, 1, 21, 0, 1, 0, 0, 0])
Transition([25, 1, 21, 0, 1, 0, 0, 0] -- 0.getPos.5.4 --> [25, 1, 21, 0, 19, 0, 0, 0])
Transition([25, 1, 21, 0, 19, 0, 0, 0] -- 1.getPos.5.2 --> [25, 1, 21, 0, 3, 0, 0, 0])
Transition([25, 1, 21, 0, 3, 0, 0, 0] -- checkSafeOk --> [25, 2, 21, 0, 0, 0, 0, 0])
Transition([25, 2, 21, 0, 0, 0, 0, 0] -- startLiveCheck --> [25, 3, 21, 1, 0, 1, 0, 0])
Transition([25, 3, 21, 1, 0, 1, 0, 0] -- 1.getPos.5.2 --> [25, 3, 21, 2, 0, 2, 0, 0])
Transition([25, 3, 21, 2, 0, 2, 0, 0] -- checkLiveDone --> [25, 4, 21, 0, 0, 0, 0, 0])
Transition([25, 4, 32, 0, 0, 0, 0, 0] -- left --> [25, 365, 32, 0, 0, 0, 0, 0])
Transition([25, 365, 32, 0, 0, 0, 0, 0] -- 0.getPos.4.4 --> [25, 454, 32, 0, 0, 0, 0, 0])
Transition([25, 454, 32, 0, 0, 0, 0, 0] -- 0.setPos.4.3 --> [25, 0, 33, 0, 0, 0, 0, 0])
Transition([25, 4, 6, 0, 0, 0, 0, 0] -- down --> [25, 125, 6, 0, 0, 0, 0, 0])
Transition([25, 125, 6, 0, 0, 0, 0, 0] -- 0.getPos.2.2 --> [25, 135, 6, 0, 0, 0, 0, 0])
Transition([25, 135, 6, 0, 0, 0, 0, 0] -- 0.setPos.3.2 --> [25, 0, 41, 0, 0, 0, 0, 0])
Transition([34, 4, 34, 0, 0, 0, 0, 0] -- down --> [34, 125, 34, 0, 0, 0, 0, 0])
Transition([34, 125, 34, 0, 0, 0, 0, 0] -- 0.getPos.4.2 --> [34, 221, 34, 0, 0, 0, 0, 0])
Transition([34, 221, 34, 0, 0, 0, 0, 0] -- 0.setPos.5.2 --> [34, 0, 24, 0, 0, 0, 0, 0])
Transition([34, 0, 24, 0, 0, 0, 0, 0] -- startSafeCheck --> [34, 1, 24, 0, 1, 0, 0, 0])
Transition([34, 1, 24, 0, 1, 0, 0, 0] -- 0.getPos.5.2 --> [34, 1, 24, 0, 26, 0, 0, 0])
Transition([34, 1, 24, 0, 26, 0, 0, 0] -- 1.getPos.4.3 --> [34, 1, 24, 0, 3, 0, 0, 0])
Transition([34, 1, 24, 0, 3, 0, 0, 0] -- checkSafeOk --> [34, 2, 24, 0, 0, 0, 0, 0])
Transition([34, 2, 24, 0, 0, 0, 0, 0] -- startLiveCheck --> [34, 3, 24, 1, 0, 1, 0, 0])
Transition([34, 3, 24, 1, 0, 1, 0, 0] -- 1.getPos.4.3 --> [34, 3, 24, 2, 0, 2, 0, 0])
Transition([34, 3, 24, 2, 0, 2, 0, 0] -- checkLiveDone --> [34, 4, 24, 0, 0, 0, 0, 0])
Transition([34, 4, 34, 0, 0, 0, 0, 0] -- left --> [34, 365, 34, 0, 0, 0, 0, 0])
Transition([34, 365, 34, 0, 0, 0, 0, 0] -- 0.getPos.4.2 --> [34, 467, 34, 0, 0, 0, 0, 0])
Transition([34, 467, 34, 0, 0, 0, 0, 0] -- 0.setPos.4.1 --> [34, 0, 30, 0, 0, 0, 0, 0])
Transition([34, 0, 30, 0, 0, 0, 0, 0] -- startSafeCheck --> [34, 1, 30, 0, 1, 0, 0, 0])
Transition([34, 1, 30, 0, 1, 0, 0, 0] -- 0.getPos.4.1 --> [34, 1, 30, 0, 36, 0, 0, 0])
Transition([34, 1, 30, 0, 36, 0, 0, 0] -- 1.getPos.4.3 --> [34, 1, 30, 0, 3, 0, 0, 0])
Transition([34, 1, 30, 0, 3, 0, 0, 0] -- checkSafeOk --> [34, 2, 30, 0, 0, 0, 0, 0])
Transition([34, 2, 30, 0, 0, 0, 0, 0] -- startLiveCheck --> [34, 3, 30, 1, 0, 1, 0, 0])
Transition([34, 3, 30, 1, 0, 1, 0, 0] -- 1.getPos.4.3 --> [34, 3, 30, 2, 0, 2, 0, 0])
Transition([34, 3, 30, 2, 0, 2, 0, 0] -- checkLiveDone --> [34, 4, 30, 0, 0, 0, 0, 0])
Transition([34, 4, 34, 0, 0, 0, 0, 0] -- right --> [34, 245, 34, 0, 0, 0, 0, 0])
Transition([34, 245, 34, 0, 0, 0, 0, 0] -- 0.getPos.4.2 --> [34, 345, 34, 0, 0, 0, 0, 0])
Transition([34, 345, 34, 0, 0, 0, 0, 0] -- 0.setPos.4.3 --> [34, 0, 33, 0, 0, 0, 0, 0])
Transition([34, 0, 33, 0, 0, 0, 0, 0] -- startSafeCheck --> [34, 1, 33, 0, 1, 0, 0, 0])
Transition([34, 1, 33, 0, 1, 0, 0, 0] -- 0.getPos.4.3 --> [34, 1, 33, 0, 37, 0, 0, 0])
Transition([34, 1, 33, 0, 37, 0, 0, 0] -- 1.getPos.4.3 --> [34, 1, 33, 0, 4, 0, 0, 0])
Transition([34, 345, 34, 0, 0, 0, 0, 0] -- 1.getPos.4.3 --> [34, 346, 34, 0, 0, 0, 0, 0])
Transition([34, 346, 34, 0, 0, 0, 0, 0] -- 1.setPos.4.4 --> [33, 347, 34, 0, 0, 0, 0, 0])
Transition([33, 347, 34, 0, 0, 0, 0, 0] -- 0.setPos.4.3 --> [33, 0, 33, 0, 0, 0, 0, 0])
Transition([33, 0, 33, 0, 0, 0, 0, 0] -- startSafeCheck --> [33, 1, 33, 0, 1, 0, 0, 0])
Transition([33, 1, 33, 0, 1, 0, 0, 0] -- 0.getPos.4.3 --> [33, 1, 33, 0, 37, 0, 0, 0])
Transition([33, 1, 33, 0, 37, 0, 0, 0] -- 1.getPos.4.4 --> [33, 1, 33, 0, 3, 0, 0, 0])
Transition([33, 1, 33, 0, 3, 0, 0, 0] -- checkSafeOk --> [33, 2, 33, 0, 0, 0, 0, 0])
Transition([33, 2, 33, 0, 0, 0, 0, 0] -- startLiveCheck --> [33, 3, 33, 1, 0, 1, 0, 0])
Transition([33, 3, 33, 1, 0, 1, 0, 0] -- 1.getPos.4.4 --> [33, 3, 33, 3, 0, 3, 0, 0])
Transition([33, 3, 33, 3, 0, 3, 0, 0] -- win --> [33, 3, 33, 3, 0, 3, 0, 1])
Transition([33, 3, 33, 3, 0, 3, 0, 1] -- win --> [33, 3, 33, 3, 0, 3, 0, 1])
