Transition([0, 0, 0, 0, 0, 0, 0, 0] -- startSafeCheck --> [0, 1, 0, 0, 1, 0, 0, 0])
Transition([0, 1, 0, 0, 1, 0, 0, 0] -- 0.getPos.1.1 --> [0, 1, 0, 0, 31, 0, 0, 0])
Transition([0, 1, 0, 0, 31, 0, 0, 0] -- 1.getPos.5.4 --> [0, 1, 0, 0, 3, 0, 0, 0])
Transition([0, 1, 0, 0, 3, 0, 0, 0] -- checkSafeOk --> [0, 2, 0, 0, 0, 0, 0, 0])
Transition([0, 2, 0, 0, 0, 0, 0, 0] -- startLiveCheck --> [0, 3, 0, 1, 0, 1, 0, 0])
Transition([0, 3, 0, 1, 0, 1, 0, 0] -- 1.getPos.5.4 --> [0, 3, 0, 2, 0, 2, 0, 0])
Transition([0, 3, 0, 2, 0, 2, 0, 0] -- checkLiveDone --> [0, 4, 0, 0, 0, 0, 0, 0])
Transition([0, 4, 0, 0, 0, 0, 0, 0] -- down --> [0, 125, 0, 0, 0, 0, 0, 0])
Transition([0, 125, 0, 0, 0, 0, 0, 0] -- 0.getPos.1.1 --> [0, 165, 0, 0, 0, 0, 0, 0])
Transition([0, 165, 0, 0, 0, 0, 0, 0] -- 0.setPos.2.1 --> [0, 0, 7, 0, 0, 0, 0, 0])
Transition([0, 0, 7, 0, 0, 0, 0, 0] -- startSafeCheck --> [0, 1, 7, 0, 1, 0, 0, 0])
Transition([0, 1, 7, 0, 1, 0, 0, 0] -- 0.getPos.2.1 --> [0, 1, 7, 0, 17, 0, 0, 0])
Transition([0, 1, 7, 0, 17, 0, 0, 0] -- 1.getPos.5.4 --> [0, 1, 7, 0, 3, 0, 0, 0])
Transition([0, 1, 7, 0, 3, 0, 0, 0] -- checkSafeOk --> [0, 2, 7, 0, 0, 0, 0, 0])
Transition([0, 2, 7, 0, 0, 0, 0, 0] -- startLiveCheck --> [0, 3, 7, 1, 0, 1, 0, 0])
Transition([0, 3, 7, 1, 0, 1, 0, 0] -- 1.getPos.5.4 --> [0, 3, 7, 2, 0, 2, 0, 0])
Transition([0, 3, 7, 2, 0, 2, 0, 0] -- checkLiveDone --> [0, 4, 7, 0, 0, 0, 0, 0])
Transition([0, 4, 0, 0, 0, 0, 0, 0] -- left --> [0, 365, 0, 0, 0, 0, 0, 0])
Transition([0, 365, 0, 0, 0, 0, 0, 0] -- 0.getPos.1.1 --> [0, 399, 0, 0, 0, 0, 0, 0])
Transition([0, 4, 0, 0, 0, 0, 0, 0] -- right --> [0, 245, 0, 0, 0, 0, 0, 0])
Transition([0, 245, 0, 0, 0, 0, 0, 0] -- 0.getPos.1.1 --> [0, 277, 0, 0, 0, 0, 0, 0])
Transition([0, 277, 0, 0, 0, 0, 0, 0] -- 0.setPos.1.2 --> [0, 0, 20, 0, 0, 0, 0, 0])
Transition([0, 0, 20, 0, 0, 0, 0, 0] -- startSafeCheck --> [0, 1, 20, 0, 1, 0, 0, 0])
Transition([0, 1, 20, 0, 1, 0, 0, 0] -- 0.getPos.1.2 --> [0, 1, 20, 0, 30, 0, 0, 0])
Transition([0, 1, 20, 0, 30, 0, 0, 0] -- 1.getPos.5.4 --> [0, 1, 20, 0, 3, 0, 0, 0])
Transition([0, 1, 20, 0, 3, 0, 0, 0] -- checkSafeOk --> [0, 2, 20, 0, 0, 0, 0, 0])
Transition([0, 2, 20, 0, 0, 0, 0, 0] -- startLiveCheck --> [0, 3, 20, 1, 0, 1, 0, 0])
Transition([0, 3, 20, 1, 0, 1, 0, 0] -- 1.getPos.5.4 --> [0, 3, 20, 2, 0, 2, 0, 0])
Transition([0, 3, 20, 2, 0, 2, 0, 0] -- checkLiveDone --> [0, 4, 20, 0, 0, 0, 0, 0])
Transition([0, 4, 0, 0, 0, 0, 0, 0] -- up --> [0, 5, 0, 0, 0, 0, 0, 0])
Transition([0, 5, 0, 0, 0, 0, 0, 0] -- 0.getPos.1.1 --> [0, 19, 0, 0, 0, 0, 0, 0])
Transition([0, 4, 20, 0, 0, 0, 0, 0] -- down --> [0, 125, 20, 0, 0, 0, 0, 0])
Transition([0, 125, 20, 0, 0, 0, 0, 0] -- 0.getPos.1.2 --> [0, 162, 20, 0, 0, 0, 0, 0])
Transition([0, 162, 20, 0, 0, 0, 0, 0] -- 0.setPos.2.2 --> [0, 0, 6, 0, 0, 0, 0, 0])
Transition([0, 0, 6, 0, 0, 0, 0, 0] -- startSafeCheck --> [0, 1, 6, 0, 1, 0, 0, 0])
Transition([0, 1, 6, 0, 1, 0, 0, 0] -- 0.getPos.2.2 --> [0, 1, 6, 0, 13, 0, 0, 0])
Transition([0, 1, 6, 0, 13, 0, 0, 0] -- 1.getPos.5.4 --> [0, 1, 6, 0, 3, 0, 0, 0])
Transition([0, 1, 6, 0, 3, 0, 0, 0] -- checkSafeOk --> [0, 2, 6, 0, 0, 0, 0, 0])
Transition([0, 2, 6, 0, 0, 0, 0, 0] -- startLiveCheck --> [0, 3, 6, 1, 0, 1, 0, 0])
Transition([0, 3, 6, 1, 0, 1, 0, 0] -- 1.getPos.5.4 --> [0, 3, 6, 2, 0, 2, 0, 0])
Transition([0, 3, 6, 2, 0, 2, 0, 0] -- checkLiveDone --> [0, 4, 6, 0, 0, 0, 0, 0])
Transition([0, 4, 20, 0, 0, 0, 0, 0] -- left --> [0, 365, 20, 0, 0, 0, 0, 0])
Transition([0, 365, 20, 0, 0, 0, 0, 0] -- 0.getPos.1.2 --> [0, 398, 20, 0, 0, 0, 0, 0])
Transition([0, 398, 20, 0, 0, 0, 0, 0] -- 0.setPos.1.1 --> [0, 0, 0, 0, 0, 0, 0, 0])
Transition([0, 4, 20, 0, 0, 0, 0, 0] -- right --> [0, 245, 20, 0, 0, 0, 0, 0])
Transition([0, 245, 20, 0, 0, 0, 0, 0] -- 0.getPos.1.2 --> [0, 274, 20, 0, 0, 0, 0, 0])
Transition([0, 274, 20, 0, 0, 0, 0, 0] -- 0.setPos.1.3 --> [0, 0, 19, 0, 0, 0, 0, 0])
Transition([0, 0, 19, 0, 0, 0, 0, 0] -- startSafeCheck --> [0, 1, 19, 0, 1, 0, 0, 0])
Transition([0, 1, 19, 0, 1, 0, 0, 0] -- 0.getPos.1.3 --> [0, 1, 19, 0, 25, 0, 0, 0])
Transition([0, 1, 19, 0, 25, 0, 0, 0] -- 1.getPos.5.4 --> [0, 1, 19, 0, 3, 0, 0, 0])
Transition([0, 1, 19, 0, 3, 0, 0, 0] -- checkSafeOk --> [0, 2, 19, 0, 0, 0, 0, 0])
Transition([0, 2, 19, 0, 0, 0, 0, 0] -- startLiveCheck --> [0, 3, 19, 1, 0, 1, 0, 0])
Transition([0, 3, 19, 1, 0, 1, 0, 0] -- 1.getPos.5.4 --> [0, 3, 19, 2, 0, 2, 0, 0])
Transition([0, 3, 19, 2, 0, 2, 0, 0] -- checkLiveDone --> [0, 4, 19, 0, 0, 0, 0, 0])
Transition([0, 4, 20, 0, 0, 0, 0, 0] -- up --> [0, 5, 20, 0, 0, 0, 0, 0])
Transition([0, 5, 20, 0, 0, 0, 0, 0] -- 0.getPos.1.2 --> [0, 18, 20, 0, 0, 0, 0, 0])
Transition([0, 4, 7, 0, 0, 0, 0, 0] -- down --> [0, 125, 7, 0, 0, 0, 0, 0])
Transition([0, 125, 7, 0, 0, 0, 0, 0] -- 0.getPos.2.1 --> [0, 144, 7, 0, 0, 0, 0, 0])
Transition([0, 144, 7, 0, 0, 0, 0, 0] -- 0.setPos.3.1 --> [0, 0, 42, 0, 0, 0, 0, 0])
Transition([0, 0, 42, 0, 0, 0, 0, 0] -- startSafeCheck --> [0, 1, 42, 0, 1, 0, 0, 0])
Transition([0, 1, 42, 0, 1, 0, 0, 0] -- 0.getPos.3.1 --> [0, 1, 42, 0, 50, 0, 0, 0])
Transition([0, 1, 42, 0, 50, 0, 0, 0] -- 1.getPos.5.4 --> [0, 1, 42, 0, 3, 0, 0, 0])
Transition([0, 1, 42, 0, 3, 0, 0, 0] -- checkSafeOk --> [0, 2, 42, 0, 0, 0, 0, 0])
Transition([0, 2, 42, 0, 0, 0, 0, 0] -- startLiveCheck --> [0, 3, 42, 1, 0, 1, 0, 0])
Transition([0, 3, 42, 1, 0, 1, 0, 0] -- 1.getPos.5.4 --> [0, 3, 42, 2, 0, 2, 0, 0])
Transition([0, 3, 42, 2, 0, 2, 0, 0] -- checkLiveDone --> [0, 4, 42, 0, 0, 0, 0, 0])
Transition([0, 4, 7, 0, 0, 0, 0, 0] -- left --> [0, 365, 7, 0, 0, 0, 0, 0])
Transition([0, 365, 7, 0, 0, 0, 0, 0] -- 0.getPos.2.1 --> [0, 382, 7, 0, 0, 0, 0, 0])
Transition([0, 4, 7, 0, 0, 0, 0, 0] -- right --> [0, 245, 7, 0, 0, 0, 0, 0])
Transition([0, 245, 7, 0, 0, 0, 0, 0] -- 0.getPos.2.1 --> [0, 260, 7, 0, 0, 0, 0, 0])
Transition([0, 260, 7, 0, 0, 0, 0, 0] -- 0.setPos.2.2 --> [0, 0, 6, 0, 0, 0, 0, 0])
Transition([0, 4, 7, 0, 0, 0, 0, 0] -- up --> [0, 5, 7, 0, 0, 0, 0, 0])
Transition([0, 5, 7, 0, 0, 0, 0, 0] -- 0.getPos.2.1 --> [0, 12, 7, 0, 0, 0, 0, 0])
Transition([0, 12, 7, 0, 0, 0, 0, 0] -- 0.setPos.1.1 --> [0, 0, 0, 0, 0, 0, 0, 0])
Transition([0, 4, 42, 0, 0, 0, 0, 0] -- down --> [0, 125, 42, 0, 0, 0, 0, 0])
Transition([0, 125, 42, 0, 0, 0, 0, 0] -- 0.getPos.3.1 --> [0, 236, 42, 0, 0, 0, 0, 0])
Transition([0, 236, 42, 0, 0, 0, 0, 0] -- 0.setPos.4.1 --> [0, 0, 30, 0, 0, 0, 0, 0])
Transition([0, 0, 30, 0, 0, 0, 0, 0] -- startSafeCheck --> [0, 1, 30, 0, 1, 0, 0, 0])
Transition([0, 1, 30, 0, 1, 0, 0, 0] -- 0.getPos.4.1 --> [0, 1, 30, 0, 36, 0, 0, 0])
Transition([0, 1, 30, 0, 36, 0, 0, 0] -- 1.getPos.5.4 --> [0, 1, 30, 0, 3, 0, 0, 0])
Transition([0, 1, 30, 0, 3, 0, 0, 0] -- checkSafeOk --> [0, 2, 30, 0, 0, 0, 0, 0])
Transition([0, 2, 30, 0, 0, 0, 0, 0] -- startLiveCheck --> [0, 3, 30, 1, 0, 1, 0, 0])
Transition([0, 3, 30, 1, 0, 1, 0, 0] -- 1.getPos.5.4 --> [0, 3, 30, 2, 0, 2, 0, 0])
Transition([0, 3, 30, 2, 0, 2, 0, 0] -- checkLiveDone --> [0, 4, 30, 0, 0, 0, 0, 0])
Transition([0, 4, 42, 0, 0, 0, 0, 0] -- left --> [0, 365, 42, 0, 0, 0, 0, 0])
Transition([0, 365, 42, 0, 0, 0, 0, 0] -- 0.getPos.3.1 --> [0, 478, 42, 0, 0, 0, 0, 0])
Transition([0, 4, 42, 0, 0, 0, 0, 0] -- right --> [0, 245, 42, 0, 0, 0, 0, 0])
Transition([0, 245, 42, 0, 0, 0, 0, 0] -- 0.getPos.3.1 --> [0, 356, 42, 0, 0, 0, 0, 0])
Transition([0, 356, 42, 0, 0, 0, 0, 0] -- 0.setPos.3.2 --> [0, 0, 41, 0, 0, 0, 0, 0])
Transition([0, 0, 41, 0, 0, 0, 0, 0] -- startSafeCheck --> [0, 1, 41, 0, 1, 0, 0, 0])
Transition([0, 1, 41, 0, 1, 0, 0, 0] -- 0.getPos.3.2 --> [0, 1, 41, 0, 49, 0, 0, 0])
Transition([0, 1, 41, 0, 49, 0, 0, 0] -- 1.getPos.5.4 --> [0, 1, 41, 0, 3, 0, 0, 0])
Transition([0, 1, 41, 0, 3, 0, 0, 0] -- checkSafeOk --> [0, 2, 41, 0, 0, 0, 0, 0])
Transition([0, 2, 41, 0, 0, 0, 0, 0] -- startLiveCheck --> [0, 3, 41, 1, 0, 1, 0, 0])
Transition([0, 3, 41, 1, 0, 1, 0, 0] -- 1.getPos.5.4 --> [0, 3, 41, 2, 0, 2, 0, 0])
Transition([0, 3, 41, 2, 0, 2, 0, 0] -- checkLiveDone --> [0, 4, 41, 0, 0, 0, 0, 0])
Transition([0, 4, 42, 0, 0, 0, 0, 0] -- up --> [0, 5, 42, 0, 0, 0, 0, 0])
Transition([0, 5, 42, 0, 0, 0, 0, 0] -- 0.getPos.3.1 --> [0, 116, 42, 0, 0, 0, 0, 0])
Transition([0, 116, 42, 0, 0, 0, 0, 0] -- 0.setPos.2.1 --> [0, 0, 7, 0, 0, 0, 0, 0])
Transition([0, 4, 6, 0, 0, 0, 0, 0] -- down --> [0, 125, 6, 0, 0, 0, 0, 0])
Transition([0, 125, 6, 0, 0, 0, 0, 0] -- 0.getPos.2.2 --> [0, 135, 6, 0, 0, 0, 0, 0])
Transition([0, 135, 6, 0, 0, 0, 0, 0] -- 0.setPos.3.2 --> [0, 0, 41, 0, 0, 0, 0, 0])
Transition([0, 4, 19, 0, 0, 0, 0, 0] -- down --> [0, 125, 19, 0, 0, 0, 0, 0])
Transition([0, 125, 19, 0, 0, 0, 0, 0] -- 0.getPos.1.3 --> [0, 153, 19, 0, 0, 0, 0, 0])
Transition([0, 153, 19, 0, 0, 0, 0, 0] -- 0.setPos.2.3 --> [0, 0, 5, 0, 0, 0, 0, 0])
Transition([0, 0, 5, 0, 0, 0, 0, 0] -- startSafeCheck --> [0, 1, 5, 0, 1, 0, 0, 0])
Transition([0, 1, 5, 0, 1, 0, 0, 0] -- 0.getPos.2.3 --> [0, 1, 5, 0, 12, 0, 0, 0])
Transition([0, 1, 5, 0, 12, 0, 0, 0] -- 1.getPos.5.4 --> [0, 1, 5, 0, 3, 0, 0, 0])
Transition([0, 1, 5, 0, 3, 0, 0, 0] -- checkSafeOk --> [0, 2, 5, 0, 0, 0, 0, 0])
Transition([0, 2, 5, 0, 0, 0, 0, 0] -- startLiveCheck --> [0, 3, 5, 1, 0, 1, 0, 0])
Transition([0, 3, 5, 1, 0, 1, 0, 0] -- 1.getPos.5.4 --> [0, 3, 5, 2, 0, 2, 0, 0])
Transition([0, 3, 5, 2, 0, 2, 0, 0] -- checkLiveDone --> [0, 4, 5, 0, 0, 0, 0, 0])
Transition([0, 4, 19, 0, 0, 0, 0, 0] -- left --> [0, 365, 19, 0, 0, 0, 0, 0])
Transition([0, 365, 19, 0, 0, 0, 0, 0] -- 0.getPos.1.3 --> [0, 389, 19, 0, 0, 0, 0, 0])
Transition([0, 389, 19, 0, 0, 0, 0, 0] -- 0.setPos.1.2 --> [0, 0, 20, 0, 0, 0, 0, 0])
Transition([0, 4, 19, 0, 0, 0, 0, 0] -- right --> [0, 245, 19, 0, 0, 0, 0, 0])
Transition([0, 245, 19, 0, 0, 0, 0, 0] -- 0.getPos.1.3 --> [0, 267, 19, 0, 0, 0, 0, 0])
Transition([0, 267, 19, 0, 0, 0, 0, 0] -- 0.setPos.1.4 --> [0, 0, 18, 0, 0, 0, 0, 0])
Transition([0, 0, 18, 0, 0, 0, 0, 0] -- startSafeCheck --> [0, 1, 18, 0, 1, 0, 0, 0])
Transition([0, 1, 18, 0, 1, 0, 0, 0] -- 0.getPos.1.4 --> [0, 1, 18, 0, 24, 0, 0, 0])
Transition([0, 1, 18, 0, 24, 0, 0, 0] -- 1.getPos.5.4 --> [0, 1, 18, 0, 3, 0, 0, 0])
Transition([0, 1, 18, 0, 3, 0, 0, 0] -- checkSafeOk --> [0, 2, 18, 0, 0, 0, 0, 0])
Transition([0, 2, 18, 0, 0, 0, 0, 0] -- startLiveCheck --> [0, 3, 18, 1, 0, 1, 0, 0])
Transition([0, 3, 18, 1, 0, 1, 0, 0] -- 1.getPos.5.4 --> [0, 3, 18, 2, 0, 2, 0, 0])
Transition([0, 3, 18, 2, 0, 2, 0, 0] -- checkLiveDone --> [0, 4, 18, 0, 0, 0, 0, 0])
Transition([0, 4, 6, 0, 0, 0, 0, 0] -- left --> [0, 365, 6, 0, 0, 0, 0, 0])
Transition([0, 365, 6, 0, 0, 0, 0, 0] -- 0.getPos.2.2 --> [0, 375, 6, 0, 0, 0, 0, 0])
Transition([0, 375, 6, 0, 0, 0, 0, 0] -- 0.setPos.2.1 --> [0, 0, 7, 0, 0, 0, 0, 0])
Transition([0, 4, 19, 0, 0, 0, 0, 0] -- up --> [0, 5, 19, 0, 0, 0, 0, 0])
Transition([0, 5, 19, 0, 0, 0, 0, 0] -- 0.getPos.1.3 --> [0, 15, 19, 0, 0, 0, 0, 0])
Transition([0, 4, 6, 0, 0, 0, 0, 0] -- right --> [0, 245, 6, 0, 0, 0, 0, 0])
Transition([0, 245, 6, 0, 0, 0, 0, 0] -- 0.getPos.2.2 --> [0, 251, 6, 0, 0, 0, 0, 0])
Transition([0, 251, 6, 0, 0, 0, 0, 0] -- 0.setPos.2.3 --> [0, 0, 5, 0, 0, 0, 0, 0])
Transition([0, 4, 6, 0, 0, 0, 0, 0] -- up --> [0, 5, 6, 0, 0, 0, 0, 0])
Transition([0, 5, 6, 0, 0, 0, 0, 0] -- 0.getPos.2.2 --> [0, 9, 6, 0, 0, 0, 0, 0])
Transition([0, 9, 6, 0, 0, 0, 0, 0] -- 0.setPos.1.2 --> [0, 0, 20, 0, 0, 0, 0, 0])
Transition([0, 4, 5, 0, 0, 0, 0, 0] -- down --> [0, 125, 5, 0, 0, 0, 0, 0])
Transition([0, 125, 5, 0, 0, 0, 0, 0] -- 0.getPos.2.3 --> [0, 132, 5, 0, 0, 0, 0, 0])
Transition([0, 132, 5, 0, 0, 0, 0, 0] -- 0.setPos.3.3 --> [0, 0, 48, 0, 0, 0, 0, 0])
Transition([0, 0, 48, 0, 0, 0, 0, 0] -- startSafeCheck --> [0, 1, 48, 0, 1, 0, 0, 0])
Transition([0, 1, 48, 0, 1, 0, 0, 0] -- 0.getPos.3.3 --> [0, 1, 48, 0, 52, 0, 0, 0])
Transition([0, 1, 48, 0, 52, 0, 0, 0] -- 1.getPos.5.4 --> [0, 1, 48, 0, 3, 0, 0, 0])
Transition([0, 1, 48, 0, 3, 0, 0, 0] -- checkSafeOk --> [0, 2, 48, 0, 0, 0, 0, 0])
Transition([0, 2, 48, 0, 0, 0, 0, 0] -- startLiveCheck --> [0, 3, 48, 1, 0, 1, 0, 0])
Transition([0, 3, 48, 1, 0, 1, 0, 0] -- 1.getPos.5.4 --> [0, 3, 48, 2, 0, 2, 0, 0])
Transition([0, 3, 48, 2, 0, 2, 0, 0] -- checkLiveDone --> [0, 4, 48, 0, 0, 0, 0, 0])
Transition([0, 4, 5, 0, 0, 0, 0, 0] -- left --> [0, 365, 5, 0, 0, 0, 0, 0])
Transition([0, 365, 5, 0, 0, 0, 0, 0] -- 0.getPos.2.3 --> [0, 372, 5, 0, 0, 0, 0, 0])
Transition([0, 372, 5, 0, 0, 0, 0, 0] -- 0.setPos.2.2 --> [0, 0, 6, 0, 0, 0, 0, 0])
Transition([0, 4, 18, 0, 0, 0, 0, 0] -- down --> [0, 125, 18, 0, 0, 0, 0, 0])
Transition([0, 125, 18, 0, 0, 0, 0, 0] -- 0.getPos.1.4 --> [0, 150, 18, 0, 0, 0, 0, 0])
Transition([0, 150, 18, 0, 0, 0, 0, 0] -- 0.setPos.2.4 --> [0, 0, 14, 0, 0, 0, 0, 0])
Transition([0, 0, 14, 0, 0, 0, 0, 0] -- startSafeCheck --> [0, 1, 14, 0, 1, 0, 0, 0])
Transition([0, 1, 14, 0, 1, 0, 0, 0] -- 0.getPos.2.4 --> [0, 1, 14, 0, 16, 0, 0, 0])
Transition([0, 1, 14, 0, 16, 0, 0, 0] -- 1.getPos.5.4 --> [0, 1, 14, 0, 3, 0, 0, 0])
Transition([0, 1, 14, 0, 3, 0, 0, 0] -- checkSafeOk --> [0, 2, 14, 0, 0, 0, 0, 0])
Transition([0, 2, 14, 0, 0, 0, 0, 0] -- startLiveCheck --> [0, 3, 14, 1, 0, 1, 0, 0])
Transition([0, 3, 14, 1, 0, 1, 0, 0] -- 1.getPos.5.4 --> [0, 3, 14, 2, 0, 2, 0, 0])
Transition([0, 3, 14, 2, 0, 2, 0, 0] -- checkLiveDone --> [0, 4, 14, 0, 0, 0, 0, 0])
Transition([0, 4, 18, 0, 0, 0, 0, 0] -- left --> [0, 365, 18, 0, 0, 0, 0, 0])
Transition([0, 365, 18, 0, 0, 0, 0, 0] -- 0.getPos.1.4 --> [0, 386, 18, 0, 0, 0, 0, 0])
Transition([0, 386, 18, 0, 0, 0, 0, 0] -- 0.setPos.1.3 --> [0, 0, 19, 0, 0, 0, 0, 0])
Transition([0, 4, 30, 0, 0, 0, 0, 0] -- down --> [0, 125, 30, 0, 0, 0, 0, 0])
Transition([0, 125, 30, 0, 0, 0, 0, 0] -- 0.getPos.4.1 --> [0, 215, 30, 0, 0, 0, 0, 0])
Transition([0, 215, 30, 0, 0, 0, 0, 0] -- 0.setPos.5.1 --> [0, 0, 26, 0, 0, 0, 0, 0])
Transition([0, 0, 26, 0, 0, 0, 0, 0] -- startSafeCheck --> [0, 1, 26, 0, 1, 0, 0, 0])
Transition([0, 1, 26, 0, 1, 0, 0, 0] -- 0.getPos.5.1 --> [0, 1, 26, 0, 28, 0, 0, 0])
Transition([0, 1, 26, 0, 28, 0, 0, 0] -- 1.getPos.5.4 --> [0, 1, 26, 0, 3, 0, 0, 0])
Transition([0, 1, 26, 0, 3, 0, 0, 0] -- checkSafeOk --> [0, 2, 26, 0, 0, 0, 0, 0])
Transition([0, 2, 26, 0, 0, 0, 0, 0] -- startLiveCheck --> [0, 3, 26, 1, 0, 1, 0, 0])
Transition([0, 3, 26, 1, 0, 1, 0, 0] -- 1.getPos.5.4 --> [0, 3, 26, 2, 0, 2, 0, 0])
Transition([0, 3, 26, 2, 0, 2, 0, 0] -- checkLiveDone --> [0, 4, 26, 0, 0, 0, 0, 0])
Transition([0, 4, 30, 0, 0, 0, 0, 0] -- left --> [0, 365, 30, 0, 0, 0, 0, 0])
Transition([0, 365, 30, 0, 0, 0, 0, 0] -- 0.getPos.4.1 --> [0, 463, 30, 0, 0, 0, 0, 0])
Transition([0, 4, 30, 0, 0, 0, 0, 0] -- right --> [0, 245, 30, 0, 0, 0, 0, 0])
Transition([0, 245, 30, 0, 0, 0, 0, 0] -- 0.getPos.4.1 --> [0, 339, 30, 0, 0, 0, 0, 0])
Transition([0, 339, 30, 0, 0, 0, 0, 0] -- 0.setPos.4.2 --> [0, 0, 34, 0, 0, 0, 0, 0])
Transition([0, 0, 34, 0, 0, 0, 0, 0] -- startSafeCheck --> [0, 1, 34, 0, 1, 0, 0, 0])
Transition([0, 1, 34, 0, 1, 0, 0, 0] -- 0.getPos.4.2 --> [0, 1, 34, 0, 38, 0, 0, 0])
Transition([0, 1, 34, 0, 38, 0, 0, 0] -- 1.getPos.5.4 --> [0, 1, 34, 0, 3, 0, 0, 0])
Transition([0, 1, 34, 0, 3, 0, 0, 0] -- checkSafeOk --> [0, 2, 34, 0, 0, 0, 0, 0])
Transition([0, 2, 34, 0, 0, 0, 0, 0] -- startLiveCheck --> [0, 3, 34, 1, 0, 1, 0, 0])
Transition([0, 3, 34, 1, 0, 1, 0, 0] -- 1.getPos.5.4 --> [0, 3, 34, 2, 0, 2, 0, 0])
Transition([0, 3, 34, 2, 0, 2, 0, 0] -- checkLiveDone --> [0, 4, 34, 0, 0, 0, 0, 0])
Transition([0, 4, 30, 0, 0, 0, 0, 0] -- up --> [0, 5, 30, 0, 0, 0, 0, 0])
Transition([0, 5, 30, 0, 0, 0, 0, 0] -- 0.getPos.4.1 --> [0, 95, 30, 0, 0, 0, 0, 0])
Transition([0, 95, 30, 0, 0, 0, 0, 0] -- 0.setPos.3.1 --> [0, 0, 42, 0, 0, 0, 0, 0])
Transition([0, 4, 5, 0, 0, 0, 0, 0] -- right --> [0, 245, 5, 0, 0, 0, 0, 0])
Transition([0, 245, 5, 0, 0, 0, 0, 0] -- 0.getPos.2.3 --> [0, 248, 5, 0, 0, 0, 0, 0])
Transition([0, 248, 5, 0, 0, 0, 0, 0] -- 0.setPos.2.4 --> [0, 0, 14, 0, 0, 0, 0, 0])
Transition([0, 4, 5, 0, 0, 0, 0, 0] -- up --> [0, 5, 5, 0, 0, 0, 0, 0])
Transition([0, 5, 5, 0, 0, 0, 0, 0] -- 0.getPos.2.3 --> [0, 8, 5, 0, 0, 0, 0, 0])
Transition([0, 8, 5, 0, 0, 0, 0, 0] -- 0.setPos.1.3 --> [0, 0, 19, 0, 0, 0, 0, 0])
Transition([0, 4, 18, 0, 0, 0, 0, 0] -- right --> [0, 245, 18, 0, 0, 0, 0, 0])
Transition([0, 245, 18, 0, 0, 0, 0, 0] -- 0.getPos.1.4 --> [0, 264, 18, 0, 0, 0, 0, 0])
Transition([0, 264, 18, 0, 0, 0, 0, 0] -- 0.setPos.1.5 --> [0, 0, 27, 0, 0, 0, 0, 0])
Transition([0, 0, 27, 0, 0, 0, 0, 0] -- startSafeCheck --> [0, 1, 27, 0, 1, 0, 0, 0])
Transition([0, 1, 27, 0, 1, 0, 0, 0] -- 0.getPos.1.5 --> [0, 1, 27, 0, 29, 0, 0, 0])
Transition([0, 1, 27, 0, 29, 0, 0, 0] -- 1.getPos.5.4 --> [0, 1, 27, 0, 3, 0, 0, 0])
Transition([0, 1, 27, 0, 3, 0, 0, 0] -- checkSafeOk --> [0, 2, 27, 0, 0, 0, 0, 0])
Transition([0, 2, 27, 0, 0, 0, 0, 0] -- startLiveCheck --> [0, 3, 27, 1, 0, 1, 0, 0])
Transition([0, 3, 27, 1, 0, 1, 0, 0] -- 1.getPos.5.4 --> [0, 3, 27, 2, 0, 2, 0, 0])
Transition([0, 3, 27, 2, 0, 2, 0, 0] -- checkLiveDone --> [0, 4, 27, 0, 0, 0, 0, 0])
Transition([0, 4, 18, 0, 0, 0, 0, 0] -- up --> [0, 5, 18, 0, 0, 0, 0, 0])
Transition([0, 5, 18, 0, 0, 0, 0, 0] -- 0.getPos.1.4 --> [0, 14, 18, 0, 0, 0, 0, 0])
Transition([0, 4, 41, 0, 0, 0, 0, 0] -- down --> [0, 125, 41, 0, 0, 0, 0, 0])
Transition([0, 125, 41, 0, 0, 0, 0, 0] -- 0.getPos.3.2 --> [0, 233, 41, 0, 0, 0, 0, 0])
Transition([0, 233, 41, 0, 0, 0, 0, 0] -- 0.setPos.4.2 --> [0, 0, 34, 0, 0, 0, 0, 0])
Transition([0, 4, 41, 0, 0, 0, 0, 0] -- left --> [0, 365, 41, 0, 0, 0, 0, 0])
Transition([0, 365, 41, 0, 0, 0, 0, 0] -- 0.getPos.3.2 --> [0, 477, 41, 0, 0, 0, 0, 0])
Transition([0, 477, 41, 0, 0, 0, 0, 0] -- 0.setPos.3.1 --> [0, 0, 42, 0, 0, 0, 0, 0])
Transition([0, 4, 41, 0, 0, 0, 0, 0] -- right --> [0, 245, 41, 0, 0, 0, 0, 0])
Transition([0, 245, 41, 0, 0, 0, 0, 0] -- 0.getPos.3.2 --> [0, 353, 41, 0, 0, 0, 0, 0])
Transition([0, 353, 41, 0, 0, 0, 0, 0] -- 0.setPos.3.3 --> [0, 0, 48, 0, 0, 0, 0, 0])
Transition([0, 4, 41, 0, 0, 0, 0, 0] -- up --> [0, 5, 41, 0, 0, 0, 0, 0])
Transition([0, 5, 41, 0, 0, 0, 0, 0] -- 0.getPos.3.2 --> [0, 113, 41, 0, 0, 0, 0, 0])
Transition([0, 113, 41, 0, 0, 0, 0, 0] -- 0.setPos.2.2 --> [0, 0, 6, 0, 0, 0, 0, 0])
Transition([0, 4, 27, 0, 0, 0, 0, 0] -- down --> [0, 125, 27, 0, 0, 0, 0, 0])
Transition([0, 125, 27, 0, 0, 0, 0, 0] -- 0.getPos.1.5 --> [0, 159, 27, 0, 0, 0, 0, 0])
Transition([0, 159, 27, 0, 0, 0, 0, 0] -- 0.setPos.2.5 --> [0, 0, 13, 0, 0, 0, 0, 0])
Transition([0, 0, 13, 0, 0, 0, 0, 0] -- startSafeCheck --> [0, 1, 13, 0, 1, 0, 0, 0])
Transition([0, 1, 13, 0, 1, 0, 0, 0] -- 0.getPos.2.5 --> [0, 1, 13, 0, 15, 0, 0, 0])
Transition([0, 1, 13, 0, 15, 0, 0, 0] -- 1.getPos.5.4 --> [0, 1, 13, 0, 3, 0, 0, 0])
Transition([0, 1, 13, 0, 3, 0, 0, 0] -- checkSafeOk --> [0, 2, 13, 0, 0, 0, 0, 0])
Transition([0, 2, 13, 0, 0, 0, 0, 0] -- startLiveCheck --> [0, 3, 13, 1, 0, 1, 0, 0])
Transition([0, 3, 13, 1, 0, 1, 0, 0] -- 1.getPos.5.4 --> [0, 3, 13, 2, 0, 2, 0, 0])
Transition([0, 3, 13, 2, 0, 2, 0, 0] -- checkLiveDone --> [0, 4, 13, 0, 0, 0, 0, 0])
Transition([0, 4, 27, 0, 0, 0, 0, 0] -- left --> [0, 365, 27, 0, 0, 0, 0, 0])
Transition([0, 365, 27, 0, 0, 0, 0, 0] -- 0.getPos.1.5 --> [0, 395, 27, 0, 0, 0, 0, 0])
Transition([0, 395, 27, 0, 0, 0, 0, 0] -- 0.setPos.1.4 --> [0, 0, 18, 0, 0, 0, 0, 0])
Transition([0, 4, 14, 0, 0, 0, 0, 0] -- down --> [0, 125, 14, 0, 0, 0, 0, 0])
Transition([0, 125, 14, 0, 0, 0, 0, 0] -- 0.getPos.2.4 --> [0, 141, 14, 0, 0, 0, 0, 0])
Transition([0, 141, 14, 0, 0, 0, 0, 0] -- 0.setPos.3.4 --> [0, 0, 47, 0, 0, 0, 0, 0])
Transition([0, 0, 47, 0, 0, 0, 0, 0] -- startSafeCheck --> [0, 1, 47, 0, 1, 0, 0, 0])
Transition([0, 1, 47, 0, 1, 0, 0, 0] -- 0.getPos.3.4 --> [0, 1, 47, 0, 51, 0, 0, 0])
Transition([0, 1, 47, 0, 51, 0, 0, 0] -- 1.getPos.5.4 --> [0, 1, 47, 0, 3, 0, 0, 0])
Transition([0, 1, 47, 0, 3, 0, 0, 0] -- checkSafeOk --> [0, 2, 47, 0, 0, 0, 0, 0])
Transition([0, 2, 47, 0, 0, 0, 0, 0] -- startLiveCheck --> [0, 3, 47, 1, 0, 1, 0, 0])
Transition([0, 3, 47, 1, 0, 1, 0, 0] -- 1.getPos.5.4 --> [0, 3, 47, 2, 0, 2, 0, 0])
Transition([0, 3, 47, 2, 0, 2, 0, 0] -- checkLiveDone --> [0, 4, 47, 0, 0, 0, 0, 0])
Transition([0, 4, 14, 0, 0, 0, 0, 0] -- left --> [0, 365, 14, 0, 0, 0, 0, 0])
Transition([0, 365, 14, 0, 0, 0, 0, 0] -- 0.getPos.2.4 --> [0, 379, 14, 0, 0, 0, 0, 0])
Transition([0, 379, 14, 0, 0, 0, 0, 0] -- 0.setPos.2.3 --> [0, 0, 5, 0, 0, 0, 0, 0])
Transition([0, 4, 26, 0, 0, 0, 0, 0] -- down --> [0, 125, 26, 0, 0, 0, 0, 0])
Transition([0, 125, 26, 0, 0, 0, 0, 0] -- 0.getPos.5.1 --> [0, 200, 26, 0, 0, 0, 0, 0])
Transition([0, 200, 26, 0, 0, 0, 0, 0] -- 0.setPos.6.1 --> [0, 0, 12, 0, 0, 0, 0, 0])
Transition([0, 0, 12, 0, 0, 0, 0, 0] -- startSafeCheck --> [0, 1, 12, 0, 1, 0, 0, 0])
Transition([0, 1, 12, 0, 1, 0, 0, 0] -- 0.getPos.6.1 --> [0, 1, 12, 0, 14, 0, 0, 0])
Transition([0, 1, 12, 0, 14, 0, 0, 0] -- 1.getPos.5.4 --> [0, 1, 12, 0, 3, 0, 0, 0])
Transition([0, 1, 12, 0, 3, 0, 0, 0] -- checkSafeOk --> [0, 2, 12, 0, 0, 0, 0, 0])
Transition([0, 2, 12, 0, 0, 0, 0, 0] -- startLiveCheck --> [0, 3, 12, 1, 0, 1, 0, 0])
Transition([0, 3, 12, 1, 0, 1, 0, 0] -- 1.getPos.5.4 --> [0, 3, 12, 2, 0, 2, 0, 0])
Transition([0, 3, 12, 2, 0, 2, 0, 0] -- checkLiveDone --> [0, 4, 12, 0, 0, 0, 0, 0])
Transition([0, 4, 14, 0, 0, 0, 0, 0] -- right --> [0, 245, 14, 0, 0, 0, 0, 0])
Transition([0, 245, 14, 0, 0, 0, 0, 0] -- 0.getPos.2.4 --> [0, 257, 14, 0, 0, 0, 0, 0])
Transition([0, 257, 14, 0, 0, 0, 0, 0] -- 0.setPos.2.5 --> [0, 0, 13, 0, 0, 0, 0, 0])
Transition([0, 4, 26, 0, 0, 0, 0, 0] -- left --> [0, 365, 26, 0, 0, 0, 0, 0])
Transition([0, 365, 26, 0, 0, 0, 0, 0] -- 0.getPos.5.1 --> [0, 450, 26, 0, 0, 0, 0, 0])
Transition([0, 4, 14, 0, 0, 0, 0, 0] -- up --> [0, 5, 14, 0, 0, 0, 0, 0])
Transition([0, 5, 14, 0, 0, 0, 0, 0] -- 0.getPos.2.4 --> [0, 11, 14, 0, 0, 0, 0, 0])
Transition([0, 11, 14, 0, 0, 0, 0, 0] -- 0.setPos.1.4 --> [0, 0, 18, 0, 0, 0, 0, 0])
Transition([0, 4, 26, 0, 0, 0, 0, 0] -- right --> [0, 245, 26, 0, 0, 0, 0, 0])
Transition([0, 245, 26, 0, 0, 0, 0, 0] -- 0.getPos.5.1 --> [0, 328, 26, 0, 0, 0, 0, 0])
Transition([0, 328, 26, 0, 0, 0, 0, 0] -- 0.setPos.5.2 --> [0, 0, 24, 0, 0, 0, 0, 0])
Transition([0, 0, 24, 0, 0, 0, 0, 0] -- startSafeCheck --> [0, 1, 24, 0, 1, 0, 0, 0])
Transition([0, 1, 24, 0, 1, 0, 0, 0] -- 0.getPos.5.2 --> [0, 1, 24, 0, 26, 0, 0, 0])
Transition([0, 1, 24, 0, 26, 0, 0, 0] -- 1.getPos.5.4 --> [0, 1, 24, 0, 3, 0, 0, 0])
Transition([0, 1, 24, 0, 3, 0, 0, 0] -- checkSafeOk --> [0, 2, 24, 0, 0, 0, 0, 0])
Transition([0, 2, 24, 0, 0, 0, 0, 0] -- startLiveCheck --> [0, 3, 24, 1, 0, 1, 0, 0])
Transition([0, 3, 24, 1, 0, 1, 0, 0] -- 1.getPos.5.4 --> [0, 3, 24, 2, 0, 2, 0, 0])
Transition([0, 3, 24, 2, 0, 2, 0, 0] -- checkLiveDone --> [0, 4, 24, 0, 0, 0, 0, 0])
Transition([0, 4, 26, 0, 0, 0, 0, 0] -- up --> [0, 5, 26, 0, 0, 0, 0, 0])
Transition([0, 5, 26, 0, 0, 0, 0, 0] -- 0.getPos.5.1 --> [0, 80, 26, 0, 0, 0, 0, 0])
Transition([0, 80, 26, 0, 0, 0, 0, 0] -- 0.setPos.4.1 --> [0, 0, 30, 0, 0, 0, 0, 0])
Transition([0, 4, 48, 0, 0, 0, 0, 0] -- down --> [0, 125, 48, 0, 0, 0, 0, 0])
Transition([0, 125, 48, 0, 0, 0, 0, 0] -- 0.getPos.3.3 --> [0, 242, 48, 0, 0, 0, 0, 0])
Transition([0, 242, 48, 0, 0, 0, 0, 0] -- 0.setPos.4.3 --> [0, 0, 33, 0, 0, 0, 0, 0])
Transition([0, 0, 33, 0, 0, 0, 0, 0] -- startSafeCheck --> [0, 1, 33, 0, 1, 0, 0, 0])
Transition([0, 1, 33, 0, 1, 0, 0, 0] -- 0.getPos.4.3 --> [0, 1, 33, 0, 37, 0, 0, 0])
Transition([0, 1, 33, 0, 37, 0, 0, 0] -- 1.getPos.5.4 --> [0, 1, 33, 0, 3, 0, 0, 0])
Transition([0, 1, 33, 0, 3, 0, 0, 0] -- checkSafeOk --> [0, 2, 33, 0, 0, 0, 0, 0])
Transition([0, 2, 33, 0, 0, 0, 0, 0] -- startLiveCheck --> [0, 3, 33, 1, 0, 1, 0, 0])
Transition([0, 3, 33, 1, 0, 1, 0, 0] -- 1.getPos.5.4 --> [0, 3, 33, 2, 0, 2, 0, 0])
Transition([0, 3, 33, 2, 0, 2, 0, 0] -- checkLiveDone --> [0, 4, 33, 0, 0, 0, 0, 0])
Transition([0, 4, 48, 0, 0, 0, 0, 0] -- left --> [0, 365, 48, 0, 0, 0, 0, 0])
Transition([0, 365, 48, 0, 0, 0, 0, 0] -- 0.getPos.3.3 --> [0, 482, 48, 0, 0, 0, 0, 0])
Transition([0, 482, 48, 0, 0, 0, 0, 0] -- 0.setPos.3.2 --> [0, 0, 41, 0, 0, 0, 0, 0])
Transition([0, 4, 34, 0, 0, 0, 0, 0] -- down --> [0, 125, 34, 0, 0, 0, 0, 0])
Transition([0, 125, 34, 0, 0, 0, 0, 0] -- 0.getPos.4.2 --> [0, 221, 34, 0, 0, 0, 0, 0])
Transition([0, 221, 34, 0, 0, 0, 0, 0] -- 0.setPos.5.2 --> [0, 0, 24, 0, 0, 0, 0, 0])
Transition([0, 4, 48, 0, 0, 0, 0, 0] -- right --> [0, 245, 48, 0, 0, 0, 0, 0])
Transition([0, 245, 48, 0, 0, 0, 0, 0] -- 0.getPos.3.3 --> [0, 362, 48, 0, 0, 0, 0, 0])
Transition([0, 362, 48, 0, 0, 0, 0, 0] -- 0.setPos.3.4 --> [0, 0, 47, 0, 0, 0, 0, 0])
Transition([0, 4, 34, 0, 0, 0, 0, 0] -- left --> [0, 365, 34, 0, 0, 0, 0, 0])
Transition([0, 365, 34, 0, 0, 0, 0, 0] -- 0.getPos.4.2 --> [0, 467, 34, 0, 0, 0, 0, 0])
Transition([0, 467, 34, 0, 0, 0, 0, 0] -- 0.setPos.4.1 --> [0, 0, 30, 0, 0, 0, 0, 0])
Transition([0, 4, 48, 0, 0, 0, 0, 0] -- up --> [0, 5, 48, 0, 0, 0, 0, 0])
Transition([0, 5, 48, 0, 0, 0, 0, 0] -- 0.getPos.3.3 --> [0, 122, 48, 0, 0, 0, 0, 0])
Transition([0, 122, 48, 0, 0, 0, 0, 0] -- 0.setPos.2.3 --> [0, 0, 5, 0, 0, 0, 0, 0])
Transition([0, 4, 34, 0, 0, 0, 0, 0] -- right --> [0, 245, 34, 0, 0, 0, 0, 0])
Transition([0, 245, 34, 0, 0, 0, 0, 0] -- 0.getPos.4.2 --> [0, 345, 34, 0, 0, 0, 0, 0])
Transition([0, 345, 34, 0, 0, 0, 0, 0] -- 0.setPos.4.3 --> [0, 0, 33, 0, 0, 0, 0, 0])
Transition([0, 4, 34, 0, 0, 0, 0, 0] -- up --> [0, 5, 34, 0, 0, 0, 0, 0])
Transition([0, 5, 34, 0, 0, 0, 0, 0] -- 0.getPos.4.2 --> [0, 101, 34, 0, 0, 0, 0, 0])
Transition([0, 101, 34, 0, 0, 0, 0, 0] -- 0.setPos.3.2 --> [0, 0, 41, 0, 0, 0, 0, 0])
Transition([0, 4, 27, 0, 0, 0, 0, 0] -- right --> [0, 245, 27, 0, 0, 0, 0, 0])
Transition([0, 245, 27, 0, 0, 0, 0, 0] -- 0.getPos.1.5 --> [0, 271, 27, 0, 0, 0, 0, 0])
Transition([0, 271, 27, 0, 0, 0, 0, 0] -- 0.setPos.1.6 --> [0, 0, 25, 0, 0, 0, 0, 0])
Transition([0, 0, 25, 0, 0, 0, 0, 0] -- startSafeCheck --> [0, 1, 25, 0, 1, 0, 0, 0])
Transition([0, 1, 25, 0, 1, 0, 0, 0] -- 0.getPos.1.6 --> [0, 1, 25, 0, 27, 0, 0, 0])
Transition([0, 1, 25, 0, 27, 0, 0, 0] -- 1.getPos.5.4 --> [0, 1, 25, 0, 3, 0, 0, 0])
Transition([0, 1, 25, 0, 3, 0, 0, 0] -- checkSafeOk --> [0, 2, 25, 0, 0, 0, 0, 0])
Transition([0, 2, 25, 0, 0, 0, 0, 0] -- startLiveCheck --> [0, 3, 25, 1, 0, 1, 0, 0])
Transition([0, 3, 25, 1, 0, 1, 0, 0] -- 1.getPos.5.4 --> [0, 3, 25, 2, 0, 2, 0, 0])
Transition([0, 3, 25, 2, 0, 2, 0, 0] -- checkLiveDone --> [0, 4, 25, 0, 0, 0, 0, 0])
Transition([0, 4, 27, 0, 0, 0, 0, 0] -- up --> [0, 5, 27, 0, 0, 0, 0, 0])
Transition([0, 5, 27, 0, 0, 0, 0, 0] -- 0.getPos.1.5 --> [0, 17, 27, 0, 0, 0, 0, 0])
Transition([0, 4, 24, 0, 0, 0, 0, 0] -- down --> [0, 125, 24, 0, 0, 0, 0, 0])
Transition([0, 125, 24, 0, 0, 0, 0, 0] -- 0.getPos.5.2 --> [0, 197, 24, 0, 0, 0, 0, 0])
Transition([0, 197, 24, 0, 0, 0, 0, 0] -- 0.setPos.6.2 --> [0, 0, 10, 0, 0, 0, 0, 0])
Transition([0, 0, 10, 0, 0, 0, 0, 0] -- startSafeCheck --> [0, 1, 10, 0, 1, 0, 0, 0])
Transition([0, 1, 10, 0, 1, 0, 0, 0] -- 0.getPos.6.2 --> [0, 1, 10, 0, 8, 0, 0, 0])
Transition([0, 1, 10, 0, 8, 0, 0, 0] -- 1.getPos.5.4 --> [0, 1, 10, 0, 3, 0, 0, 0])
Transition([0, 1, 10, 0, 3, 0, 0, 0] -- checkSafeOk --> [0, 2, 10, 0, 0, 0, 0, 0])
Transition([0, 2, 10, 0, 0, 0, 0, 0] -- startLiveCheck --> [0, 3, 10, 1, 0, 1, 0, 0])
Transition([0, 3, 10, 1, 0, 1, 0, 0] -- 1.getPos.5.4 --> [0, 3, 10, 2, 0, 2, 0, 0])
Transition([0, 3, 10, 2, 0, 2, 0, 0] -- checkLiveDone --> [0, 4, 10, 0, 0, 0, 0, 0])
Transition([0, 4, 24, 0, 0, 0, 0, 0] -- left --> [0, 365, 24, 0, 0, 0, 0, 0])
Transition([0, 365, 24, 0, 0, 0, 0, 0] -- 0.getPos.5.2 --> [0, 449, 24, 0, 0, 0, 0, 0])
Transition([0, 449, 24, 0, 0, 0, 0, 0] -- 0.setPos.5.1 --> [0, 0, 26, 0, 0, 0, 0, 0])
Transition([0, 4, 13, 0, 0, 0, 0, 0] -- down --> [0, 125, 13, 0, 0, 0, 0, 0])
Transition([0, 125, 13, 0, 0, 0, 0, 0] -- 0.getPos.2.5 --> [0, 138, 13, 0, 0, 0, 0, 0])
Transition([0, 138, 13, 0, 0, 0, 0, 0] -- 0.setPos.3.5 --> [0, 0, 46, 0, 0, 0, 0, 0])
Transition([0, 0, 46, 0, 0, 0, 0, 0] -- startSafeCheck --> [0, 1, 46, 0, 1, 0, 0, 0])
Transition([0, 1, 46, 0, 1, 0, 0, 0] -- 0.getPos.3.5 --> [0, 1, 46, 0, 45, 0, 0, 0])
Transition([0, 1, 46, 0, 45, 0, 0, 0] -- 1.getPos.5.4 --> [0, 1, 46, 0, 3, 0, 0, 0])
Transition([0, 1, 46, 0, 3, 0, 0, 0] -- checkSafeOk --> [0, 2, 46, 0, 0, 0, 0, 0])
Transition([0, 2, 46, 0, 0, 0, 0, 0] -- startLiveCheck --> [0, 3, 46, 1, 0, 1, 0, 0])
Transition([0, 3, 46, 1, 0, 1, 0, 0] -- 1.getPos.5.4 --> [0, 3, 46, 2, 0, 2, 0, 0])
Transition([0, 3, 46, 2, 0, 2, 0, 0] -- checkLiveDone --> [0, 4, 46, 0, 0, 0, 0, 0])
Transition([0, 4, 24, 0, 0, 0, 0, 0] -- right --> [0, 245, 24, 0, 0, 0, 0, 0])
Transition([0, 245, 24, 0, 0, 0, 0, 0] -- 0.getPos.5.2 --> [0, 325, 24, 0, 0, 0, 0, 0])
Transition([0, 325, 24, 0, 0, 0, 0, 0] -- 0.setPos.5.3 --> [0, 0, 22, 0, 0, 0, 0, 0])
Transition([0, 0, 22, 0, 0, 0, 0, 0] -- startSafeCheck --> [0, 1, 22, 0, 1, 0, 0, 0])
Transition([0, 1, 22, 0, 1, 0, 0, 0] -- 0.getPos.5.3 --> [0, 1, 22, 0, 20, 0, 0, 0])
Transition([0, 1, 22, 0, 20, 0, 0, 0] -- 1.getPos.5.4 --> [0, 1, 22, 0, 3, 0, 0, 0])
Transition([0, 1, 22, 0, 3, 0, 0, 0] -- checkSafeOk --> [0, 2, 22, 0, 0, 0, 0, 0])
Transition([0, 2, 22, 0, 0, 0, 0, 0] -- startLiveCheck --> [0, 3, 22, 1, 0, 1, 0, 0])
Transition([0, 3, 22, 1, 0, 1, 0, 0] -- 1.getPos.5.4 --> [0, 3, 22, 2, 0, 2, 0, 0])
Transition([0, 3, 22, 2, 0, 2, 0, 0] -- checkLiveDone --> [0, 4, 22, 0, 0, 0, 0, 0])
Transition([0, 4, 13, 0, 0, 0, 0, 0] -- left --> [0, 365, 13, 0, 0, 0, 0, 0])
Transition([0, 365, 13, 0, 0, 0, 0, 0] -- 0.getPos.2.5 --> [0, 376, 13, 0, 0, 0, 0, 0])
Transition([0, 376, 13, 0, 0, 0, 0, 0] -- 0.setPos.2.4 --> [0, 0, 14, 0, 0, 0, 0, 0])
Transition([0, 4, 13, 0, 0, 0, 0, 0] -- right --> [0, 245, 13, 0, 0, 0, 0, 0])
Transition([0, 245, 13, 0, 0, 0, 0, 0] -- 0.getPos.2.5 --> [0, 254, 13, 0, 0, 0, 0, 0])
Transition([0, 254, 13, 0, 0, 0, 0, 0] -- 0.setPos.2.6 --> [0, 0, 11, 0, 0, 0, 0, 0])
Transition([0, 0, 11, 0, 0, 0, 0, 0] -- startSafeCheck --> [0, 1, 11, 0, 1, 0, 0, 0])
Transition([0, 1, 11, 0, 1, 0, 0, 0] -- 0.getPos.2.6 --> [0, 1, 11, 0, 9, 0, 0, 0])
Transition([0, 1, 11, 0, 9, 0, 0, 0] -- 1.getPos.5.4 --> [0, 1, 11, 0, 3, 0, 0, 0])
Transition([0, 1, 11, 0, 3, 0, 0, 0] -- checkSafeOk --> [0, 2, 11, 0, 0, 0, 0, 0])
Transition([0, 2, 11, 0, 0, 0, 0, 0] -- startLiveCheck --> [0, 3, 11, 1, 0, 1, 0, 0])
Transition([0, 3, 11, 1, 0, 1, 0, 0] -- 1.getPos.5.4 --> [0, 3, 11, 2, 0, 2, 0, 0])
Transition([0, 3, 11, 2, 0, 2, 0, 0] -- checkLiveDone --> [0, 4, 11, 0, 0, 0, 0, 0])
Transition([0, 4, 24, 0, 0, 0, 0, 0] -- up --> [0, 5, 24, 0, 0, 0, 0, 0])
Transition([0, 5, 24, 0, 0, 0, 0, 0] -- 0.getPos.5.2 --> [0, 77, 24, 0, 0, 0, 0, 0])
Transition([0, 77, 24, 0, 0, 0, 0, 0] -- 0.setPos.4.2 --> [0, 0, 34, 0, 0, 0, 0, 0])
Transition([0, 4, 13, 0, 0, 0, 0, 0] -- up --> [0, 5, 13, 0, 0, 0, 0, 0])
Transition([0, 5, 13, 0, 0, 0, 0, 0] -- 0.getPos.2.5 --> [0, 10, 13, 0, 0, 0, 0, 0])
Transition([0, 10, 13, 0, 0, 0, 0, 0] -- 0.setPos.1.5 --> [0, 0, 27, 0, 0, 0, 0, 0])
Transition([0, 4, 47, 0, 0, 0, 0, 0] -- down --> [0, 125, 47, 0, 0, 0, 0, 0])
Transition([0, 125, 47, 0, 0, 0, 0, 0] -- 0.getPos.3.4 --> [0, 239, 47, 0, 0, 0, 0, 0])
Transition([0, 239, 47, 0, 0, 0, 0, 0] -- 0.setPos.4.4 --> [0, 0, 32, 0, 0, 0, 0, 0])
Transition([0, 0, 32, 0, 0, 0, 0, 0] -- startSafeCheck --> [0, 1, 32, 0, 1, 0, 0, 0])
Transition([0, 1, 32, 0, 1, 0, 0, 0] -- 0.getPos.4.4 --> [0, 1, 32, 0, 33, 0, 0, 0])
Transition([0, 1, 32, 0, 33, 0, 0, 0] -- 1.getPos.5.4 --> [0, 1, 32, 0, 3, 0, 0, 0])
Transition([0, 1, 32, 0, 3, 0, 0, 0] -- checkSafeOk --> [0, 2, 32, 0, 0, 0, 0, 0])
Transition([0, 2, 32, 0, 0, 0, 0, 0] -- startLiveCheck --> [0, 3, 32, 1, 0, 1, 0, 0])
Transition([0, 3, 32, 1, 0, 1, 0, 0] -- 1.getPos.5.4 --> [0, 3, 32, 2, 0, 2, 0, 0])
Transition([0, 3, 32, 2, 0, 2, 0, 0] -- checkLiveDone --> [0, 4, 32, 0, 0, 0, 0, 0])
Transition([0, 4, 33, 0, 0, 0, 0, 0] -- down --> [0, 125, 33, 0, 0, 0, 0, 0])
Transition([0, 125, 33, 0, 0, 0, 0, 0] -- 0.getPos.4.3 --> [0, 218, 33, 0, 0, 0, 0, 0])
Transition([0, 218, 33, 0, 0, 0, 0, 0] -- 0.setPos.5.3 --> [0, 0, 22, 0, 0, 0, 0, 0])
Transition([0, 4, 47, 0, 0, 0, 0, 0] -- left --> [0, 365, 47, 0, 0, 0, 0, 0])
Transition([0, 365, 47, 0, 0, 0, 0, 0] -- 0.getPos.3.4 --> [0, 479, 47, 0, 0, 0, 0, 0])
Transition([0, 479, 47, 0, 0, 0, 0, 0] -- 0.setPos.3.3 --> [0, 0, 48, 0, 0, 0, 0, 0])
Transition([0, 4, 33, 0, 0, 0, 0, 0] -- left --> [0, 365, 33, 0, 0, 0, 0, 0])
Transition([0, 365, 33, 0, 0, 0, 0, 0] -- 0.getPos.4.3 --> [0, 464, 33, 0, 0, 0, 0, 0])
Transition([0, 464, 33, 0, 0, 0, 0, 0] -- 0.setPos.4.2 --> [0, 0, 34, 0, 0, 0, 0, 0])
Transition([0, 4, 47, 0, 0, 0, 0, 0] -- right --> [0, 245, 47, 0, 0, 0, 0, 0])
Transition([0, 245, 47, 0, 0, 0, 0, 0] -- 0.getPos.3.4 --> [0, 359, 47, 0, 0, 0, 0, 0])
Transition([0, 359, 47, 0, 0, 0, 0, 0] -- 0.setPos.3.5 --> [0, 0, 46, 0, 0, 0, 0, 0])
Transition([0, 4, 33, 0, 0, 0, 0, 0] -- right --> [0, 245, 33, 0, 0, 0, 0, 0])
Transition([0, 245, 33, 0, 0, 0, 0, 0] -- 0.getPos.4.3 --> [0, 342, 33, 0, 0, 0, 0, 0])
Transition([0, 342, 33, 0, 0, 0, 0, 0] -- 0.setPos.4.4 --> [0, 0, 32, 0, 0, 0, 0, 0])
Transition([0, 4, 47, 0, 0, 0, 0, 0] -- up --> [0, 5, 47, 0, 0, 0, 0, 0])
Transition([0, 5, 47, 0, 0, 0, 0, 0] -- 0.getPos.3.4 --> [0, 119, 47, 0, 0, 0, 0, 0])
Transition([0, 119, 47, 0, 0, 0, 0, 0] -- 0.setPos.2.4 --> [0, 0, 14, 0, 0, 0, 0, 0])
Transition([0, 4, 33, 0, 0, 0, 0, 0] -- up --> [0, 5, 33, 0, 0, 0, 0, 0])
Transition([0, 5, 33, 0, 0, 0, 0, 0] -- 0.getPos.4.3 --> [0, 98, 33, 0, 0, 0, 0, 0])
Transition([0, 98, 33, 0, 0, 0, 0, 0] -- 0.setPos.3.3 --> [0, 0, 48, 0, 0, 0, 0, 0])
Transition([0, 4, 25, 0, 0, 0, 0, 0] -- down --> [0, 125, 25, 0, 0, 0, 0, 0])
Transition([0, 125, 25, 0, 0, 0, 0, 0] -- 0.getPos.1.6 --> [0, 156, 25, 0, 0, 0, 0, 0])
Transition([0, 156, 25, 0, 0, 0, 0, 0] -- 0.setPos.2.6 --> [0, 0, 11, 0, 0, 0, 0, 0])
Transition([0, 4, 25, 0, 0, 0, 0, 0] -- left --> [0, 365, 25, 0, 0, 0, 0, 0])
Transition([0, 365, 25, 0, 0, 0, 0, 0] -- 0.getPos.1.6 --> [0, 392, 25, 0, 0, 0, 0, 0])
Transition([0, 392, 25, 0, 0, 0, 0, 0] -- 0.setPos.1.5 --> [0, 0, 27, 0, 0, 0, 0, 0])
Transition([0, 4, 25, 0, 0, 0, 0, 0] -- right --> [0, 245, 25, 0, 0, 0, 0, 0])
Transition([0, 245, 25, 0, 0, 0, 0, 0] -- 0.getPos.1.6 --> [0, 270, 25, 0, 0, 0, 0, 0])
Transition([0, 270, 25, 0, 0, 0, 0, 0] -- 0.setPos.1.7 --> [0, 0, 23, 0, 0, 0, 0, 0])
Transition([0, 0, 23, 0, 0, 0, 0, 0] -- startSafeCheck --> [0, 1, 23, 0, 1, 0, 0, 0])
Transition([0, 1, 23, 0, 1, 0, 0, 0] -- 0.getPos.1.7 --> [0, 1, 23, 0, 21, 0, 0, 0])
Transition([0, 1, 23, 0, 21, 0, 0, 0] -- 1.getPos.5.4 --> [0, 1, 23, 0, 3, 0, 0, 0])
Transition([0, 1, 23, 0, 3, 0, 0, 0] -- checkSafeOk --> [0, 2, 23, 0, 0, 0, 0, 0])
Transition([0, 2, 23, 0, 0, 0, 0, 0] -- startLiveCheck --> [0, 3, 23, 1, 0, 1, 0, 0])
Transition([0, 3, 23, 1, 0, 1, 0, 0] -- 1.getPos.5.4 --> [0, 3, 23, 2, 0, 2, 0, 0])
Transition([0, 3, 23, 2, 0, 2, 0, 0] -- checkLiveDone --> [0, 4, 23, 0, 0, 0, 0, 0])
Transition([0, 4, 25, 0, 0, 0, 0, 0] -- up --> [0, 5, 25, 0, 0, 0, 0, 0])
Transition([0, 5, 25, 0, 0, 0, 0, 0] -- 0.getPos.1.6 --> [0, 16, 25, 0, 0, 0, 0, 0])
Transition([0, 4, 12, 0, 0, 0, 0, 0] -- down --> [0, 125, 12, 0, 0, 0, 0, 0])
Transition([0, 125, 12, 0, 0, 0, 0, 0] -- 0.getPos.6.1 --> [0, 181, 12, 0, 0, 0, 0, 0])
Transition([0, 181, 12, 0, 0, 0, 0, 0] -- 0.setPos.7.1 --> [0, 0, 45, 0, 0, 0, 0, 0])
Transition([0, 0, 45, 0, 0, 0, 0, 0] -- startSafeCheck --> [0, 1, 45, 0, 1, 0, 0, 0])
Transition([0, 1, 45, 0, 1, 0, 0, 0] -- 0.getPos.7.1 --> [0, 1, 45, 0, 44, 0, 0, 0])
Transition([0, 1, 45, 0, 44, 0, 0, 0] -- 1.getPos.5.4 --> [0, 1, 45, 0, 3, 0, 0, 0])
Transition([0, 1, 45, 0, 3, 0, 0, 0] -- checkSafeOk --> [0, 2, 45, 0, 0, 0, 0, 0])
Transition([0, 2, 45, 0, 0, 0, 0, 0] -- startLiveCheck --> [0, 3, 45, 1, 0, 1, 0, 0])
Transition([0, 3, 45, 1, 0, 1, 0, 0] -- 1.getPos.5.4 --> [0, 3, 45, 2, 0, 2, 0, 0])
Transition([0, 3, 45, 2, 0, 2, 0, 0] -- checkLiveDone --> [0, 4, 45, 0, 0, 0, 0, 0])
Transition([0, 4, 12, 0, 0, 0, 0, 0] -- left --> [0, 365, 12, 0, 0, 0, 0, 0])
Transition([0, 365, 12, 0, 0, 0, 0, 0] -- 0.getPos.6.1 --> [0, 433, 12, 0, 0, 0, 0, 0])
Transition([0, 4, 12, 0, 0, 0, 0, 0] -- right --> [0, 245, 12, 0, 0, 0, 0, 0])
Transition([0, 245, 12, 0, 0, 0, 0, 0] -- 0.getPos.6.1 --> [0, 311, 12, 0, 0, 0, 0, 0])
Transition([0, 311, 12, 0, 0, 0, 0, 0] -- 0.setPos.6.2 --> [0, 0, 10, 0, 0, 0, 0, 0])
Transition([0, 4, 12, 0, 0, 0, 0, 0] -- up --> [0, 5, 12, 0, 0, 0, 0, 0])
Transition([0, 5, 12, 0, 0, 0, 0, 0] -- 0.getPos.6.1 --> [0, 59, 12, 0, 0, 0, 0, 0])
Transition([0, 59, 12, 0, 0, 0, 0, 0] -- 0.setPos.5.1 --> [0, 0, 26, 0, 0, 0, 0, 0])
Transition([0, 4, 46, 0, 0, 0, 0, 0] -- down --> [0, 125, 46, 0, 0, 0, 0, 0])
Transition([0, 125, 46, 0, 0, 0, 0, 0] -- 0.getPos.3.5 --> [0, 227, 46, 0, 0, 0, 0, 0])
Transition([0, 227, 46, 0, 0, 0, 0, 0] -- 0.setPos.4.5 --> [0, 0, 31, 0, 0, 0, 0, 0])
Transition([0, 0, 31, 0, 0, 0, 0, 0] -- startSafeCheck --> [0, 1, 31, 0, 1, 0, 0, 0])
Transition([0, 1, 31, 0, 1, 0, 0, 0] -- 0.getPos.4.5 --> [0, 1, 31, 0, 32, 0, 0, 0])
Transition([0, 1, 31, 0, 32, 0, 0, 0] -- 1.getPos.5.4 --> [0, 1, 31, 0, 3, 0, 0, 0])
Transition([0, 1, 31, 0, 3, 0, 0, 0] -- checkSafeOk --> [0, 2, 31, 0, 0, 0, 0, 0])
Transition([0, 2, 31, 0, 0, 0, 0, 0] -- startLiveCheck --> [0, 3, 31, 1, 0, 1, 0, 0])
Transition([0, 3, 31, 1, 0, 1, 0, 0] -- 1.getPos.5.4 --> [0, 3, 31, 2, 0, 2, 0, 0])
Transition([0, 3, 31, 2, 0, 2, 0, 0] -- checkLiveDone --> [0, 4, 31, 0, 0, 0, 0, 0])
Transition([0, 4, 32, 0, 0, 0, 0, 0] -- down --> [0, 125, 32, 0, 0, 0, 0, 0])
Transition([0, 125, 32, 0, 0, 0, 0, 0] -- 0.getPos.4.4 --> [0, 206, 32, 0, 0, 0, 0, 0])
Transition([0, 206, 32, 0, 0, 0, 0, 0] -- 0.setPos.5.4 --> [0, 0, 21, 0, 0, 0, 0, 0])
Transition([0, 0, 21, 0, 0, 0, 0, 0] -- startSafeCheck --> [0, 1, 21, 0, 1, 0, 0, 0])
Transition([0, 1, 21, 0, 1, 0, 0, 0] -- 0.getPos.5.4 --> [0, 1, 21, 0, 19, 0, 0, 0])
Transition([0, 1, 21, 0, 19, 0, 0, 0] -- 1.getPos.5.4 --> [0, 1, 21, 0, 4, 0, 0, 0])
Transition([0, 206, 32, 0, 0, 0, 0, 0] -- 1.getPos.5.4 --> [0, 207, 32, 0, 0, 0, 0, 0])
Transition([0, 207, 32, 0, 0, 0, 0, 0] -- 1.setPos.6.4 --> [4, 208, 32, 0, 0, 0, 0, 0])
Transition([4, 208, 32, 0, 0, 0, 0, 0] -- 0.setPos.5.4 --> [4, 0, 21, 0, 0, 0, 0, 0])
Transition([4, 0, 21, 0, 0, 0, 0, 0] -- startSafeCheck --> [4, 1, 21, 0, 1, 0, 0, 0])
Transition([4, 1, 21, 0, 1, 0, 0, 0] -- 0.getPos.5.4 --> [4, 1, 21, 0, 19, 0, 0, 0])
Transition([4, 1, 21, 0, 19, 0, 0, 0] -- 1.getPos.6.4 --> [4, 1, 21, 0, 3, 0, 0, 0])
Transition([4, 1, 21, 0, 3, 0, 0, 0] -- checkSafeOk --> [4, 2, 21, 0, 0, 0, 0, 0])
Transition([4, 2, 21, 0, 0, 0, 0, 0] -- startLiveCheck --> [4, 3, 21, 1, 0, 1, 0, 0])
Transition([4, 3, 21, 1, 0, 1, 0, 0] -- 1.getPos.6.4 --> [4, 3, 21, 2, 0, 2, 0, 0])
Transition([4, 3, 21, 2, 0, 2, 0, 0] -- checkLiveDone --> [4, 4, 21, 0, 0, 0, 0, 0])
Transition([0, 4, 45, 0, 0, 0, 0, 0] -- down --> [0, 125, 45, 0, 0, 0, 0, 0])
Transition([0, 125, 45, 0, 0, 0, 0, 0] -- 0.getPos.7.1 --> [0, 172, 45, 0, 0, 0, 0, 0])
Transition([0, 4, 45, 0, 0, 0, 0, 0] -- left --> [0, 365, 45, 0, 0, 0, 0, 0])
Transition([0, 365, 45, 0, 0, 0, 0, 0] -- 0.getPos.7.1 --> [0, 410, 45, 0, 0, 0, 0, 0])
Transition([0, 4, 45, 0, 0, 0, 0, 0] -- right --> [0, 245, 45, 0, 0, 0, 0, 0])
Transition([0, 245, 45, 0, 0, 0, 0, 0] -- 0.getPos.7.1 --> [0, 288, 45, 0, 0, 0, 0, 0])
Transition([0, 288, 45, 0, 0, 0, 0, 0] -- 0.setPos.7.2 --> [0, 0, 43, 0, 0, 0, 0, 0])
Transition([0, 0, 43, 0, 0, 0, 0, 0] -- startSafeCheck --> [0, 1, 43, 0, 1, 0, 0, 0])
Transition([0, 1, 43, 0, 1, 0, 0, 0] -- 0.getPos.7.2 --> [0, 1, 43, 0, 42, 0, 0, 0])
Transition([0, 1, 43, 0, 42, 0, 0, 0] -- 1.getPos.5.4 --> [0, 1, 43, 0, 3, 0, 0, 0])
Transition([0, 1, 43, 0, 3, 0, 0, 0] -- checkSafeOk --> [0, 2, 43, 0, 0, 0, 0, 0])
Transition([0, 2, 43, 0, 0, 0, 0, 0] -- startLiveCheck --> [0, 3, 43, 1, 0, 1, 0, 0])
Transition([0, 3, 43, 1, 0, 1, 0, 0] -- 1.getPos.5.4 --> [0, 3, 43, 2, 0, 2, 0, 0])
Transition([0, 3, 43, 2, 0, 2, 0, 0] -- checkLiveDone --> [0, 4, 43, 0, 0, 0, 0, 0])
Transition([0, 4, 11, 0, 0, 0, 0, 0] -- down --> [0, 125, 11, 0, 0, 0, 0, 0])
Transition([0, 125, 11, 0, 0, 0, 0, 0] -- 0.getPos.2.6 --> [0, 129, 11, 0, 0, 0, 0, 0])
Transition([0, 129, 11, 0, 0, 0, 0, 0] -- 0.setPos.3.6 --> [0, 0, 44, 0, 0, 0, 0, 0])
Transition([0, 0, 44, 0, 0, 0, 0, 0] -- startSafeCheck --> [0, 1, 44, 0, 1, 0, 0, 0])
Transition([0, 1, 44, 0, 1, 0, 0, 0] -- 0.getPos.3.6 --> [0, 1, 44, 0, 43, 0, 0, 0])
Transition([0, 1, 44, 0, 43, 0, 0, 0] -- 1.getPos.5.4 --> [0, 1, 44, 0, 3, 0, 0, 0])
Transition([0, 1, 44, 0, 3, 0, 0, 0] -- checkSafeOk --> [0, 2, 44, 0, 0, 0, 0, 0])
Transition([0, 2, 44, 0, 0, 0, 0, 0] -- startLiveCheck --> [0, 3, 44, 1, 0, 1, 0, 0])
Transition([0, 3, 44, 1, 0, 1, 0, 0] -- 1.getPos.5.4 --> [0, 3, 44, 2, 0, 2, 0, 0])
Transition([0, 3, 44, 2, 0, 2, 0, 0] -- checkLiveDone --> [0, 4, 44, 0, 0, 0, 0, 0])
Transition([0, 4, 46, 0, 0, 0, 0, 0] -- left --> [0, 365, 46, 0, 0, 0, 0, 0])
Transition([0, 365, 46, 0, 0, 0, 0, 0] -- 0.getPos.3.5 --> [0, 471, 46, 0, 0, 0, 0, 0])
Transition([0, 471, 46, 0, 0, 0, 0, 0] -- 0.setPos.3.4 --> [0, 0, 47, 0, 0, 0, 0, 0])
Transition([0, 4, 10, 0, 0, 0, 0, 0] -- down --> [0, 125, 10, 0, 0, 0, 0, 0])
Transition([0, 125, 10, 0, 0, 0, 0, 0] -- 0.getPos.6.2 --> [0, 178, 10, 0, 0, 0, 0, 0])
Transition([0, 178, 10, 0, 0, 0, 0, 0] -- 0.setPos.7.2 --> [0, 0, 43, 0, 0, 0, 0, 0])
Transition([0, 4, 23, 0, 0, 0, 0, 0] -- down --> [0, 125, 23, 0, 0, 0, 0, 0])
Transition([0, 125, 23, 0, 0, 0, 0, 0] -- 0.getPos.1.7 --> [0, 147, 23, 0, 0, 0, 0, 0])
Transition([0, 147, 23, 0, 0, 0, 0, 0] -- 0.setPos.2.7 --> [0, 0, 9, 0, 0, 0, 0, 0])
Transition([0, 0, 9, 0, 0, 0, 0, 0] -- startSafeCheck --> [0, 1, 9, 0, 1, 0, 0, 0])
Transition([0, 1, 9, 0, 1, 0, 0, 0] -- 0.getPos.2.7 --> [0, 1, 9, 0, 7, 0, 0, 0])
Transition([0, 1, 9, 0, 7, 0, 0, 0] -- 1.getPos.5.4 --> [0, 1, 9, 0, 3, 0, 0, 0])
Transition([0, 1, 9, 0, 3, 0, 0, 0] -- checkSafeOk --> [0, 2, 9, 0, 0, 0, 0, 0])
Transition([0, 2, 9, 0, 0, 0, 0, 0] -- startLiveCheck --> [0, 3, 9, 1, 0, 1, 0, 0])
Transition([0, 3, 9, 1, 0, 1, 0, 0] -- 1.getPos.5.4 --> [0, 3, 9, 2, 0, 2, 0, 0])
Transition([0, 3, 9, 2, 0, 2, 0, 0] -- checkLiveDone --> [0, 4, 9, 0, 0, 0, 0, 0])
Transition([0, 4, 10, 0, 0, 0, 0, 0] -- left --> [0, 365, 10, 0, 0, 0, 0, 0])
Transition([0, 365, 10, 0, 0, 0, 0, 0] -- 0.getPos.6.2 --> [0, 426, 10, 0, 0, 0, 0, 0])
Transition([0, 426, 10, 0, 0, 0, 0, 0] -- 0.setPos.6.1 --> [0, 0, 12, 0, 0, 0, 0, 0])
Transition([0, 4, 46, 0, 0, 0, 0, 0] -- right --> [0, 245, 46, 0, 0, 0, 0, 0])
Transition([0, 245, 46, 0, 0, 0, 0, 0] -- 0.getPos.3.5 --> [0, 349, 46, 0, 0, 0, 0, 0])
Transition([0, 349, 46, 0, 0, 0, 0, 0] -- 0.setPos.3.6 --> [0, 0, 44, 0, 0, 0, 0, 0])
Transition([0, 4, 10, 0, 0, 0, 0, 0] -- right --> [0, 245, 10, 0, 0, 0, 0, 0])
Transition([0, 245, 10, 0, 0, 0, 0, 0] -- 0.getPos.6.2 --> [0, 302, 10, 0, 0, 0, 0, 0])
Transition([0, 302, 10, 0, 0, 0, 0, 0] -- 0.setPos.6.3 --> [0, 0, 8, 0, 0, 0, 0, 0])
Transition([0, 0, 8, 0, 0, 0, 0, 0] -- startSafeCheck --> [0, 1, 8, 0, 1, 0, 0, 0])
Transition([0, 1, 8, 0, 1, 0, 0, 0] -- 0.getPos.6.3 --> [0, 1, 8, 0, 6, 0, 0, 0])
Transition([0, 1, 8, 0, 6, 0, 0, 0] -- 1.getPos.5.4 --> [0, 1, 8, 0, 3, 0, 0, 0])
Transition([0, 1, 8, 0, 3, 0, 0, 0] -- checkSafeOk --> [0, 2, 8, 0, 0, 0, 0, 0])
Transition([0, 2, 8, 0, 0, 0, 0, 0] -- startLiveCheck --> [0, 3, 8, 1, 0, 1, 0, 0])
Transition([0, 3, 8, 1, 0, 1, 0, 0] -- 1.getPos.5.4 --> [0, 3, 8, 2, 0, 2, 0, 0])
Transition([0, 3, 8, 2, 0, 2, 0, 0] -- checkLiveDone --> [0, 4, 8, 0, 0, 0, 0, 0])
Transition([0, 4, 11, 0, 0, 0, 0, 0] -- left --> [0, 365, 11, 0, 0, 0, 0, 0])
Transition([0, 365, 11, 0, 0, 0, 0, 0] -- 0.getPos.2.6 --> [0, 369, 11, 0, 0, 0, 0, 0])
Transition([0, 369, 11, 0, 0, 0, 0, 0] -- 0.setPos.2.5 --> [0, 0, 13, 0, 0, 0, 0, 0])
Transition([0, 4, 22, 0, 0, 0, 0, 0] -- down --> [0, 125, 22, 0, 0, 0, 0, 0])
Transition([0, 125, 22, 0, 0, 0, 0, 0] -- 0.getPos.5.3 --> [0, 188, 22, 0, 0, 0, 0, 0])
Transition([0, 188, 22, 0, 0, 0, 0, 0] -- 0.setPos.6.3 --> [0, 0, 8, 0, 0, 0, 0, 0])
Transition([0, 4, 45, 0, 0, 0, 0, 0] -- up --> [0, 5, 45, 0, 0, 0, 0, 0])
Transition([0, 5, 45, 0, 0, 0, 0, 0] -- 0.getPos.7.1 --> [0, 32, 45, 0, 0, 0, 0, 0])
Transition([0, 32, 45, 0, 0, 0, 0, 0] -- 0.setPos.6.1 --> [0, 0, 12, 0, 0, 0, 0, 0])
Transition([0, 4, 22, 0, 0, 0, 0, 0] -- left --> [0, 365, 22, 0, 0, 0, 0, 0])
Transition([0, 365, 22, 0, 0, 0, 0, 0] -- 0.getPos.5.3 --> [0, 440, 22, 0, 0, 0, 0, 0])
Transition([0, 440, 22, 0, 0, 0, 0, 0] -- 0.setPos.5.2 --> [0, 0, 24, 0, 0, 0, 0, 0])
Transition([0, 4, 11, 0, 0, 0, 0, 0] -- right --> [0, 245, 11, 0, 0, 0, 0, 0])
Transition([0, 245, 11, 0, 0, 0, 0, 0] -- 0.getPos.2.6 --> [0, 247, 11, 0, 0, 0, 0, 0])
Transition([0, 247, 11, 0, 0, 0, 0, 0] -- 0.setPos.2.7 --> [0, 0, 9, 0, 0, 0, 0, 0])
Transition([0, 4, 22, 0, 0, 0, 0, 0] -- right --> [0, 245, 22, 0, 0, 0, 0, 0])
Transition([0, 245, 22, 0, 0, 0, 0, 0] -- 0.getPos.5.3 --> [0, 318, 22, 0, 0, 0, 0, 0])
Transition([0, 318, 22, 0, 0, 0, 0, 0] -- 0.setPos.5.4 --> [0, 0, 21, 0, 0, 0, 0, 0])
Transition([0, 318, 22, 0, 0, 0, 0, 0] -- 1.getPos.5.4 --> [0, 319, 22, 0, 0, 0, 0, 0])
Transition([0, 319, 22, 0, 0, 0, 0, 0] -- 1.setPos.5.5 --> [17, 320, 22, 0, 0, 0, 0, 0])
Transition([17, 320, 22, 0, 0, 0, 0, 0] -- 0.setPos.5.4 --> [17, 0, 21, 0, 0, 0, 0, 0])
Transition([17, 0, 21, 0, 0, 0, 0, 0] -- startSafeCheck --> [17, 1, 21, 0, 1, 0, 0, 0])
Transition([17, 1, 21, 0, 1, 0, 0, 0] -- 0.getPos.5.4 --> [17, 1, 21, 0, 19, 0, 0, 0])
Transition([17, 1, 21, 0, 19, 0, 0, 0] -- 1.getPos.5.5 --> [17, 1, 21, 0, 3, 0, 0, 0])
Transition([17, 1, 21, 0, 3, 0, 0, 0] -- checkSafeOk --> [17, 2, 21, 0, 0, 0, 0, 0])
Transition([17, 2, 21, 0, 0, 0, 0, 0] -- startLiveCheck --> [17, 3, 21, 1, 0, 1, 0, 0])
Transition([17, 3, 21, 1, 0, 1, 0, 0] -- 1.getPos.5.5 --> [17, 3, 21, 2, 0, 2, 0, 0])
Transition([17, 3, 21, 2, 0, 2, 0, 0] -- checkLiveDone --> [17, 4, 21, 0, 0, 0, 0, 0])
Transition([0, 4, 23, 0, 0, 0, 0, 0] -- left --> [0, 365, 23, 0, 0, 0, 0, 0])
Transition([0, 365, 23, 0, 0, 0, 0, 0] -- 0.getPos.1.7 --> [0, 383, 23, 0, 0, 0, 0, 0])
Transition([0, 383, 23, 0, 0, 0, 0, 0] -- 0.setPos.1.6 --> [0, 0, 25, 0, 0, 0, 0, 0])
Transition([0, 4, 10, 0, 0, 0, 0, 0] -- up --> [0, 5, 10, 0, 0, 0, 0, 0])
Transition([0, 5, 10, 0, 0, 0, 0, 0] -- 0.getPos.6.2 --> [0, 50, 10, 0, 0, 0, 0, 0])
Transition([0, 50, 10, 0, 0, 0, 0, 0] -- 0.setPos.5.2 --> [0, 0, 24, 0, 0, 0, 0, 0])
Transition([0, 4, 23, 0, 0, 0, 0, 0] -- right --> [0, 245, 23, 0, 0, 0, 0, 0])
Transition([0, 245, 23, 0, 0, 0, 0, 0] -- 0.getPos.1.7 --> [0, 263, 23, 0, 0, 0, 0, 0])
Transition([0, 4, 23, 0, 0, 0, 0, 0] -- up --> [0, 5, 23, 0, 0, 0, 0, 0])
Transition([0, 5, 23, 0, 0, 0, 0, 0] -- 0.getPos.1.7 --> [0, 13, 23, 0, 0, 0, 0, 0])
Transition([0, 4, 11, 0, 0, 0, 0, 0] -- up --> [0, 5, 11, 0, 0, 0, 0, 0])
Transition([0, 5, 11, 0, 0, 0, 0, 0] -- 0.getPos.2.6 --> [0, 7, 11, 0, 0, 0, 0, 0])
Transition([0, 7, 11, 0, 0, 0, 0, 0] -- 0.setPos.1.6 --> [0, 0, 25, 0, 0, 0, 0, 0])
Transition([0, 4, 22, 0, 0, 0, 0, 0] -- up --> [0, 5, 22, 0, 0, 0, 0, 0])
Transition([0, 5, 22, 0, 0, 0, 0, 0] -- 0.getPos.5.3 --> [0, 68, 22, 0, 0, 0, 0, 0])
Transition([0, 68, 22, 0, 0, 0, 0, 0] -- 0.setPos.4.3 --> [0, 0, 33, 0, 0, 0, 0, 0])
Transition([0, 4, 46, 0, 0, 0, 0, 0] -- up --> [0, 5, 46, 0, 0, 0, 0, 0])
Transition([0, 5, 46, 0, 0, 0, 0, 0] -- 0.getPos.3.5 --> [0, 107, 46, 0, 0, 0, 0, 0])
Transition([0, 107, 46, 0, 0, 0, 0, 0] -- 0.setPos.2.5 --> [0, 0, 13, 0, 0, 0, 0, 0])
Transition([0, 4, 32, 0, 0, 0, 0, 0] -- left --> [0, 365, 32, 0, 0, 0, 0, 0])
Transition([0, 365, 32, 0, 0, 0, 0, 0] -- 0.getPos.4.4 --> [0, 454, 32, 0, 0, 0, 0, 0])
Transition([0, 454, 32, 0, 0, 0, 0, 0] -- 0.setPos.4.3 --> [0, 0, 33, 0, 0, 0, 0, 0])
Transition([0, 4, 32, 0, 0, 0, 0, 0] -- right --> [0, 245, 32, 0, 0, 0, 0, 0])
Transition([0, 245, 32, 0, 0, 0, 0, 0] -- 0.getPos.4.4 --> [0, 334, 32, 0, 0, 0, 0, 0])
Transition([0, 334, 32, 0, 0, 0, 0, 0] -- 0.setPos.4.5 --> [0, 0, 31, 0, 0, 0, 0, 0])
Transition([0, 4, 32, 0, 0, 0, 0, 0] -- up --> [0, 5, 32, 0, 0, 0, 0, 0])
Transition([0, 5, 32, 0, 0, 0, 0, 0] -- 0.getPos.4.4 --> [0, 86, 32, 0, 0, 0, 0, 0])
Transition([0, 86, 32, 0, 0, 0, 0, 0] -- 0.setPos.3.4 --> [0, 0, 47, 0, 0, 0, 0, 0])
Transition([0, 4, 43, 0, 0, 0, 0, 0] -- down --> [0, 125, 43, 0, 0, 0, 0, 0])
Transition([0, 125, 43, 0, 0, 0, 0, 0] -- 0.getPos.7.2 --> [0, 171, 43, 0, 0, 0, 0, 0])
Transition([0, 4, 31, 0, 0, 0, 0, 0] -- down --> [0, 125, 31, 0, 0, 0, 0, 0])
Transition([0, 125, 31, 0, 0, 0, 0, 0] -- 0.getPos.4.5 --> [0, 203, 31, 0, 0, 0, 0, 0])
Transition([0, 203, 31, 0, 0, 0, 0, 0] -- 0.setPos.5.5 --> [0, 0, 17, 0, 0, 0, 0, 0])
Transition([0, 0, 17, 0, 0, 0, 0, 0] -- startSafeCheck --> [0, 1, 17, 0, 1, 0, 0, 0])
Transition([0, 1, 17, 0, 1, 0, 0, 0] -- 0.getPos.5.5 --> [0, 1, 17, 0, 23, 0, 0, 0])
Transition([0, 1, 17, 0, 23, 0, 0, 0] -- 1.getPos.5.4 --> [0, 1, 17, 0, 3, 0, 0, 0])
Transition([0, 1, 17, 0, 3, 0, 0, 0] -- checkSafeOk --> [0, 2, 17, 0, 0, 0, 0, 0])
Transition([0, 2, 17, 0, 0, 0, 0, 0] -- startLiveCheck --> [0, 3, 17, 1, 0, 1, 0, 0])
Transition([0, 3, 17, 1, 0, 1, 0, 0] -- 1.getPos.5.4 --> [0, 3, 17, 2, 0, 2, 0, 0])
Transition([0, 3, 17, 2, 0, 2, 0, 0] -- checkLiveDone --> [0, 4, 17, 0, 0, 0, 0, 0])
Transition([0, 4, 43, 0, 0, 0, 0, 0] -- left --> [0, 365, 43, 0, 0, 0, 0, 0])
Transition([0, 365, 43, 0, 0, 0, 0, 0] -- 0.getPos.7.2 --> [0, 409, 43, 0, 0, 0, 0, 0])
Transition([0, 409, 43, 0, 0, 0, 0, 0] -- 0.setPos.7.1 --> [0, 0, 45, 0, 0, 0, 0, 0])
Transition([0, 4, 8, 0, 0, 0, 0, 0] -- down --> [0, 125, 8, 0, 0, 0, 0, 0])
Transition([0, 125, 8, 0, 0, 0, 0, 0] -- 0.getPos.6.3 --> [0, 177, 8, 0, 0, 0, 0, 0])
Transition([0, 177, 8, 0, 0, 0, 0, 0] -- 0.setPos.7.3 --> [0, 0, 38, 0, 0, 0, 0, 0])
Transition([0, 0, 38, 0, 0, 0, 0, 0] -- startSafeCheck --> [0, 1, 38, 0, 1, 0, 0, 0])
Transition([0, 1, 38, 0, 1, 0, 0, 0] -- 0.getPos.7.3 --> [0, 1, 38, 0, 47, 0, 0, 0])
Transition([0, 1, 38, 0, 47, 0, 0, 0] -- 1.getPos.5.4 --> [0, 1, 38, 0, 3, 0, 0, 0])
Transition([0, 1, 38, 0, 3, 0, 0, 0] -- checkSafeOk --> [0, 2, 38, 0, 0, 0, 0, 0])
Transition([0, 2, 38, 0, 0, 0, 0, 0] -- startLiveCheck --> [0, 3, 38, 1, 0, 1, 0, 0])
Transition([0, 3, 38, 1, 0, 1, 0, 0] -- 1.getPos.5.4 --> [0, 3, 38, 2, 0, 2, 0, 0])
Transition([0, 3, 38, 2, 0, 2, 0, 0] -- checkLiveDone --> [0, 4, 38, 0, 0, 0, 0, 0])
Transition([0, 4, 43, 0, 0, 0, 0, 0] -- right --> [0, 245, 43, 0, 0, 0, 0, 0])
Transition([0, 245, 43, 0, 0, 0, 0, 0] -- 0.getPos.7.2 --> [0, 285, 43, 0, 0, 0, 0, 0])
Transition([0, 285, 43, 0, 0, 0, 0, 0] -- 0.setPos.7.3 --> [0, 0, 38, 0, 0, 0, 0, 0])
Transition([0, 4, 43, 0, 0, 0, 0, 0] -- up --> [0, 5, 43, 0, 0, 0, 0, 0])
Transition([0, 5, 43, 0, 0, 0, 0, 0] -- 0.getPos.7.2 --> [0, 29, 43, 0, 0, 0, 0, 0])
Transition([0, 29, 43, 0, 0, 0, 0, 0] -- 0.setPos.6.2 --> [0, 0, 10, 0, 0, 0, 0, 0])
Transition([0, 4, 31, 0, 0, 0, 0, 0] -- left --> [0, 365, 31, 0, 0, 0, 0, 0])
Transition([0, 365, 31, 0, 0, 0, 0, 0] -- 0.getPos.4.5 --> [0, 451, 31, 0, 0, 0, 0, 0])
Transition([0, 451, 31, 0, 0, 0, 0, 0] -- 0.setPos.4.4 --> [0, 0, 32, 0, 0, 0, 0, 0])
Transition([0, 4, 8, 0, 0, 0, 0, 0] -- left --> [0, 365, 8, 0, 0, 0, 0, 0])
Transition([0, 365, 8, 0, 0, 0, 0, 0] -- 0.getPos.6.3 --> [0, 423, 8, 0, 0, 0, 0, 0])
Transition([0, 423, 8, 0, 0, 0, 0, 0] -- 0.setPos.6.2 --> [0, 0, 10, 0, 0, 0, 0, 0])
Transition([0, 4, 31, 0, 0, 0, 0, 0] -- right --> [0, 245, 31, 0, 0, 0, 0, 0])
Transition([0, 245, 31, 0, 0, 0, 0, 0] -- 0.getPos.4.5 --> [0, 331, 31, 0, 0, 0, 0, 0])
Transition([0, 331, 31, 0, 0, 0, 0, 0] -- 0.setPos.4.6 --> [0, 0, 29, 0, 0, 0, 0, 0])
Transition([0, 0, 29, 0, 0, 0, 0, 0] -- startSafeCheck --> [0, 1, 29, 0, 1, 0, 0, 0])
Transition([0, 1, 29, 0, 1, 0, 0, 0] -- 0.getPos.4.6 --> [0, 1, 29, 0, 35, 0, 0, 0])
Transition([0, 1, 29, 0, 35, 0, 0, 0] -- 1.getPos.5.4 --> [0, 1, 29, 0, 3, 0, 0, 0])
Transition([0, 1, 29, 0, 3, 0, 0, 0] -- checkSafeOk --> [0, 2, 29, 0, 0, 0, 0, 0])
Transition([0, 2, 29, 0, 0, 0, 0, 0] -- startLiveCheck --> [0, 3, 29, 1, 0, 1, 0, 0])
Transition([0, 3, 29, 1, 0, 1, 0, 0] -- 1.getPos.5.4 --> [0, 3, 29, 2, 0, 2, 0, 0])
Transition([0, 3, 29, 2, 0, 2, 0, 0] -- checkLiveDone --> [0, 4, 29, 0, 0, 0, 0, 0])
Transition([0, 4, 8, 0, 0, 0, 0, 0] -- right --> [0, 245, 8, 0, 0, 0, 0, 0])
Transition([0, 245, 8, 0, 0, 0, 0, 0] -- 0.getPos.6.3 --> [0, 299, 8, 0, 0, 0, 0, 0])
Transition([0, 299, 8, 0, 0, 0, 0, 0] -- 0.setPos.6.4 --> [0, 0, 4, 0, 0, 0, 0, 0])
Transition([0, 0, 4, 0, 0, 0, 0, 0] -- startSafeCheck --> [0, 1, 4, 0, 1, 0, 0, 0])
Transition([0, 1, 4, 0, 1, 0, 0, 0] -- 0.getPos.6.4 --> [0, 1, 4, 0, 11, 0, 0, 0])
Transition([0, 1, 4, 0, 11, 0, 0, 0] -- 1.getPos.5.4 --> [0, 1, 4, 0, 3, 0, 0, 0])
Transition([0, 1, 4, 0, 3, 0, 0, 0] -- checkSafeOk --> [0, 2, 4, 0, 0, 0, 0, 0])
Transition([0, 2, 4, 0, 0, 0, 0, 0] -- startLiveCheck --> [0, 3, 4, 1, 0, 1, 0, 0])
Transition([0, 3, 4, 1, 0, 1, 0, 0] -- 1.getPos.5.4 --> [0, 3, 4, 2, 0, 2, 0, 0])
Transition([0, 3, 4, 2, 0, 2, 0, 0] -- checkLiveDone --> [0, 4, 4, 0, 0, 0, 0, 0])
Transition([0, 4, 31, 0, 0, 0, 0, 0] -- up --> [0, 5, 31, 0, 0, 0, 0, 0])
Transition([0, 5, 31, 0, 0, 0, 0, 0] -- 0.getPos.4.5 --> [0, 83, 31, 0, 0, 0, 0, 0])
Transition([0, 83, 31, 0, 0, 0, 0, 0] -- 0.setPos.3.5 --> [0, 0, 46, 0, 0, 0, 0, 0])
Transition([0, 4, 8, 0, 0, 0, 0, 0] -- up --> [0, 5, 8, 0, 0, 0, 0, 0])
Transition([0, 5, 8, 0, 0, 0, 0, 0] -- 0.getPos.6.3 --> [0, 47, 8, 0, 0, 0, 0, 0])
Transition([0, 47, 8, 0, 0, 0, 0, 0] -- 0.setPos.5.3 --> [0, 0, 22, 0, 0, 0, 0, 0])
Transition([0, 4, 9, 0, 0, 0, 0, 0] -- down --> [0, 125, 9, 0, 0, 0, 0, 0])
Transition([0, 125, 9, 0, 0, 0, 0, 0] -- 0.getPos.2.7 --> [0, 126, 9, 0, 0, 0, 0, 0])
Transition([0, 126, 9, 0, 0, 0, 0, 0] -- 0.setPos.3.7 --> [0, 0, 39, 0, 0, 0, 0, 0])
Transition([0, 0, 39, 0, 0, 0, 0, 0] -- startSafeCheck --> [0, 1, 39, 0, 1, 0, 0, 0])
Transition([0, 1, 39, 0, 1, 0, 0, 0] -- 0.getPos.3.7 --> [0, 1, 39, 0, 48, 0, 0, 0])
Transition([0, 1, 39, 0, 48, 0, 0, 0] -- 1.getPos.5.4 --> [0, 1, 39, 0, 3, 0, 0, 0])
Transition([0, 1, 39, 0, 3, 0, 0, 0] -- checkSafeOk --> [0, 2, 39, 0, 0, 0, 0, 0])
Transition([0, 2, 39, 0, 0, 0, 0, 0] -- startLiveCheck --> [0, 3, 39, 1, 0, 1, 0, 0])
Transition([0, 3, 39, 1, 0, 1, 0, 0] -- 1.getPos.5.4 --> [0, 3, 39, 2, 0, 2, 0, 0])
Transition([0, 3, 39, 2, 0, 2, 0, 0] -- checkLiveDone --> [0, 4, 39, 0, 0, 0, 0, 0])
Transition([0, 4, 44, 0, 0, 0, 0, 0] -- down --> [0, 125, 44, 0, 0, 0, 0, 0])
Transition([0, 125, 44, 0, 0, 0, 0, 0] -- 0.getPos.3.6 --> [0, 224, 44, 0, 0, 0, 0, 0])
Transition([0, 224, 44, 0, 0, 0, 0, 0] -- 0.setPos.4.6 --> [0, 0, 29, 0, 0, 0, 0, 0])
Transition([0, 4, 9, 0, 0, 0, 0, 0] -- left --> [0, 365, 9, 0, 0, 0, 0, 0])
Transition([0, 365, 9, 0, 0, 0, 0, 0] -- 0.getPos.2.7 --> [0, 366, 9, 0, 0, 0, 0, 0])
Transition([0, 366, 9, 0, 0, 0, 0, 0] -- 0.setPos.2.6 --> [0, 0, 11, 0, 0, 0, 0, 0])
Transition([0, 4, 44, 0, 0, 0, 0, 0] -- left --> [0, 365, 44, 0, 0, 0, 0, 0])
Transition([0, 365, 44, 0, 0, 0, 0, 0] -- 0.getPos.3.6 --> [0, 468, 44, 0, 0, 0, 0, 0])
Transition([0, 468, 44, 0, 0, 0, 0, 0] -- 0.setPos.3.5 --> [0, 0, 46, 0, 0, 0, 0, 0])
Transition([0, 4, 9, 0, 0, 0, 0, 0] -- right --> [0, 245, 9, 0, 0, 0, 0, 0])
Transition([0, 245, 9, 0, 0, 0, 0, 0] -- 0.getPos.2.7 --> [0, 246, 9, 0, 0, 0, 0, 0])
Transition([0, 4, 44, 0, 0, 0, 0, 0] -- right --> [0, 245, 44, 0, 0, 0, 0, 0])
Transition([0, 245, 44, 0, 0, 0, 0, 0] -- 0.getPos.3.6 --> [0, 348, 44, 0, 0, 0, 0, 0])
Transition([0, 348, 44, 0, 0, 0, 0, 0] -- 0.setPos.3.7 --> [0, 0, 39, 0, 0, 0, 0, 0])
Transition([0, 4, 9, 0, 0, 0, 0, 0] -- up --> [0, 5, 9, 0, 0, 0, 0, 0])
Transition([0, 5, 9, 0, 0, 0, 0, 0] -- 0.getPos.2.7 --> [0, 6, 9, 0, 0, 0, 0, 0])
Transition([0, 6, 9, 0, 0, 0, 0, 0] -- 0.setPos.1.7 --> [0, 0, 23, 0, 0, 0, 0, 0])
Transition([0, 4, 44, 0, 0, 0, 0, 0] -- up --> [0, 5, 44, 0, 0, 0, 0, 0])
Transition([0, 5, 44, 0, 0, 0, 0, 0] -- 0.getPos.3.6 --> [0, 104, 44, 0, 0, 0, 0, 0])
Transition([0, 104, 44, 0, 0, 0, 0, 0] -- 0.setPos.2.6 --> [0, 0, 11, 0, 0, 0, 0, 0])
Transition([4, 4, 21, 0, 0, 0, 0, 0] -- down --> [4, 125, 21, 0, 0, 0, 0, 0])
Transition([4, 125, 21, 0, 0, 0, 0, 0] -- 0.getPos.5.4 --> [4, 185, 21, 0, 0, 0, 0, 0])
Transition([4, 185, 21, 0, 0, 0, 0, 0] -- 0.setPos.6.4 --> [4, 0, 4, 0, 0, 0, 0, 0])
Transition([4, 0, 4, 0, 0, 0, 0, 0] -- startSafeCheck --> [4, 1, 4, 0, 1, 0, 0, 0])
Transition([4, 1, 4, 0, 1, 0, 0, 0] -- 0.getPos.6.4 --> [4, 1, 4, 0, 11, 0, 0, 0])
Transition([4, 1, 4, 0, 11, 0, 0, 0] -- 1.getPos.6.4 --> [4, 1, 4, 0, 4, 0, 0, 0])
Transition([4, 185, 21, 0, 0, 0, 0, 0] -- 1.getPos.6.4 --> [4, 186, 21, 0, 0, 0, 0, 0])
Transition([4, 186, 21, 0, 0, 0, 0, 0] -- 1.setPos.7.4 --> [37, 187, 21, 0, 0, 0, 0, 0])
Transition([37, 187, 21, 0, 0, 0, 0, 0] -- 0.setPos.6.4 --> [37, 0, 4, 0, 0, 0, 0, 0])
Transition([37, 0, 4, 0, 0, 0, 0, 0] -- startSafeCheck --> [37, 1, 4, 0, 1, 0, 0, 0])
Transition([37, 1, 4, 0, 1, 0, 0, 0] -- 0.getPos.6.4 --> [37, 1, 4, 0, 11, 0, 0, 0])
Transition([37, 1, 4, 0, 11, 0, 0, 0] -- 1.getPos.7.4 --> [37, 1, 4, 0, 3, 0, 0, 0])
Transition([37, 1, 4, 0, 3, 0, 0, 0] -- checkSafeOk --> [37, 2, 4, 0, 0, 0, 0, 0])
Transition([37, 2, 4, 0, 0, 0, 0, 0] -- startLiveCheck --> [37, 3, 4, 1, 0, 1, 0, 0])
Transition([37, 3, 4, 1, 0, 1, 0, 0] -- 1.getPos.7.4 --> [37, 3, 4, 2, 0, 2, 0, 0])
Transition([37, 3, 4, 2, 0, 2, 0, 0] -- checkLiveDone --> [37, 4, 4, 0, 0, 0, 0, 0])
Transition([4, 4, 21, 0, 0, 0, 0, 0] -- left --> [4, 365, 21, 0, 0, 0, 0, 0])
Transition([4, 365, 21, 0, 0, 0, 0, 0] -- 0.getPos.5.4 --> [4, 437, 21, 0, 0, 0, 0, 0])
Transition([4, 437, 21, 0, 0, 0, 0, 0] -- 0.setPos.5.3 --> [4, 0, 22, 0, 0, 0, 0, 0])
Transition([4, 0, 22, 0, 0, 0, 0, 0] -- startSafeCheck --> [4, 1, 22, 0, 1, 0, 0, 0])
Transition([4, 1, 22, 0, 1, 0, 0, 0] -- 0.getPos.5.3 --> [4, 1, 22, 0, 20, 0, 0, 0])
Transition([4, 1, 22, 0, 20, 0, 0, 0] -- 1.getPos.6.4 --> [4, 1, 22, 0, 3, 0, 0, 0])
Transition([4, 1, 22, 0, 3, 0, 0, 0] -- checkSafeOk --> [4, 2, 22, 0, 0, 0, 0, 0])
Transition([4, 2, 22, 0, 0, 0, 0, 0] -- startLiveCheck --> [4, 3, 22, 1, 0, 1, 0, 0])
Transition([4, 3, 22, 1, 0, 1, 0, 0] -- 1.getPos.6.4 --> [4, 3, 22, 2, 0, 2, 0, 0])
Transition([4, 3, 22, 2, 0, 2, 0, 0] -- checkLiveDone --> [4, 4, 22, 0, 0, 0, 0, 0])
Transition([17, 4, 21, 0, 0, 0, 0, 0] -- down --> [17, 125, 21, 0, 0, 0, 0, 0])
Transition([17, 125, 21, 0, 0, 0, 0, 0] -- 0.getPos.5.4 --> [17, 185, 21, 0, 0, 0, 0, 0])
Transition([17, 185, 21, 0, 0, 0, 0, 0] -- 0.setPos.6.4 --> [17, 0, 4, 0, 0, 0, 0, 0])
Transition([17, 0, 4, 0, 0, 0, 0, 0] -- startSafeCheck --> [17, 1, 4, 0, 1, 0, 0, 0])
Transition([17, 1, 4, 0, 1, 0, 0, 0] -- 0.getPos.6.4 --> [17, 1, 4, 0, 11, 0, 0, 0])
Transition([17, 1, 4, 0, 11, 0, 0, 0] -- 1.getPos.5.5 --> [17, 1, 4, 0, 3, 0, 0, 0])
Transition([17, 1, 4, 0, 3, 0, 0, 0] -- checkSafeOk --> [17, 2, 4, 0, 0, 0, 0, 0])
Transition([17, 2, 4, 0, 0, 0, 0, 0] -- startLiveCheck --> [17, 3, 4, 1, 0, 1, 0, 0])
Transition([17, 3, 4, 1, 0, 1, 0, 0] -- 1.getPos.5.5 --> [17, 3, 4, 2, 0, 2, 0, 0])
Transition([17, 3, 4, 2, 0, 2, 0, 0] -- checkLiveDone --> [17, 4, 4, 0, 0, 0, 0, 0])
Transition([4, 4, 21, 0, 0, 0, 0, 0] -- right --> [4, 245, 21, 0, 0, 0, 0, 0])
Transition([4, 245, 21, 0, 0, 0, 0, 0] -- 0.getPos.5.4 --> [4, 315, 21, 0, 0, 0, 0, 0])
Transition([4, 315, 21, 0, 0, 0, 0, 0] -- 0.setPos.5.5 --> [4, 0, 17, 0, 0, 0, 0, 0])
Transition([4, 0, 17, 0, 0, 0, 0, 0] -- startSafeCheck --> [4, 1, 17, 0, 1, 0, 0, 0])
Transition([4, 1, 17, 0, 1, 0, 0, 0] -- 0.getPos.5.5 --> [4, 1, 17, 0, 23, 0, 0, 0])
Transition([4, 1, 17, 0, 23, 0, 0, 0] -- 1.getPos.6.4 --> [4, 1, 17, 0, 3, 0, 0, 0])
Transition([4, 1, 17, 0, 3, 0, 0, 0] -- checkSafeOk --> [4, 2, 17, 0, 0, 0, 0, 0])
Transition([4, 2, 17, 0, 0, 0, 0, 0] -- startLiveCheck --> [4, 3, 17, 1, 0, 1, 0, 0])
Transition([4, 3, 17, 1, 0, 1, 0, 0] -- 1.getPos.6.4 --> [4, 3, 17, 2, 0, 2, 0, 0])
Transition([4, 3, 17, 2, 0, 2, 0, 0] -- checkLiveDone --> [4, 4, 17, 0, 0, 0, 0, 0])
Transition([17, 4, 21, 0, 0, 0, 0, 0] -- left --> [17, 365, 21, 0, 0, 0, 0, 0])
Transition([17, 365, 21, 0, 0, 0, 0, 0] -- 0.getPos.5.4 --> [17, 437, 21, 0, 0, 0, 0, 0])
Transition([17, 437, 21, 0, 0, 0, 0, 0] -- 0.setPos.5.3 --> [17, 0, 22, 0, 0, 0, 0, 0])
Transition([17, 0, 22, 0, 0, 0, 0, 0] -- startSafeCheck --> [17, 1, 22, 0, 1, 0, 0, 0])
Transition([17, 1, 22, 0, 1, 0, 0, 0] -- 0.getPos.5.3 --> [17, 1, 22, 0, 20, 0, 0, 0])
Transition([17, 1, 22, 0, 20, 0, 0, 0] -- 1.getPos.5.5 --> [17, 1, 22, 0, 3, 0, 0, 0])
Transition([17, 1, 22, 0, 3, 0, 0, 0] -- checkSafeOk --> [17, 2, 22, 0, 0, 0, 0, 0])
Transition([17, 2, 22, 0, 0, 0, 0, 0] -- startLiveCheck --> [17, 3, 22, 1, 0, 1, 0, 0])
Transition([17, 3, 22, 1, 0, 1, 0, 0] -- 1.getPos.5.5 --> [17, 3, 22, 2, 0, 2, 0, 0])
Transition([17, 3, 22, 2, 0, 2, 0, 0] -- checkLiveDone --> [17, 4, 22, 0, 0, 0, 0, 0])
Transition([4, 4, 21, 0, 0, 0, 0, 0] -- up --> [4, 5, 21, 0, 0, 0, 0, 0])
Transition([4, 5, 21, 0, 0, 0, 0, 0] -- 0.getPos.5.4 --> [4, 65, 21, 0, 0, 0, 0, 0])
Transition([4, 65, 21, 0, 0, 0, 0, 0] -- 0.setPos.4.4 --> [4, 0, 32, 0, 0, 0, 0, 0])
Transition([4, 0, 32, 0, 0, 0, 0, 0] -- startSafeCheck --> [4, 1, 32, 0, 1, 0, 0, 0])
Transition([4, 1, 32, 0, 1, 0, 0, 0] -- 0.getPos.4.4 --> [4, 1, 32, 0, 33, 0, 0, 0])
Transition([4, 1, 32, 0, 33, 0, 0, 0] -- 1.getPos.6.4 --> [4, 1, 32, 0, 3, 0, 0, 0])
Transition([4, 1, 32, 0, 3, 0, 0, 0] -- checkSafeOk --> [4, 2, 32, 0, 0, 0, 0, 0])
Transition([4, 2, 32, 0, 0, 0, 0, 0] -- startLiveCheck --> [4, 3, 32, 1, 0, 1, 0, 0])
Transition([4, 3, 32, 1, 0, 1, 0, 0] -- 1.getPos.6.4 --> [4, 3, 32, 2, 0, 2, 0, 0])
Transition([4, 3, 32, 2, 0, 2, 0, 0] -- checkLiveDone --> [4, 4, 32, 0, 0, 0, 0, 0])
Transition([17, 4, 21, 0, 0, 0, 0, 0] -- right --> [17, 245, 21, 0, 0, 0, 0, 0])
Transition([17, 245, 21, 0, 0, 0, 0, 0] -- 0.getPos.5.4 --> [17, 315, 21, 0, 0, 0, 0, 0])
Transition([17, 315, 21, 0, 0, 0, 0, 0] -- 0.setPos.5.5 --> [17, 0, 17, 0, 0, 0, 0, 0])
Transition([17, 0, 17, 0, 0, 0, 0, 0] -- startSafeCheck --> [17, 1, 17, 0, 1, 0, 0, 0])
Transition([17, 1, 17, 0, 1, 0, 0, 0] -- 0.getPos.5.5 --> [17, 1, 17, 0, 23, 0, 0, 0])
Transition([17, 1, 17, 0, 23, 0, 0, 0] -- 1.getPos.5.5 --> [17, 1, 17, 0, 4, 0, 0, 0])
Transition([17, 315, 21, 0, 0, 0, 0, 0] -- 1.getPos.5.5 --> [17, 316, 21, 0, 0, 0, 0, 0])
Transition([17, 316, 21, 0, 0, 0, 0, 0] -- 1.setPos.5.6 --> [16, 317, 21, 0, 0, 0, 0, 0])
Transition([16, 317, 21, 0, 0, 0, 0, 0] -- 0.setPos.5.5 --> [16, 0, 17, 0, 0, 0, 0, 0])
Transition([16, 0, 17, 0, 0, 0, 0, 0] -- startSafeCheck --> [16, 1, 17, 0, 1, 0, 0, 0])
Transition([16, 1, 17, 0, 1, 0, 0, 0] -- 0.getPos.5.5 --> [16, 1, 17, 0, 23, 0, 0, 0])
Transition([16, 1, 17, 0, 23, 0, 0, 0] -- 1.getPos.5.6 --> [16, 1, 17, 0, 3, 0, 0, 0])
Transition([16, 1, 17, 0, 3, 0, 0, 0] -- checkSafeOk --> [16, 2, 17, 0, 0, 0, 0, 0])
Transition([16, 2, 17, 0, 0, 0, 0, 0] -- startLiveCheck --> [16, 3, 17, 1, 0, 1, 0, 0])
Transition([16, 3, 17, 1, 0, 1, 0, 0] -- 1.getPos.5.6 --> [16, 3, 17, 2, 0, 2, 0, 0])
Transition([16, 3, 17, 2, 0, 2, 0, 0] -- checkLiveDone --> [16, 4, 17, 0, 0, 0, 0, 0])
Transition([17, 4, 21, 0, 0, 0, 0, 0] -- up --> [17, 5, 21, 0, 0, 0, 0, 0])
Transition([17, 5, 21, 0, 0, 0, 0, 0] -- 0.getPos.5.4 --> [17, 65, 21, 0, 0, 0, 0, 0])
Transition([17, 65, 21, 0, 0, 0, 0, 0] -- 0.setPos.4.4 --> [17, 0, 32, 0, 0, 0, 0, 0])
Transition([17, 0, 32, 0, 0, 0, 0, 0] -- startSafeCheck --> [17, 1, 32, 0, 1, 0, 0, 0])
Transition([17, 1, 32, 0, 1, 0, 0, 0] -- 0.getPos.4.4 --> [17, 1, 32, 0, 33, 0, 0, 0])
Transition([17, 1, 32, 0, 33, 0, 0, 0] -- 1.getPos.5.5 --> [17, 1, 32, 0, 3, 0, 0, 0])
Transition([17, 1, 32, 0, 3, 0, 0, 0] -- checkSafeOk --> [17, 2, 32, 0, 0, 0, 0, 0])
Transition([17, 2, 32, 0, 0, 0, 0, 0] -- startLiveCheck --> [17, 3, 32, 1, 0, 1, 0, 0])
Transition([17, 3, 32, 1, 0, 1, 0, 0] -- 1.getPos.5.5 --> [17, 3, 32, 2, 0, 2, 0, 0])
Transition([17, 3, 32, 2, 0, 2, 0, 0] -- checkLiveDone --> [17, 4, 32, 0, 0, 0, 0, 0])
Transition([0, 4, 17, 0, 0, 0, 0, 0] -- down --> [0, 125, 17, 0, 0, 0, 0, 0])
Transition([0, 125, 17, 0, 0, 0, 0, 0] -- 0.getPos.5.5 --> [0, 194, 17, 0, 0, 0, 0, 0])
Transition([0, 194, 17, 0, 0, 0, 0, 0] -- 0.setPos.6.5 --> [0, 0, 3, 0, 0, 0, 0, 0])
Transition([0, 0, 3, 0, 0, 0, 0, 0] -- startSafeCheck --> [0, 1, 3, 0, 1, 0, 0, 0])
Transition([0, 1, 3, 0, 1, 0, 0, 0] -- 0.getPos.6.5 --> [0, 1, 3, 0, 10, 0, 0, 0])
Transition([0, 1, 3, 0, 10, 0, 0, 0] -- 1.getPos.5.4 --> [0, 1, 3, 0, 3, 0, 0, 0])
Transition([0, 1, 3, 0, 3, 0, 0, 0] -- checkSafeOk --> [0, 2, 3, 0, 0, 0, 0, 0])
Transition([0, 2, 3, 0, 0, 0, 0, 0] -- startLiveCheck --> [0, 3, 3, 1, 0, 1, 0, 0])
Transition([0, 3, 3, 1, 0, 1, 0, 0] -- 1.getPos.5.4 --> [0, 3, 3, 2, 0, 2, 0, 0])
Transition([0, 3, 3, 2, 0, 2, 0, 0] -- checkLiveDone --> [0, 4, 3, 0, 0, 0, 0, 0])
Transition([0, 4, 4, 0, 0, 0, 0, 0] -- down --> [0, 125, 4, 0, 0, 0, 0, 0])
Transition([0, 125, 4, 0, 0, 0, 0, 0] -- 0.getPos.6.4 --> [0, 180, 4, 0, 0, 0, 0, 0])
Transition([0, 180, 4, 0, 0, 0, 0, 0] -- 0.setPos.7.4 --> [0, 0, 37, 0, 0, 0, 0, 0])
Transition([0, 0, 37, 0, 0, 0, 0, 0] -- startSafeCheck --> [0, 1, 37, 0, 1, 0, 0, 0])
Transition([0, 1, 37, 0, 1, 0, 0, 0] -- 0.getPos.7.4 --> [0, 1, 37, 0, 46, 0, 0, 0])
Transition([0, 1, 37, 0, 46, 0, 0, 0] -- 1.getPos.5.4 --> [0, 1, 37, 0, 3, 0, 0, 0])
Transition([0, 1, 37, 0, 3, 0, 0, 0] -- checkSafeOk --> [0, 2, 37, 0, 0, 0, 0, 0])
Transition([0, 2, 37, 0, 0, 0, 0, 0] -- startLiveCheck --> [0, 3, 37, 1, 0, 1, 0, 0])
Transition([0, 3, 37, 1, 0, 1, 0, 0] -- 1.getPos.5.4 --> [0, 3, 37, 2, 0, 2, 0, 0])
Transition([0, 3, 37, 2, 0, 2, 0, 0] -- checkLiveDone --> [0, 4, 37, 0, 0, 0, 0, 0])
Transition([0, 4, 29, 0, 0, 0, 0, 0] -- down --> [0, 125, 29, 0, 0, 0, 0, 0])
Transition([0, 125, 29, 0, 0, 0, 0, 0] -- 0.getPos.4.6 --> [0, 212, 29, 0, 0, 0, 0, 0])
Transition([0, 212, 29, 0, 0, 0, 0, 0] -- 0.setPos.5.6 --> [0, 0, 16, 0, 0, 0, 0, 0])
Transition([0, 0, 16, 0, 0, 0, 0, 0] -- startSafeCheck --> [0, 1, 16, 0, 1, 0, 0, 0])
Transition([0, 1, 16, 0, 1, 0, 0, 0] -- 0.getPos.5.6 --> [0, 1, 16, 0, 22, 0, 0, 0])
Transition([0, 1, 16, 0, 22, 0, 0, 0] -- 1.getPos.5.4 --> [0, 1, 16, 0, 3, 0, 0, 0])
Transition([0, 1, 16, 0, 3, 0, 0, 0] -- checkSafeOk --> [0, 2, 16, 0, 0, 0, 0, 0])
Transition([0, 2, 16, 0, 0, 0, 0, 0] -- startLiveCheck --> [0, 3, 16, 1, 0, 1, 0, 0])
Transition([0, 3, 16, 1, 0, 1, 0, 0] -- 1.getPos.5.4 --> [0, 3, 16, 2, 0, 2, 0, 0])
Transition([0, 3, 16, 2, 0, 2, 0, 0] -- checkLiveDone --> [0, 4, 16, 0, 0, 0, 0, 0])
Transition([0, 4, 29, 0, 0, 0, 0, 0] -- left --> [0, 365, 29, 0, 0, 0, 0, 0])
Transition([0, 365, 29, 0, 0, 0, 0, 0] -- 0.getPos.4.6 --> [0, 460, 29, 0, 0, 0, 0, 0])
Transition([0, 460, 29, 0, 0, 0, 0, 0] -- 0.setPos.4.5 --> [0, 0, 31, 0, 0, 0, 0, 0])
Transition([0, 4, 39, 0, 0, 0, 0, 0] -- down --> [0, 125, 39, 0, 0, 0, 0, 0])
Transition([0, 125, 39, 0, 0, 0, 0, 0] -- 0.getPos.3.7 --> [0, 230, 39, 0, 0, 0, 0, 0])
Transition([0, 230, 39, 0, 0, 0, 0, 0] -- 0.setPos.4.7 --> [0, 0, 28, 0, 0, 0, 0, 0])
Transition([0, 0, 28, 0, 0, 0, 0, 0] -- startSafeCheck --> [0, 1, 28, 0, 1, 0, 0, 0])
Transition([0, 1, 28, 0, 1, 0, 0, 0] -- 0.getPos.4.7 --> [0, 1, 28, 0, 34, 0, 0, 0])
Transition([0, 1, 28, 0, 34, 0, 0, 0] -- 1.getPos.5.4 --> [0, 1, 28, 0, 3, 0, 0, 0])
Transition([0, 1, 28, 0, 3, 0, 0, 0] -- checkSafeOk --> [0, 2, 28, 0, 0, 0, 0, 0])
Transition([0, 2, 28, 0, 0, 0, 0, 0] -- startLiveCheck --> [0, 3, 28, 1, 0, 1, 0, 0])
Transition([0, 3, 28, 1, 0, 1, 0, 0] -- 1.getPos.5.4 --> [0, 3, 28, 2, 0, 2, 0, 0])
Transition([0, 3, 28, 2, 0, 2, 0, 0] -- checkLiveDone --> [0, 4, 28, 0, 0, 0, 0, 0])
Transition([0, 4, 29, 0, 0, 0, 0, 0] -- right --> [0, 245, 29, 0, 0, 0, 0, 0])
Transition([0, 245, 29, 0, 0, 0, 0, 0] -- 0.getPos.4.6 --> [0, 338, 29, 0, 0, 0, 0, 0])
Transition([0, 338, 29, 0, 0, 0, 0, 0] -- 0.setPos.4.7 --> [0, 0, 28, 0, 0, 0, 0, 0])
Transition([0, 4, 39, 0, 0, 0, 0, 0] -- left --> [0, 365, 39, 0, 0, 0, 0, 0])
Transition([0, 365, 39, 0, 0, 0, 0, 0] -- 0.getPos.3.7 --> [0, 474, 39, 0, 0, 0, 0, 0])
Transition([0, 474, 39, 0, 0, 0, 0, 0] -- 0.setPos.3.6 --> [0, 0, 44, 0, 0, 0, 0, 0])
Transition([0, 4, 29, 0, 0, 0, 0, 0] -- up --> [0, 5, 29, 0, 0, 0, 0, 0])
Transition([0, 5, 29, 0, 0, 0, 0, 0] -- 0.getPos.4.6 --> [0, 92, 29, 0, 0, 0, 0, 0])
Transition([0, 92, 29, 0, 0, 0, 0, 0] -- 0.setPos.3.6 --> [0, 0, 44, 0, 0, 0, 0, 0])
Transition([0, 4, 39, 0, 0, 0, 0, 0] -- right --> [0, 245, 39, 0, 0, 0, 0, 0])
Transition([0, 245, 39, 0, 0, 0, 0, 0] -- 0.getPos.3.7 --> [0, 352, 39, 0, 0, 0, 0, 0])
Transition([0, 4, 38, 0, 0, 0, 0, 0] -- down --> [0, 125, 38, 0, 0, 0, 0, 0])
Transition([0, 125, 38, 0, 0, 0, 0, 0] -- 0.getPos.7.3 --> [0, 174, 38, 0, 0, 0, 0, 0])
Transition([0, 4, 39, 0, 0, 0, 0, 0] -- up --> [0, 5, 39, 0, 0, 0, 0, 0])
Transition([0, 5, 39, 0, 0, 0, 0, 0] -- 0.getPos.3.7 --> [0, 110, 39, 0, 0, 0, 0, 0])
Transition([0, 110, 39, 0, 0, 0, 0, 0] -- 0.setPos.2.7 --> [0, 0, 9, 0, 0, 0, 0, 0])
Transition([0, 4, 38, 0, 0, 0, 0, 0] -- left --> [0, 365, 38, 0, 0, 0, 0, 0])
Transition([0, 365, 38, 0, 0, 0, 0, 0] -- 0.getPos.7.3 --> [0, 414, 38, 0, 0, 0, 0, 0])
Transition([0, 414, 38, 0, 0, 0, 0, 0] -- 0.setPos.7.2 --> [0, 0, 43, 0, 0, 0, 0, 0])
Transition([0, 4, 38, 0, 0, 0, 0, 0] -- right --> [0, 245, 38, 0, 0, 0, 0, 0])
Transition([0, 245, 38, 0, 0, 0, 0, 0] -- 0.getPos.7.3 --> [0, 294, 38, 0, 0, 0, 0, 0])
Transition([0, 294, 38, 0, 0, 0, 0, 0] -- 0.setPos.7.4 --> [0, 0, 37, 0, 0, 0, 0, 0])
Transition([0, 4, 38, 0, 0, 0, 0, 0] -- up --> [0, 5, 38, 0, 0, 0, 0, 0])
Transition([0, 5, 38, 0, 0, 0, 0, 0] -- 0.getPos.7.3 --> [0, 38, 38, 0, 0, 0, 0, 0])
Transition([0, 38, 38, 0, 0, 0, 0, 0] -- 0.setPos.6.3 --> [0, 0, 8, 0, 0, 0, 0, 0])
Transition([0, 4, 17, 0, 0, 0, 0, 0] -- left --> [0, 365, 17, 0, 0, 0, 0, 0])
Transition([0, 365, 17, 0, 0, 0, 0, 0] -- 0.getPos.5.5 --> [0, 446, 17, 0, 0, 0, 0, 0])
Transition([0, 446, 17, 0, 0, 0, 0, 0] -- 0.setPos.5.4 --> [0, 0, 21, 0, 0, 0, 0, 0])
Transition([0, 446, 17, 0, 0, 0, 0, 0] -- 1.getPos.5.4 --> [0, 447, 17, 0, 0, 0, 0, 0])
Transition([0, 447, 17, 0, 0, 0, 0, 0] -- 1.setPos.5.3 --> [22, 448, 17, 0, 0, 0, 0, 0])
Transition([22, 448, 17, 0, 0, 0, 0, 0] -- 0.setPos.5.4 --> [22, 0, 21, 0, 0, 0, 0, 0])
Transition([22, 0, 21, 0, 0, 0, 0, 0] -- startSafeCheck --> [22, 1, 21, 0, 1, 0, 0, 0])
Transition([22, 1, 21, 0, 1, 0, 0, 0] -- 0.getPos.5.4 --> [22, 1, 21, 0, 19, 0, 0, 0])
Transition([22, 1, 21, 0, 19, 0, 0, 0] -- 1.getPos.5.3 --> [22, 1, 21, 0, 3, 0, 0, 0])
Transition([22, 1, 21, 0, 3, 0, 0, 0] -- checkSafeOk --> [22, 2, 21, 0, 0, 0, 0, 0])
Transition([22, 2, 21, 0, 0, 0, 0, 0] -- startLiveCheck --> [22, 3, 21, 1, 0, 1, 0, 0])
Transition([22, 3, 21, 1, 0, 1, 0, 0] -- 1.getPos.5.3 --> [22, 3, 21, 2, 0, 2, 0, 0])
Transition([22, 3, 21, 2, 0, 2, 0, 0] -- checkLiveDone --> [22, 4, 21, 0, 0, 0, 0, 0])
Transition([0, 4, 4, 0, 0, 0, 0, 0] -- left --> [0, 365, 4, 0, 0, 0, 0, 0])
Transition([0, 365, 4, 0, 0, 0, 0, 0] -- 0.getPos.6.4 --> [0, 430, 4, 0, 0, 0, 0, 0])
Transition([0, 430, 4, 0, 0, 0, 0, 0] -- 0.setPos.6.3 --> [0, 0, 8, 0, 0, 0, 0, 0])
Transition([0, 4, 4, 0, 0, 0, 0, 0] -- right --> [0, 245, 4, 0, 0, 0, 0, 0])
Transition([0, 245, 4, 0, 0, 0, 0, 0] -- 0.getPos.6.4 --> [0, 308, 4, 0, 0, 0, 0, 0])
Transition([0, 308, 4, 0, 0, 0, 0, 0] -- 0.setPos.6.5 --> [0, 0, 3, 0, 0, 0, 0, 0])
Transition([0, 4, 4, 0, 0, 0, 0, 0] -- up --> [0, 5, 4, 0, 0, 0, 0, 0])
Transition([0, 5, 4, 0, 0, 0, 0, 0] -- 0.getPos.6.4 --> [0, 56, 4, 0, 0, 0, 0, 0])
Transition([0, 56, 4, 0, 0, 0, 0, 0] -- 0.setPos.5.4 --> [0, 0, 21, 0, 0, 0, 0, 0])
Transition([0, 56, 4, 0, 0, 0, 0, 0] -- 1.getPos.5.4 --> [0, 57, 4, 0, 0, 0, 0, 0])
Transition([0, 57, 4, 0, 0, 0, 0, 0] -- 1.setPos.4.4 --> [32, 58, 4, 0, 0, 0, 0, 0])
Transition([32, 58, 4, 0, 0, 0, 0, 0] -- 0.setPos.5.4 --> [32, 0, 21, 0, 0, 0, 0, 0])
Transition([32, 0, 21, 0, 0, 0, 0, 0] -- startSafeCheck --> [32, 1, 21, 0, 1, 0, 0, 0])
Transition([32, 1, 21, 0, 1, 0, 0, 0] -- 0.getPos.5.4 --> [32, 1, 21, 0, 19, 0, 0, 0])
Transition([32, 1, 21, 0, 19, 0, 0, 0] -- 1.getPos.4.4 --> [32, 1, 21, 0, 3, 0, 0, 0])
Transition([32, 1, 21, 0, 3, 0, 0, 0] -- checkSafeOk --> [32, 2, 21, 0, 0, 0, 0, 0])
Transition([32, 2, 21, 0, 0, 0, 0, 0] -- startLiveCheck --> [32, 3, 21, 1, 0, 1, 0, 0])
Transition([32, 3, 21, 1, 0, 1, 0, 0] -- 1.getPos.4.4 --> [32, 3, 21, 3, 0, 3, 0, 0])
Transition([32, 3, 21, 3, 0, 3, 0, 0] -- win --> [32, 3, 21, 3, 0, 3, 0, 1])
Transition([32, 3, 21, 3, 0, 3, 0, 1] -- win --> [32, 3, 21, 3, 0, 3, 0, 1])
