Transition([0, 0, 0, 0, 0, 0, 0, 0] -- startSafeCheck --> [0, 1, 0, 0, 1, 0, 0, 0])
Transition([0, 1, 0, 0, 1, 0, 0, 0] -- 0.getPos.1.1 --> [0, 1, 0, 0, 31, 0, 0, 0])
Transition([0, 1, 0, 0, 31, 0, 0, 0] -- 1.getPos.3.2 --> [0, 1, 0, 0, 3, 0, 0, 0])
Transition([0, 1, 0, 0, 3, 0, 0, 0] -- checkSafeOk --> [0, 2, 0, 0, 0, 0, 0, 0])
Transition([0, 2, 0, 0, 0, 0, 0, 0] -- startLiveCheck --> [0, 3, 0, 1, 0, 1, 0, 0])
Transition([0, 3, 0, 1, 0, 1, 0, 0] -- 1.getPos.3.2 --> [0, 3, 0, 2, 0, 2, 0, 0])
Transition([0, 3, 0, 2, 0, 2, 0, 0] -- checkLiveDone --> [0, 4, 0, 0, 0, 0, 0, 0])
Transition([0, 4, 0, 0, 0, 0, 0, 0] -- down --> [0, 125, 0, 0, 0, 0, 0, 0])
Transition([0, 125, 0, 0, 0, 0, 0, 0] -- 0.getPos.1.1 --> [0, 165, 0, 0, 0, 0, 0, 0])
Transition([0, 165, 0, 0, 0, 0, 0, 0] -- 0.setPos.2.1 --> [0, 0, 7, 0, 0, 0, 0, 0])
Transition([0, 0, 7, 0, 0, 0, 0, 0] -- startSafeCheck --> [0, 1, 7, 0, 1, 0, 0, 0])
Transition([0, 1, 7, 0, 1, 0, 0, 0] -- 0.getPos.2.1 --> [0, 1, 7, 0, 17, 0, 0, 0])
Transition([0, 1, 7, 0, 17, 0, 0, 0] -- 1.getPos.3.2 --> [0, 1, 7, 0, 3, 0, 0, 0])
Transition([0, 1, 7, 0, 3, 0, 0, 0] -- checkSafeOk --> [0, 2, 7, 0, 0, 0, 0, 0])
Transition([0, 2, 7, 0, 0, 0, 0, 0] -- startLiveCheck --> [0, 3, 7, 1, 0, 1, 0, 0])
Transition([0, 3, 7, 1, 0, 1, 0, 0] -- 1.getPos.3.2 --> [0, 3, 7, 2, 0, 2, 0, 0])
Transition([0, 3, 7, 2, 0, 2, 0, 0] -- checkLiveDone --> [0, 4, 7, 0, 0, 0, 0, 0])
Transition([0, 4, 0, 0, 0, 0, 0, 0] -- left --> [0, 365, 0, 0, 0, 0, 0, 0])
Transition([0, 365, 0, 0, 0, 0, 0, 0] -- 0.getPos.1.1 --> [0, 399, 0, 0, 0, 0, 0, 0])
Transition([0, 4, 0, 0, 0, 0, 0, 0] -- right --> [0, 245, 0, 0, 0, 0, 0, 0])
Transition([0, 245, 0, 0, 0, 0, 0, 0] -- 0.getPos.1.1 --> [0, 277, 0, 0, 0, 0, 0, 0])
Transition([0, 277, 0, 0, 0, 0, 0, 0] -- 0.setPos.1.2 --> [0, 0, 20, 0, 0, 0, 0, 0])
Transition([0, 0, 20, 0, 0, 0, 0, 0] -- startSafeCheck --> [0, 1, 20, 0, 1, 0, 0, 0])
Transition([0, 1, 20, 0, 1, 0, 0, 0] -- 0.getPos.1.2 --> [0, 1, 20, 0, 30, 0, 0, 0])
Transition([0, 1, 20, 0, 30, 0, 0, 0] -- 1.getPos.3.2 --> [0, 1, 20, 0, 3, 0, 0, 0])
Transition([0, 1, 20, 0, 3, 0, 0, 0] -- checkSafeOk --> [0, 2, 20, 0, 0, 0, 0, 0])
Transition([0, 2, 20, 0, 0, 0, 0, 0] -- startLiveCheck --> [0, 3, 20, 1, 0, 1, 0, 0])
Transition([0, 3, 20, 1, 0, 1, 0, 0] -- 1.getPos.3.2 --> [0, 3, 20, 2, 0, 2, 0, 0])
Transition([0, 3, 20, 2, 0, 2, 0, 0] -- checkLiveDone --> [0, 4, 20, 0, 0, 0, 0, 0])
Transition([0, 4, 0, 0, 0, 0, 0, 0] -- up --> [0, 5, 0, 0, 0, 0, 0, 0])
Transition([0, 5, 0, 0, 0, 0, 0, 0] -- 0.getPos.1.1 --> [0, 19, 0, 0, 0, 0, 0, 0])
Transition([0, 4, 20, 0, 0, 0, 0, 0] -- down --> [0, 125, 20, 0, 0, 0, 0, 0])
Transition([0, 125, 20, 0, 0, 0, 0, 0] -- 0.getPos.1.2 --> [0, 162, 20, 0, 0, 0, 0, 0])
Transition([0, 162, 20, 0, 0, 0, 0, 0] -- 0.setPos.2.2 --> [0, 0, 6, 0, 0, 0, 0, 0])
Transition([0, 0, 6, 0, 0, 0, 0, 0] -- startSafeCheck --> [0, 1, 6, 0, 1, 0, 0, 0])
Transition([0, 1, 6, 0, 1, 0, 0, 0] -- 0.getPos.2.2 --> [0, 1, 6, 0, 13, 0, 0, 0])
Transition([0, 1, 6, 0, 13, 0, 0, 0] -- 1.getPos.3.2 --> [0, 1, 6, 0, 3, 0, 0, 0])
Transition([0, 1, 6, 0, 3, 0, 0, 0] -- checkSafeOk --> [0, 2, 6, 0, 0, 0, 0, 0])
Transition([0, 2, 6, 0, 0, 0, 0, 0] -- startLiveCheck --> [0, 3, 6, 1, 0, 1, 0, 0])
Transition([0, 3, 6, 1, 0, 1, 0, 0] -- 1.getPos.3.2 --> [0, 3, 6, 2, 0, 2, 0, 0])
Transition([0, 3, 6, 2, 0, 2, 0, 0] -- checkLiveDone --> [0, 4, 6, 0, 0, 0, 0, 0])
Transition([0, 4, 20, 0, 0, 0, 0, 0] -- left --> [0, 365, 20, 0, 0, 0, 0, 0])
Transition([0, 365, 20, 0, 0, 0, 0, 0] -- 0.getPos.1.2 --> [0, 398, 20, 0, 0, 0, 0, 0])
Transition([0, 398, 20, 0, 0, 0, 0, 0] -- 0.setPos.1.1 --> [0, 0, 0, 0, 0, 0, 0, 0])
Transition([0, 4, 20, 0, 0, 0, 0, 0] -- right --> [0, 245, 20, 0, 0, 0, 0, 0])
Transition([0, 245, 20, 0, 0, 0, 0, 0] -- 0.getPos.1.2 --> [0, 274, 20, 0, 0, 0, 0, 0])
Transition([0, 274, 20, 0, 0, 0, 0, 0] -- 0.setPos.1.3 --> [0, 0, 19, 0, 0, 0, 0, 0])
Transition([0, 0, 19, 0, 0, 0, 0, 0] -- startSafeCheck --> [0, 1, 19, 0, 1, 0, 0, 0])
Transition([0, 1, 19, 0, 1, 0, 0, 0] -- 0.getPos.1.3 --> [0, 1, 19, 0, 25, 0, 0, 0])
Transition([0, 1, 19, 0, 25, 0, 0, 0] -- 1.getPos.3.2 --> [0, 1, 19, 0, 3, 0, 0, 0])
Transition([0, 1, 19, 0, 3, 0, 0, 0] -- checkSafeOk --> [0, 2, 19, 0, 0, 0, 0, 0])
Transition([0, 2, 19, 0, 0, 0, 0, 0] -- startLiveCheck --> [0, 3, 19, 1, 0, 1, 0, 0])
Transition([0, 3, 19, 1, 0, 1, 0, 0] -- 1.getPos.3.2 --> [0, 3, 19, 2, 0, 2, 0, 0])
Transition([0, 3, 19, 2, 0, 2, 0, 0] -- checkLiveDone --> [0, 4, 19, 0, 0, 0, 0, 0])
Transition([0, 4, 20, 0, 0, 0, 0, 0] -- up --> [0, 5, 20, 0, 0, 0, 0, 0])
Transition([0, 5, 20, 0, 0, 0, 0, 0] -- 0.getPos.1.2 --> [0, 18, 20, 0, 0, 0, 0, 0])
Transition([0, 4, 7, 0, 0, 0, 0, 0] -- down --> [0, 125, 7, 0, 0, 0, 0, 0])
Transition([0, 125, 7, 0, 0, 0, 0, 0] -- 0.getPos.2.1 --> [0, 144, 7, 0, 0, 0, 0, 0])
Transition([0, 144, 7, 0, 0, 0, 0, 0] -- 0.setPos.3.1 --> [0, 0, 42, 0, 0, 0, 0, 0])
Transition([0, 0, 42, 0, 0, 0, 0, 0] -- startSafeCheck --> [0, 1, 42, 0, 1, 0, 0, 0])
Transition([0, 1, 42, 0, 1, 0, 0, 0] -- 0.getPos.3.1 --> [0, 1, 42, 0, 50, 0, 0, 0])
Transition([0, 1, 42, 0, 50, 0, 0, 0] -- 1.getPos.3.2 --> [0, 1, 42, 0, 3, 0, 0, 0])
Transition([0, 1, 42, 0, 3, 0, 0, 0] -- checkSafeOk --> [0, 2, 42, 0, 0, 0, 0, 0])
Transition([0, 2, 42, 0, 0, 0, 0, 0] -- startLiveCheck --> [0, 3, 42, 1, 0, 1, 0, 0])
Transition([0, 3, 42, 1, 0, 1, 0, 0] -- 1.getPos.3.2 --> [0, 3, 42, 2, 0, 2, 0, 0])
Transition([0, 3, 42, 2, 0, 2, 0, 0] -- checkLiveDone --> [0, 4, 42, 0, 0, 0, 0, 0])
Transition([0, 4, 7, 0, 0, 0, 0, 0] -- left --> [0, 365, 7, 0, 0, 0, 0, 0])
Transition([0, 365, 7, 0, 0, 0, 0, 0] -- 0.getPos.2.1 --> [0, 382, 7, 0, 0, 0, 0, 0])
Transition([0, 4, 7, 0, 0, 0, 0, 0] -- right --> [0, 245, 7, 0, 0, 0, 0, 0])
Transition([0, 245, 7, 0, 0, 0, 0, 0] -- 0.getPos.2.1 --> [0, 260, 7, 0, 0, 0, 0, 0])
Transition([0, 260, 7, 0, 0, 0, 0, 0] -- 0.setPos.2.2 --> [0, 0, 6, 0, 0, 0, 0, 0])
Transition([0, 4, 7, 0, 0, 0, 0, 0] -- up --> [0, 5, 7, 0, 0, 0, 0, 0])
Transition([0, 5, 7, 0, 0, 0, 0, 0] -- 0.getPos.2.1 --> [0, 12, 7, 0, 0, 0, 0, 0])
Transition([0, 12, 7, 0, 0, 0, 0, 0] -- 0.setPos.1.1 --> [0, 0, 0, 0, 0, 0, 0, 0])
Transition([0, 4, 42, 0, 0, 0, 0, 0] -- down --> [0, 125, 42, 0, 0, 0, 0, 0])
Transition([0, 125, 42, 0, 0, 0, 0, 0] -- 0.getPos.3.1 --> [0, 236, 42, 0, 0, 0, 0, 0])
Transition([0, 236, 42, 0, 0, 0, 0, 0] -- 0.setPos.4.1 --> [0, 0, 30, 0, 0, 0, 0, 0])
Transition([0, 0, 30, 0, 0, 0, 0, 0] -- startSafeCheck --> [0, 1, 30, 0, 1, 0, 0, 0])
Transition([0, 1, 30, 0, 1, 0, 0, 0] -- 0.getPos.4.1 --> [0, 1, 30, 0, 36, 0, 0, 0])
Transition([0, 1, 30, 0, 36, 0, 0, 0] -- 1.getPos.3.2 --> [0, 1, 30, 0, 3, 0, 0, 0])
Transition([0, 1, 30, 0, 3, 0, 0, 0] -- checkSafeOk --> [0, 2, 30, 0, 0, 0, 0, 0])
Transition([0, 2, 30, 0, 0, 0, 0, 0] -- startLiveCheck --> [0, 3, 30, 1, 0, 1, 0, 0])
Transition([0, 3, 30, 1, 0, 1, 0, 0] -- 1.getPos.3.2 --> [0, 3, 30, 2, 0, 2, 0, 0])
Transition([0, 3, 30, 2, 0, 2, 0, 0] -- checkLiveDone --> [0, 4, 30, 0, 0, 0, 0, 0])
Transition([0, 4, 42, 0, 0, 0, 0, 0] -- left --> [0, 365, 42, 0, 0, 0, 0, 0])
Transition([0, 365, 42, 0, 0, 0, 0, 0] -- 0.getPos.3.1 --> [0, 478, 42, 0, 0, 0, 0, 0])
Transition([0, 4, 42, 0, 0, 0, 0, 0] -- right --> [0, 245, 42, 0, 0, 0, 0, 0])
Transition([0, 245, 42, 0, 0, 0, 0, 0] -- 0.getPos.3.1 --> [0, 356, 42, 0, 0, 0, 0, 0])
Transition([0, 356, 42, 0, 0, 0, 0, 0] -- 0.setPos.3.2 --> [0, 0, 41, 0, 0, 0, 0, 0])
Transition([0, 0, 41, 0, 0, 0, 0, 0] -- startSafeCheck --> [0, 1, 41, 0, 1, 0, 0, 0])
Transition([0, 1, 41, 0, 1, 0, 0, 0] -- 0.getPos.3.2 --> [0, 1, 41, 0, 49, 0, 0, 0])
Transition([0, 1, 41, 0, 49, 0, 0, 0] -- 1.getPos.3.2 --> [0, 1, 41, 0, 4, 0, 0, 0])
Transition([0, 356, 42, 0, 0, 0, 0, 0] -- 1.getPos.3.2 --> [0, 357, 42, 0, 0, 0, 0, 0])
Transition([0, 357, 42, 0, 0, 0, 0, 0] -- 1.setPos.3.3 --> [48, 358, 42, 0, 0, 0, 0, 0])
Transition([48, 358, 42, 0, 0, 0, 0, 0] -- 0.setPos.3.2 --> [48, 0, 41, 0, 0, 0, 0, 0])
Transition([48, 0, 41, 0, 0, 0, 0, 0] -- startSafeCheck --> [48, 1, 41, 0, 1, 0, 0, 0])
Transition([48, 1, 41, 0, 1, 0, 0, 0] -- 0.getPos.3.2 --> [48, 1, 41, 0, 49, 0, 0, 0])
Transition([48, 1, 41, 0, 49, 0, 0, 0] -- 1.getPos.3.3 --> [48, 1, 41, 0, 3, 0, 0, 0])
Transition([48, 1, 41, 0, 3, 0, 0, 0] -- checkSafeOk --> [48, 2, 41, 0, 0, 0, 0, 0])
Transition([48, 2, 41, 0, 0, 0, 0, 0] -- startLiveCheck --> [48, 3, 41, 1, 0, 1, 0, 0])
Transition([48, 3, 41, 1, 0, 1, 0, 0] -- 1.getPos.3.3 --> [48, 3, 41, 2, 0, 2, 0, 0])
Transition([48, 3, 41, 2, 0, 2, 0, 0] -- checkLiveDone --> [48, 4, 41, 0, 0, 0, 0, 0])
Transition([0, 4, 6, 0, 0, 0, 0, 0] -- down --> [0, 125, 6, 0, 0, 0, 0, 0])
Transition([0, 125, 6, 0, 0, 0, 0, 0] -- 0.getPos.2.2 --> [0, 135, 6, 0, 0, 0, 0, 0])
Transition([0, 135, 6, 0, 0, 0, 0, 0] -- 0.setPos.3.2 --> [0, 0, 41, 0, 0, 0, 0, 0])
Transition([0, 135, 6, 0, 0, 0, 0, 0] -- 1.getPos.3.2 --> [0, 136, 6, 0, 0, 0, 0, 0])
Transition([0, 136, 6, 0, 0, 0, 0, 0] -- 1.setPos.4.2 --> [35, 137, 6, 0, 0, 0, 0, 0])
Transition([35, 137, 6, 0, 0, 0, 0, 0] -- 0.setPos.3.2 --> [35, 0, 41, 0, 0, 0, 0, 0])
Transition([35, 0, 41, 0, 0, 0, 0, 0] -- startSafeCheck --> [35, 1, 41, 0, 1, 0, 0, 0])
Transition([35, 1, 41, 0, 1, 0, 0, 0] -- 0.getPos.3.2 --> [35, 1, 41, 0, 49, 0, 0, 0])
Transition([35, 1, 41, 0, 49, 0, 0, 0] -- 1.getPos.4.2 --> [35, 1, 41, 0, 3, 0, 0, 0])
Transition([35, 1, 41, 0, 3, 0, 0, 0] -- checkSafeOk --> [35, 2, 41, 0, 0, 0, 0, 0])
Transition([35, 2, 41, 0, 0, 0, 0, 0] -- startLiveCheck --> [35, 3, 41, 1, 0, 1, 0, 0])
Transition([35, 3, 41, 1, 0, 1, 0, 0] -- 1.getPos.4.2 --> [35, 3, 41, 2, 0, 2, 0, 0])
Transition([35, 3, 41, 2, 0, 2, 0, 0] -- checkLiveDone --> [35, 4, 41, 0, 0, 0, 0, 0])
Transition([0, 4, 19, 0, 0, 0, 0, 0] -- down --> [0, 125, 19, 0, 0, 0, 0, 0])
Transition([0, 125, 19, 0, 0, 0, 0, 0] -- 0.getPos.1.3 --> [0, 153, 19, 0, 0, 0, 0, 0])
Transition([0, 153, 19, 0, 0, 0, 0, 0] -- 0.setPos.2.3 --> [0, 0, 5, 0, 0, 0, 0, 0])
Transition([0, 0, 5, 0, 0, 0, 0, 0] -- startSafeCheck --> [0, 1, 5, 0, 1, 0, 0, 0])
Transition([0, 1, 5, 0, 1, 0, 0, 0] -- 0.getPos.2.3 --> [0, 1, 5, 0, 12, 0, 0, 0])
Transition([0, 1, 5, 0, 12, 0, 0, 0] -- 1.getPos.3.2 --> [0, 1, 5, 0, 3, 0, 0, 0])
Transition([0, 1, 5, 0, 3, 0, 0, 0] -- checkSafeOk --> [0, 2, 5, 0, 0, 0, 0, 0])
Transition([0, 2, 5, 0, 0, 0, 0, 0] -- startLiveCheck --> [0, 3, 5, 1, 0, 1, 0, 0])
Transition([0, 3, 5, 1, 0, 1, 0, 0] -- 1.getPos.3.2 --> [0, 3, 5, 2, 0, 2, 0, 0])
Transition([0, 3, 5, 2, 0, 2, 0, 0] -- checkLiveDone --> [0, 4, 5, 0, 0, 0, 0, 0])
Transition([0, 4, 19, 0, 0, 0, 0, 0] -- left --> [0, 365, 19, 0, 0, 0, 0, 0])
Transition([0, 365, 19, 0, 0, 0, 0, 0] -- 0.getPos.1.3 --> [0, 389, 19, 0, 0, 0, 0, 0])
Transition([0, 389, 19, 0, 0, 0, 0, 0] -- 0.setPos.1.2 --> [0, 0, 20, 0, 0, 0, 0, 0])
Transition([0, 4, 19, 0, 0, 0, 0, 0] -- right --> [0, 245, 19, 0, 0, 0, 0, 0])
Transition([0, 245, 19, 0, 0, 0, 0, 0] -- 0.getPos.1.3 --> [0, 267, 19, 0, 0, 0, 0, 0])
Transition([0, 267, 19, 0, 0, 0, 0, 0] -- 0.setPos.1.4 --> [0, 0, 18, 0, 0, 0, 0, 0])
Transition([0, 0, 18, 0, 0, 0, 0, 0] -- startSafeCheck --> [0, 1, 18, 0, 1, 0, 0, 0])
Transition([0, 1, 18, 0, 1, 0, 0, 0] -- 0.getPos.1.4 --> [0, 1, 18, 0, 24, 0, 0, 0])
Transition([0, 1, 18, 0, 24, 0, 0, 0] -- 1.getPos.3.2 --> [0, 1, 18, 0, 3, 0, 0, 0])
Transition([0, 1, 18, 0, 3, 0, 0, 0] -- checkSafeOk --> [0, 2, 18, 0, 0, 0, 0, 0])
Transition([0, 2, 18, 0, 0, 0, 0, 0] -- startLiveCheck --> [0, 3, 18, 1, 0, 1, 0, 0])
Transition([0, 3, 18, 1, 0, 1, 0, 0] -- 1.getPos.3.2 --> [0, 3, 18, 2, 0, 2, 0, 0])
Transition([0, 3, 18, 2, 0, 2, 0, 0] -- checkLiveDone --> [0, 4, 18, 0, 0, 0, 0, 0])
Transition([0, 4, 19, 0, 0, 0, 0, 0] -- up --> [0, 5, 19, 0, 0, 0, 0, 0])
Transition([0, 5, 19, 0, 0, 0, 0, 0] -- 0.getPos.1.3 --> [0, 15, 19, 0, 0, 0, 0, 0])
Transition([0, 4, 6, 0, 0, 0, 0, 0] -- left --> [0, 365, 6, 0, 0, 0, 0, 0])
Transition([0, 365, 6, 0, 0, 0, 0, 0] -- 0.getPos.2.2 --> [0, 375, 6, 0, 0, 0, 0, 0])
Transition([0, 375, 6, 0, 0, 0, 0, 0] -- 0.setPos.2.1 --> [0, 0, 7, 0, 0, 0, 0, 0])
Transition([0, 4, 6, 0, 0, 0, 0, 0] -- right --> [0, 245, 6, 0, 0, 0, 0, 0])
Transition([0, 245, 6, 0, 0, 0, 0, 0] -- 0.getPos.2.2 --> [0, 251, 6, 0, 0, 0, 0, 0])
Transition([0, 251, 6, 0, 0, 0, 0, 0] -- 0.setPos.2.3 --> [0, 0, 5, 0, 0, 0, 0, 0])
Transition([0, 4, 6, 0, 0, 0, 0, 0] -- up --> [0, 5, 6, 0, 0, 0, 0, 0])
Transition([0, 5, 6, 0, 0, 0, 0, 0] -- 0.getPos.2.2 --> [0, 9, 6, 0, 0, 0, 0, 0])
Transition([0, 9, 6, 0, 0, 0, 0, 0] -- 0.setPos.1.2 --> [0, 0, 20, 0, 0, 0, 0, 0])
Transition([0, 4, 42, 0, 0, 0, 0, 0] -- up --> [0, 5, 42, 0, 0, 0, 0, 0])
Transition([0, 5, 42, 0, 0, 0, 0, 0] -- 0.getPos.3.1 --> [0, 116, 42, 0, 0, 0, 0, 0])
Transition([0, 116, 42, 0, 0, 0, 0, 0] -- 0.setPos.2.1 --> [0, 0, 7, 0, 0, 0, 0, 0])
Transition([0, 4, 18, 0, 0, 0, 0, 0] -- down --> [0, 125, 18, 0, 0, 0, 0, 0])
Transition([0, 125, 18, 0, 0, 0, 0, 0] -- 0.getPos.1.4 --> [0, 150, 18, 0, 0, 0, 0, 0])
Transition([0, 150, 18, 0, 0, 0, 0, 0] -- 0.setPos.2.4 --> [0, 0, 14, 0, 0, 0, 0, 0])
Transition([0, 0, 14, 0, 0, 0, 0, 0] -- startSafeCheck --> [0, 1, 14, 0, 1, 0, 0, 0])
Transition([0, 1, 14, 0, 1, 0, 0, 0] -- 0.getPos.2.4 --> [0, 1, 14, 0, 16, 0, 0, 0])
Transition([0, 1, 14, 0, 16, 0, 0, 0] -- 1.getPos.3.2 --> [0, 1, 14, 0, 3, 0, 0, 0])
Transition([0, 1, 14, 0, 3, 0, 0, 0] -- checkSafeOk --> [0, 2, 14, 0, 0, 0, 0, 0])
Transition([0, 2, 14, 0, 0, 0, 0, 0] -- startLiveCheck --> [0, 3, 14, 1, 0, 1, 0, 0])
Transition([0, 3, 14, 1, 0, 1, 0, 0] -- 1.getPos.3.2 --> [0, 3, 14, 2, 0, 2, 0, 0])
Transition([0, 3, 14, 2, 0, 2, 0, 0] -- checkLiveDone --> [0, 4, 14, 0, 0, 0, 0, 0])
Transition([0, 4, 18, 0, 0, 0, 0, 0] -- left --> [0, 365, 18, 0, 0, 0, 0, 0])
Transition([0, 365, 18, 0, 0, 0, 0, 0] -- 0.getPos.1.4 --> [0, 386, 18, 0, 0, 0, 0, 0])
Transition([0, 386, 18, 0, 0, 0, 0, 0] -- 0.setPos.1.3 --> [0, 0, 19, 0, 0, 0, 0, 0])
Transition([0, 4, 30, 0, 0, 0, 0, 0] -- down --> [0, 125, 30, 0, 0, 0, 0, 0])
Transition([0, 125, 30, 0, 0, 0, 0, 0] -- 0.getPos.4.1 --> [0, 215, 30, 0, 0, 0, 0, 0])
Transition([0, 215, 30, 0, 0, 0, 0, 0] -- 0.setPos.5.1 --> [0, 0, 26, 0, 0, 0, 0, 0])
Transition([0, 0, 26, 0, 0, 0, 0, 0] -- startSafeCheck --> [0, 1, 26, 0, 1, 0, 0, 0])
Transition([0, 1, 26, 0, 1, 0, 0, 0] -- 0.getPos.5.1 --> [0, 1, 26, 0, 28, 0, 0, 0])
Transition([0, 1, 26, 0, 28, 0, 0, 0] -- 1.getPos.3.2 --> [0, 1, 26, 0, 3, 0, 0, 0])
Transition([0, 1, 26, 0, 3, 0, 0, 0] -- checkSafeOk --> [0, 2, 26, 0, 0, 0, 0, 0])
Transition([0, 2, 26, 0, 0, 0, 0, 0] -- startLiveCheck --> [0, 3, 26, 1, 0, 1, 0, 0])
Transition([0, 3, 26, 1, 0, 1, 0, 0] -- 1.getPos.3.2 --> [0, 3, 26, 2, 0, 2, 0, 0])
Transition([0, 3, 26, 2, 0, 2, 0, 0] -- checkLiveDone --> [0, 4, 26, 0, 0, 0, 0, 0])
Transition([0, 4, 30, 0, 0, 0, 0, 0] -- left --> [0, 365, 30, 0, 0, 0, 0, 0])
Transition([0, 365, 30, 0, 0, 0, 0, 0] -- 0.getPos.4.1 --> [0, 463, 30, 0, 0, 0, 0, 0])
Transition([0, 4, 30, 0, 0, 0, 0, 0] -- right --> [0, 245, 30, 0, 0, 0, 0, 0])
Transition([0, 245, 30, 0, 0, 0, 0, 0] -- 0.getPos.4.1 --> [0, 339, 30, 0, 0, 0, 0, 0])
Transition([0, 339, 30, 0, 0, 0, 0, 0] -- 0.setPos.4.2 --> [0, 0, 34, 0, 0, 0, 0, 0])
Transition([0, 0, 34, 0, 0, 0, 0, 0] -- startSafeCheck --> [0, 1, 34, 0, 1, 0, 0, 0])
Transition([0, 1, 34, 0, 1, 0, 0, 0] -- 0.getPos.4.2 --> [0, 1, 34, 0, 38, 0, 0, 0])
Transition([0, 1, 34, 0, 38, 0, 0, 0] -- 1.getPos.3.2 --> [0, 1, 34, 0, 3, 0, 0, 0])
Transition([0, 1, 34, 0, 3, 0, 0, 0] -- checkSafeOk --> [0, 2, 34, 0, 0, 0, 0, 0])
Transition([0, 2, 34, 0, 0, 0, 0, 0] -- startLiveCheck --> [0, 3, 34, 1, 0, 1, 0, 0])
Transition([0, 3, 34, 1, 0, 1, 0, 0] -- 1.getPos.3.2 --> [0, 3, 34, 2, 0, 2, 0, 0])
Transition([0, 3, 34, 2, 0, 2, 0, 0] -- checkLiveDone --> [0, 4, 34, 0, 0, 0, 0, 0])
Transition([0, 4, 30, 0, 0, 0, 0, 0] -- up --> [0, 5, 30, 0, 0, 0, 0, 0])
Transition([0, 5, 30, 0, 0, 0, 0, 0] -- 0.getPos.4.1 --> [0, 95, 30, 0, 0, 0, 0, 0])
Transition([0, 95, 30, 0, 0, 0, 0, 0] -- 0.setPos.3.1 --> [0, 0, 42, 0, 0, 0, 0, 0])
Transition([0, 4, 18, 0, 0, 0, 0, 0] -- right --> [0, 245, 18, 0, 0, 0, 0, 0])
Transition([0, 245, 18, 0, 0, 0, 0, 0] -- 0.getPos.1.4 --> [0, 264, 18, 0, 0, 0, 0, 0])
Transition([0, 264, 18, 0, 0, 0, 0, 0] -- 0.setPos.1.5 --> [0, 0, 27, 0, 0, 0, 0, 0])
Transition([0, 0, 27, 0, 0, 0, 0, 0] -- startSafeCheck --> [0, 1, 27, 0, 1, 0, 0, 0])
Transition([0, 1, 27, 0, 1, 0, 0, 0] -- 0.getPos.1.5 --> [0, 1, 27, 0, 29, 0, 0, 0])
Transition([0, 1, 27, 0, 29, 0, 0, 0] -- 1.getPos.3.2 --> [0, 1, 27, 0, 3, 0, 0, 0])
Transition([0, 1, 27, 0, 3, 0, 0, 0] -- checkSafeOk --> [0, 2, 27, 0, 0, 0, 0, 0])
Transition([0, 2, 27, 0, 0, 0, 0, 0] -- startLiveCheck --> [0, 3, 27, 1, 0, 1, 0, 0])
Transition([0, 3, 27, 1, 0, 1, 0, 0] -- 1.getPos.3.2 --> [0, 3, 27, 2, 0, 2, 0, 0])
Transition([0, 3, 27, 2, 0, 2, 0, 0] -- checkLiveDone --> [0, 4, 27, 0, 0, 0, 0, 0])
Transition([0, 4, 18, 0, 0, 0, 0, 0] -- up --> [0, 5, 18, 0, 0, 0, 0, 0])
Transition([0, 5, 18, 0, 0, 0, 0, 0] -- 0.getPos.1.4 --> [0, 14, 18, 0, 0, 0, 0, 0])
Transition([0, 4, 5, 0, 0, 0, 0, 0] -- down --> [0, 125, 5, 0, 0, 0, 0, 0])
Transition([0, 125, 5, 0, 0, 0, 0, 0] -- 0.getPos.2.3 --> [0, 132, 5, 0, 0, 0, 0, 0])
Transition([0, 132, 5, 0, 0, 0, 0, 0] -- 0.setPos.3.3 --> [0, 0, 48, 0, 0, 0, 0, 0])
Transition([0, 0, 48, 0, 0, 0, 0, 0] -- startSafeCheck --> [0, 1, 48, 0, 1, 0, 0, 0])
Transition([0, 1, 48, 0, 1, 0, 0, 0] -- 0.getPos.3.3 --> [0, 1, 48, 0, 52, 0, 0, 0])
Transition([0, 1, 48, 0, 52, 0, 0, 0] -- 1.getPos.3.2 --> [0, 1, 48, 0, 3, 0, 0, 0])
Transition([0, 1, 48, 0, 3, 0, 0, 0] -- checkSafeOk --> [0, 2, 48, 0, 0, 0, 0, 0])
Transition([0, 2, 48, 0, 0, 0, 0, 0] -- startLiveCheck --> [0, 3, 48, 1, 0, 1, 0, 0])
Transition([0, 3, 48, 1, 0, 1, 0, 0] -- 1.getPos.3.2 --> [0, 3, 48, 2, 0, 2, 0, 0])
Transition([0, 3, 48, 2, 0, 2, 0, 0] -- checkLiveDone --> [0, 4, 48, 0, 0, 0, 0, 0])
Transition([0, 4, 5, 0, 0, 0, 0, 0] -- left --> [0, 365, 5, 0, 0, 0, 0, 0])
Transition([0, 365, 5, 0, 0, 0, 0, 0] -- 0.getPos.2.3 --> [0, 372, 5, 0, 0, 0, 0, 0])
Transition([0, 372, 5, 0, 0, 0, 0, 0] -- 0.setPos.2.2 --> [0, 0, 6, 0, 0, 0, 0, 0])
Transition([0, 4, 5, 0, 0, 0, 0, 0] -- right --> [0, 245, 5, 0, 0, 0, 0, 0])
Transition([0, 245, 5, 0, 0, 0, 0, 0] -- 0.getPos.2.3 --> [0, 248, 5, 0, 0, 0, 0, 0])
Transition([0, 248, 5, 0, 0, 0, 0, 0] -- 0.setPos.2.4 --> [0, 0, 14, 0, 0, 0, 0, 0])
Transition([0, 4, 5, 0, 0, 0, 0, 0] -- up --> [0, 5, 5, 0, 0, 0, 0, 0])
Transition([0, 5, 5, 0, 0, 0, 0, 0] -- 0.getPos.2.3 --> [0, 8, 5, 0, 0, 0, 0, 0])
Transition([0, 8, 5, 0, 0, 0, 0, 0] -- 0.setPos.1.3 --> [0, 0, 19, 0, 0, 0, 0, 0])
Transition([35, 4, 41, 0, 0, 0, 0, 0] -- down --> [35, 125, 41, 0, 0, 0, 0, 0])
Transition([35, 125, 41, 0, 0, 0, 0, 0] -- 0.getPos.3.2 --> [35, 233, 41, 0, 0, 0, 0, 0])
Transition([35, 233, 41, 0, 0, 0, 0, 0] -- 0.setPos.4.2 --> [35, 0, 34, 0, 0, 0, 0, 0])
Transition([35, 0, 34, 0, 0, 0, 0, 0] -- startSafeCheck --> [35, 1, 34, 0, 1, 0, 0, 0])
Transition([35, 1, 34, 0, 1, 0, 0, 0] -- 0.getPos.4.2 --> [35, 1, 34, 0, 38, 0, 0, 0])
Transition([35, 1, 34, 0, 38, 0, 0, 0] -- 1.getPos.4.2 --> [35, 1, 34, 0, 4, 0, 0, 0])
Transition([35, 233, 41, 0, 0, 0, 0, 0] -- 1.getPos.4.2 --> [35, 234, 41, 0, 0, 0, 0, 0])
Transition([35, 234, 41, 0, 0, 0, 0, 0] -- 1.setPos.5.2 --> [25, 235, 41, 0, 0, 0, 0, 0])
Transition([25, 235, 41, 0, 0, 0, 0, 0] -- 0.setPos.4.2 --> [25, 0, 34, 0, 0, 0, 0, 0])
Transition([25, 0, 34, 0, 0, 0, 0, 0] -- startSafeCheck --> [25, 1, 34, 0, 1, 0, 0, 0])
Transition([25, 1, 34, 0, 1, 0, 0, 0] -- 0.getPos.4.2 --> [25, 1, 34, 0, 38, 0, 0, 0])
Transition([25, 1, 34, 0, 38, 0, 0, 0] -- 1.getPos.5.2 --> [25, 1, 34, 0, 3, 0, 0, 0])
Transition([25, 1, 34, 0, 3, 0, 0, 0] -- checkSafeOk --> [25, 2, 34, 0, 0, 0, 0, 0])
Transition([25, 2, 34, 0, 0, 0, 0, 0] -- startLiveCheck --> [25, 3, 34, 1, 0, 1, 0, 0])
Transition([25, 3, 34, 1, 0, 1, 0, 0] -- 1.getPos.5.2 --> [25, 3, 34, 2, 0, 2, 0, 0])
Transition([25, 3, 34, 2, 0, 2, 0, 0] -- checkLiveDone --> [25, 4, 34, 0, 0, 0, 0, 0])
Transition([35, 4, 41, 0, 0, 0, 0, 0] -- left --> [35, 365, 41, 0, 0, 0, 0, 0])
Transition([35, 365, 41, 0, 0, 0, 0, 0] -- 0.getPos.3.2 --> [35, 477, 41, 0, 0, 0, 0, 0])
Transition([35, 477, 41, 0, 0, 0, 0, 0] -- 0.setPos.3.1 --> [35, 0, 42, 0, 0, 0, 0, 0])
Transition([35, 0, 42, 0, 0, 0, 0, 0] -- startSafeCheck --> [35, 1, 42, 0, 1, 0, 0, 0])
Transition([35, 1, 42, 0, 1, 0, 0, 0] -- 0.getPos.3.1 --> [35, 1, 42, 0, 50, 0, 0, 0])
Transition([35, 1, 42, 0, 50, 0, 0, 0] -- 1.getPos.4.2 --> [35, 1, 42, 0, 3, 0, 0, 0])
Transition([35, 1, 42, 0, 3, 0, 0, 0] -- checkSafeOk --> [35, 2, 42, 0, 0, 0, 0, 0])
Transition([35, 2, 42, 0, 0, 0, 0, 0] -- startLiveCheck --> [35, 3, 42, 1, 0, 1, 0, 0])
Transition([35, 3, 42, 1, 0, 1, 0, 0] -- 1.getPos.4.2 --> [35, 3, 42, 2, 0, 2, 0, 0])
Transition([35, 3, 42, 2, 0, 2, 0, 0] -- checkLiveDone --> [35, 4, 42, 0, 0, 0, 0, 0])
Transition([48, 4, 41, 0, 0, 0, 0, 0] -- down --> [48, 125, 41, 0, 0, 0, 0, 0])
Transition([48, 125, 41, 0, 0, 0, 0, 0] -- 0.getPos.3.2 --> [48, 233, 41, 0, 0, 0, 0, 0])
Transition([48, 233, 41, 0, 0, 0, 0, 0] -- 0.setPos.4.2 --> [48, 0, 34, 0, 0, 0, 0, 0])
Transition([48, 0, 34, 0, 0, 0, 0, 0] -- startSafeCheck --> [48, 1, 34, 0, 1, 0, 0, 0])
Transition([48, 1, 34, 0, 1, 0, 0, 0] -- 0.getPos.4.2 --> [48, 1, 34, 0, 38, 0, 0, 0])
Transition([48, 1, 34, 0, 38, 0, 0, 0] -- 1.getPos.3.3 --> [48, 1, 34, 0, 3, 0, 0, 0])
Transition([48, 1, 34, 0, 3, 0, 0, 0] -- checkSafeOk --> [48, 2, 34, 0, 0, 0, 0, 0])
Transition([48, 2, 34, 0, 0, 0, 0, 0] -- startLiveCheck --> [48, 3, 34, 1, 0, 1, 0, 0])
Transition([48, 3, 34, 1, 0, 1, 0, 0] -- 1.getPos.3.3 --> [48, 3, 34, 2, 0, 2, 0, 0])
Transition([48, 3, 34, 2, 0, 2, 0, 0] -- checkLiveDone --> [48, 4, 34, 0, 0, 0, 0, 0])
Transition([35, 4, 41, 0, 0, 0, 0, 0] -- right --> [35, 245, 41, 0, 0, 0, 0, 0])
Transition([35, 245, 41, 0, 0, 0, 0, 0] -- 0.getPos.3.2 --> [35, 353, 41, 0, 0, 0, 0, 0])
Transition([35, 353, 41, 0, 0, 0, 0, 0] -- 0.setPos.3.3 --> [35, 0, 48, 0, 0, 0, 0, 0])
Transition([35, 0, 48, 0, 0, 0, 0, 0] -- startSafeCheck --> [35, 1, 48, 0, 1, 0, 0, 0])
Transition([35, 1, 48, 0, 1, 0, 0, 0] -- 0.getPos.3.3 --> [35, 1, 48, 0, 52, 0, 0, 0])
Transition([35, 1, 48, 0, 52, 0, 0, 0] -- 1.getPos.4.2 --> [35, 1, 48, 0, 3, 0, 0, 0])
Transition([35, 1, 48, 0, 3, 0, 0, 0] -- checkSafeOk --> [35, 2, 48, 0, 0, 0, 0, 0])
Transition([35, 2, 48, 0, 0, 0, 0, 0] -- startLiveCheck --> [35, 3, 48, 1, 0, 1, 0, 0])
Transition([35, 3, 48, 1, 0, 1, 0, 0] -- 1.getPos.4.2 --> [35, 3, 48, 2, 0, 2, 0, 0])
Transition([35, 3, 48, 2, 0, 2, 0, 0] -- checkLiveDone --> [35, 4, 48, 0, 0, 0, 0, 0])
Transition([48, 4, 41, 0, 0, 0, 0, 0] -- left --> [48, 365, 41, 0, 0, 0, 0, 0])
Transition([48, 365, 41, 0, 0, 0, 0, 0] -- 0.getPos.3.2 --> [48, 477, 41, 0, 0, 0, 0, 0])
Transition([48, 477, 41, 0, 0, 0, 0, 0] -- 0.setPos.3.1 --> [48, 0, 42, 0, 0, 0, 0, 0])
Transition([48, 0, 42, 0, 0, 0, 0, 0] -- startSafeCheck --> [48, 1, 42, 0, 1, 0, 0, 0])
Transition([48, 1, 42, 0, 1, 0, 0, 0] -- 0.getPos.3.1 --> [48, 1, 42, 0, 50, 0, 0, 0])
Transition([48, 1, 42, 0, 50, 0, 0, 0] -- 1.getPos.3.3 --> [48, 1, 42, 0, 3, 0, 0, 0])
Transition([48, 1, 42, 0, 3, 0, 0, 0] -- checkSafeOk --> [48, 2, 42, 0, 0, 0, 0, 0])
Transition([48, 2, 42, 0, 0, 0, 0, 0] -- startLiveCheck --> [48, 3, 42, 1, 0, 1, 0, 0])
Transition([48, 3, 42, 1, 0, 1, 0, 0] -- 1.getPos.3.3 --> [48, 3, 42, 2, 0, 2, 0, 0])
Transition([48, 3, 42, 2, 0, 2, 0, 0] -- checkLiveDone --> [48, 4, 42, 0, 0, 0, 0, 0])
Transition([35, 4, 41, 0, 0, 0, 0, 0] -- up --> [35, 5, 41, 0, 0, 0, 0, 0])
Transition([35, 5, 41, 0, 0, 0, 0, 0] -- 0.getPos.3.2 --> [35, 113, 41, 0, 0, 0, 0, 0])
Transition([35, 113, 41, 0, 0, 0, 0, 0] -- 0.setPos.2.2 --> [35, 0, 6, 0, 0, 0, 0, 0])
Transition([35, 0, 6, 0, 0, 0, 0, 0] -- startSafeCheck --> [35, 1, 6, 0, 1, 0, 0, 0])
Transition([35, 1, 6, 0, 1, 0, 0, 0] -- 0.getPos.2.2 --> [35, 1, 6, 0, 13, 0, 0, 0])
Transition([35, 1, 6, 0, 13, 0, 0, 0] -- 1.getPos.4.2 --> [35, 1, 6, 0, 3, 0, 0, 0])
Transition([35, 1, 6, 0, 3, 0, 0, 0] -- checkSafeOk --> [35, 2, 6, 0, 0, 0, 0, 0])
Transition([35, 2, 6, 0, 0, 0, 0, 0] -- startLiveCheck --> [35, 3, 6, 1, 0, 1, 0, 0])
Transition([35, 3, 6, 1, 0, 1, 0, 0] -- 1.getPos.4.2 --> [35, 3, 6, 2, 0, 2, 0, 0])
Transition([35, 3, 6, 2, 0, 2, 0, 0] -- checkLiveDone --> [35, 4, 6, 0, 0, 0, 0, 0])
Transition([48, 4, 41, 0, 0, 0, 0, 0] -- right --> [48, 245, 41, 0, 0, 0, 0, 0])
Transition([48, 245, 41, 0, 0, 0, 0, 0] -- 0.getPos.3.2 --> [48, 353, 41, 0, 0, 0, 0, 0])
Transition([48, 353, 41, 0, 0, 0, 0, 0] -- 0.setPos.3.3 --> [48, 0, 48, 0, 0, 0, 0, 0])
Transition([48, 0, 48, 0, 0, 0, 0, 0] -- startSafeCheck --> [48, 1, 48, 0, 1, 0, 0, 0])
Transition([48, 1, 48, 0, 1, 0, 0, 0] -- 0.getPos.3.3 --> [48, 1, 48, 0, 52, 0, 0, 0])
Transition([48, 1, 48, 0, 52, 0, 0, 0] -- 1.getPos.3.3 --> [48, 1, 48, 0, 4, 0, 0, 0])
Transition([48, 353, 41, 0, 0, 0, 0, 0] -- 1.getPos.3.3 --> [48, 354, 41, 0, 0, 0, 0, 0])
Transition([48, 354, 41, 0, 0, 0, 0, 0] -- 1.setPos.3.4 --> [47, 355, 41, 0, 0, 0, 0, 0])
Transition([47, 355, 41, 0, 0, 0, 0, 0] -- 0.setPos.3.3 --> [47, 0, 48, 0, 0, 0, 0, 0])
Transition([47, 0, 48, 0, 0, 0, 0, 0] -- startSafeCheck --> [47, 1, 48, 0, 1, 0, 0, 0])
Transition([47, 1, 48, 0, 1, 0, 0, 0] -- 0.getPos.3.3 --> [47, 1, 48, 0, 52, 0, 0, 0])
Transition([47, 1, 48, 0, 52, 0, 0, 0] -- 1.getPos.3.4 --> [47, 1, 48, 0, 3, 0, 0, 0])
Transition([47, 1, 48, 0, 3, 0, 0, 0] -- checkSafeOk --> [47, 2, 48, 0, 0, 0, 0, 0])
Transition([47, 2, 48, 0, 0, 0, 0, 0] -- startLiveCheck --> [47, 3, 48, 1, 0, 1, 0, 0])
Transition([47, 3, 48, 1, 0, 1, 0, 0] -- 1.getPos.3.4 --> [47, 3, 48, 2, 0, 2, 0, 0])
Transition([47, 3, 48, 2, 0, 2, 0, 0] -- checkLiveDone --> [47, 4, 48, 0, 0, 0, 0, 0])
Transition([48, 4, 41, 0, 0, 0, 0, 0] -- up --> [48, 5, 41, 0, 0, 0, 0, 0])
Transition([48, 5, 41, 0, 0, 0, 0, 0] -- 0.getPos.3.2 --> [48, 113, 41, 0, 0, 0, 0, 0])
Transition([48, 113, 41, 0, 0, 0, 0, 0] -- 0.setPos.2.2 --> [48, 0, 6, 0, 0, 0, 0, 0])
Transition([48, 0, 6, 0, 0, 0, 0, 0] -- startSafeCheck --> [48, 1, 6, 0, 1, 0, 0, 0])
Transition([48, 1, 6, 0, 1, 0, 0, 0] -- 0.getPos.2.2 --> [48, 1, 6, 0, 13, 0, 0, 0])
Transition([48, 1, 6, 0, 13, 0, 0, 0] -- 1.getPos.3.3 --> [48, 1, 6, 0, 3, 0, 0, 0])
Transition([48, 1, 6, 0, 3, 0, 0, 0] -- checkSafeOk --> [48, 2, 6, 0, 0, 0, 0, 0])
Transition([48, 2, 6, 0, 0, 0, 0, 0] -- startLiveCheck --> [48, 3, 6, 1, 0, 1, 0, 0])
Transition([48, 3, 6, 1, 0, 1, 0, 0] -- 1.getPos.3.3 --> [48, 3, 6, 2, 0, 2, 0, 0])
Transition([48, 3, 6, 2, 0, 2, 0, 0] -- checkLiveDone --> [48, 4, 6, 0, 0, 0, 0, 0])
Transition([0, 4, 34, 0, 0, 0, 0, 0] -- down --> [0, 125, 34, 0, 0, 0, 0, 0])
Transition([0, 125, 34, 0, 0, 0, 0, 0] -- 0.getPos.4.2 --> [0, 221, 34, 0, 0, 0, 0, 0])
Transition([0, 221, 34, 0, 0, 0, 0, 0] -- 0.setPos.5.2 --> [0, 0, 24, 0, 0, 0, 0, 0])
Transition([0, 0, 24, 0, 0, 0, 0, 0] -- startSafeCheck --> [0, 1, 24, 0, 1, 0, 0, 0])
Transition([0, 1, 24, 0, 1, 0, 0, 0] -- 0.getPos.5.2 --> [0, 1, 24, 0, 26, 0, 0, 0])
Transition([0, 1, 24, 0, 26, 0, 0, 0] -- 1.getPos.3.2 --> [0, 1, 24, 0, 3, 0, 0, 0])
Transition([0, 1, 24, 0, 3, 0, 0, 0] -- checkSafeOk --> [0, 2, 24, 0, 0, 0, 0, 0])
Transition([0, 2, 24, 0, 0, 0, 0, 0] -- startLiveCheck --> [0, 3, 24, 1, 0, 1, 0, 0])
Transition([0, 3, 24, 1, 0, 1, 0, 0] -- 1.getPos.3.2 --> [0, 3, 24, 2, 0, 2, 0, 0])
Transition([0, 3, 24, 2, 0, 2, 0, 0] -- checkLiveDone --> [0, 4, 24, 0, 0, 0, 0, 0])
Transition([0, 4, 48, 0, 0, 0, 0, 0] -- down --> [0, 125, 48, 0, 0, 0, 0, 0])
Transition([0, 125, 48, 0, 0, 0, 0, 0] -- 0.getPos.3.3 --> [0, 242, 48, 0, 0, 0, 0, 0])
Transition([0, 242, 48, 0, 0, 0, 0, 0] -- 0.setPos.4.3 --> [0, 0, 33, 0, 0, 0, 0, 0])
Transition([0, 0, 33, 0, 0, 0, 0, 0] -- startSafeCheck --> [0, 1, 33, 0, 1, 0, 0, 0])
Transition([0, 1, 33, 0, 1, 0, 0, 0] -- 0.getPos.4.3 --> [0, 1, 33, 0, 37, 0, 0, 0])
Transition([0, 1, 33, 0, 37, 0, 0, 0] -- 1.getPos.3.2 --> [0, 1, 33, 0, 3, 0, 0, 0])
Transition([0, 1, 33, 0, 3, 0, 0, 0] -- checkSafeOk --> [0, 2, 33, 0, 0, 0, 0, 0])
Transition([0, 2, 33, 0, 0, 0, 0, 0] -- startLiveCheck --> [0, 3, 33, 1, 0, 1, 0, 0])
Transition([0, 3, 33, 1, 0, 1, 0, 0] -- 1.getPos.3.2 --> [0, 3, 33, 2, 0, 2, 0, 0])
Transition([0, 3, 33, 2, 0, 2, 0, 0] -- checkLiveDone --> [0, 4, 33, 0, 0, 0, 0, 0])
Transition([0, 4, 27, 0, 0, 0, 0, 0] -- down --> [0, 125, 27, 0, 0, 0, 0, 0])
Transition([0, 125, 27, 0, 0, 0, 0, 0] -- 0.getPos.1.5 --> [0, 159, 27, 0, 0, 0, 0, 0])
Transition([0, 159, 27, 0, 0, 0, 0, 0] -- 0.setPos.2.5 --> [0, 0, 13, 0, 0, 0, 0, 0])
Transition([0, 0, 13, 0, 0, 0, 0, 0] -- startSafeCheck --> [0, 1, 13, 0, 1, 0, 0, 0])
Transition([0, 1, 13, 0, 1, 0, 0, 0] -- 0.getPos.2.5 --> [0, 1, 13, 0, 15, 0, 0, 0])
Transition([0, 1, 13, 0, 15, 0, 0, 0] -- 1.getPos.3.2 --> [0, 1, 13, 0, 3, 0, 0, 0])
Transition([0, 1, 13, 0, 3, 0, 0, 0] -- checkSafeOk --> [0, 2, 13, 0, 0, 0, 0, 0])
Transition([0, 2, 13, 0, 0, 0, 0, 0] -- startLiveCheck --> [0, 3, 13, 1, 0, 1, 0, 0])
Transition([0, 3, 13, 1, 0, 1, 0, 0] -- 1.getPos.3.2 --> [0, 3, 13, 2, 0, 2, 0, 0])
Transition([0, 3, 13, 2, 0, 2, 0, 0] -- checkLiveDone --> [0, 4, 13, 0, 0, 0, 0, 0])
Transition([0, 4, 27, 0, 0, 0, 0, 0] -- left --> [0, 365, 27, 0, 0, 0, 0, 0])
Transition([0, 365, 27, 0, 0, 0, 0, 0] -- 0.getPos.1.5 --> [0, 395, 27, 0, 0, 0, 0, 0])
Transition([0, 395, 27, 0, 0, 0, 0, 0] -- 0.setPos.1.4 --> [0, 0, 18, 0, 0, 0, 0, 0])
Transition([0, 4, 14, 0, 0, 0, 0, 0] -- down --> [0, 125, 14, 0, 0, 0, 0, 0])
Transition([0, 125, 14, 0, 0, 0, 0, 0] -- 0.getPos.2.4 --> [0, 141, 14, 0, 0, 0, 0, 0])
Transition([0, 141, 14, 0, 0, 0, 0, 0] -- 0.setPos.3.4 --> [0, 0, 47, 0, 0, 0, 0, 0])
Transition([0, 0, 47, 0, 0, 0, 0, 0] -- startSafeCheck --> [0, 1, 47, 0, 1, 0, 0, 0])
Transition([0, 1, 47, 0, 1, 0, 0, 0] -- 0.getPos.3.4 --> [0, 1, 47, 0, 51, 0, 0, 0])
Transition([0, 1, 47, 0, 51, 0, 0, 0] -- 1.getPos.3.2 --> [0, 1, 47, 0, 3, 0, 0, 0])
Transition([0, 1, 47, 0, 3, 0, 0, 0] -- checkSafeOk --> [0, 2, 47, 0, 0, 0, 0, 0])
Transition([0, 2, 47, 0, 0, 0, 0, 0] -- startLiveCheck --> [0, 3, 47, 1, 0, 1, 0, 0])
Transition([0, 3, 47, 1, 0, 1, 0, 0] -- 1.getPos.3.2 --> [0, 3, 47, 2, 0, 2, 0, 0])
Transition([0, 3, 47, 2, 0, 2, 0, 0] -- checkLiveDone --> [0, 4, 47, 0, 0, 0, 0, 0])
Transition([0, 4, 27, 0, 0, 0, 0, 0] -- right --> [0, 245, 27, 0, 0, 0, 0, 0])
Transition([0, 245, 27, 0, 0, 0, 0, 0] -- 0.getPos.1.5 --> [0, 271, 27, 0, 0, 0, 0, 0])
Transition([0, 271, 27, 0, 0, 0, 0, 0] -- 0.setPos.1.6 --> [0, 0, 25, 0, 0, 0, 0, 0])
Transition([0, 0, 25, 0, 0, 0, 0, 0] -- startSafeCheck --> [0, 1, 25, 0, 1, 0, 0, 0])
Transition([0, 1, 25, 0, 1, 0, 0, 0] -- 0.getPos.1.6 --> [0, 1, 25, 0, 27, 0, 0, 0])
Transition([0, 1, 25, 0, 27, 0, 0, 0] -- 1.getPos.3.2 --> [0, 1, 25, 0, 3, 0, 0, 0])
Transition([0, 1, 25, 0, 3, 0, 0, 0] -- checkSafeOk --> [0, 2, 25, 0, 0, 0, 0, 0])
Transition([0, 2, 25, 0, 0, 0, 0, 0] -- startLiveCheck --> [0, 3, 25, 1, 0, 1, 0, 0])
Transition([0, 3, 25, 1, 0, 1, 0, 0] -- 1.getPos.3.2 --> [0, 3, 25, 2, 0, 2, 0, 0])
Transition([0, 3, 25, 2, 0, 2, 0, 0] -- checkLiveDone --> [0, 4, 25, 0, 0, 0, 0, 0])
Transition([0, 4, 14, 0, 0, 0, 0, 0] -- left --> [0, 365, 14, 0, 0, 0, 0, 0])
Transition([0, 365, 14, 0, 0, 0, 0, 0] -- 0.getPos.2.4 --> [0, 379, 14, 0, 0, 0, 0, 0])
Transition([0, 379, 14, 0, 0, 0, 0, 0] -- 0.setPos.2.3 --> [0, 0, 5, 0, 0, 0, 0, 0])
Transition([0, 4, 27, 0, 0, 0, 0, 0] -- up --> [0, 5, 27, 0, 0, 0, 0, 0])
Transition([0, 5, 27, 0, 0, 0, 0, 0] -- 0.getPos.1.5 --> [0, 17, 27, 0, 0, 0, 0, 0])
Transition([0, 4, 14, 0, 0, 0, 0, 0] -- right --> [0, 245, 14, 0, 0, 0, 0, 0])
Transition([0, 245, 14, 0, 0, 0, 0, 0] -- 0.getPos.2.4 --> [0, 257, 14, 0, 0, 0, 0, 0])
Transition([0, 257, 14, 0, 0, 0, 0, 0] -- 0.setPos.2.5 --> [0, 0, 13, 0, 0, 0, 0, 0])
Transition([0, 4, 26, 0, 0, 0, 0, 0] -- down --> [0, 125, 26, 0, 0, 0, 0, 0])
Transition([0, 125, 26, 0, 0, 0, 0, 0] -- 0.getPos.5.1 --> [0, 200, 26, 0, 0, 0, 0, 0])
Transition([0, 200, 26, 0, 0, 0, 0, 0] -- 0.setPos.6.1 --> [0, 0, 12, 0, 0, 0, 0, 0])
Transition([0, 0, 12, 0, 0, 0, 0, 0] -- startSafeCheck --> [0, 1, 12, 0, 1, 0, 0, 0])
Transition([0, 1, 12, 0, 1, 0, 0, 0] -- 0.getPos.6.1 --> [0, 1, 12, 0, 14, 0, 0, 0])
Transition([0, 1, 12, 0, 14, 0, 0, 0] -- 1.getPos.3.2 --> [0, 1, 12, 0, 3, 0, 0, 0])
Transition([0, 1, 12, 0, 3, 0, 0, 0] -- checkSafeOk --> [0, 2, 12, 0, 0, 0, 0, 0])
Transition([0, 2, 12, 0, 0, 0, 0, 0] -- startLiveCheck --> [0, 3, 12, 1, 0, 1, 0, 0])
Transition([0, 3, 12, 1, 0, 1, 0, 0] -- 1.getPos.3.2 --> [0, 3, 12, 2, 0, 2, 0, 0])
Transition([0, 3, 12, 2, 0, 2, 0, 0] -- checkLiveDone --> [0, 4, 12, 0, 0, 0, 0, 0])
Transition([0, 4, 14, 0, 0, 0, 0, 0] -- up --> [0, 5, 14, 0, 0, 0, 0, 0])
Transition([0, 5, 14, 0, 0, 0, 0, 0] -- 0.getPos.2.4 --> [0, 11, 14, 0, 0, 0, 0, 0])
Transition([0, 11, 14, 0, 0, 0, 0, 0] -- 0.setPos.1.4 --> [0, 0, 18, 0, 0, 0, 0, 0])
Transition([0, 4, 26, 0, 0, 0, 0, 0] -- left --> [0, 365, 26, 0, 0, 0, 0, 0])
Transition([0, 365, 26, 0, 0, 0, 0, 0] -- 0.getPos.5.1 --> [0, 450, 26, 0, 0, 0, 0, 0])
Transition([0, 4, 34, 0, 0, 0, 0, 0] -- left --> [0, 365, 34, 0, 0, 0, 0, 0])
Transition([0, 365, 34, 0, 0, 0, 0, 0] -- 0.getPos.4.2 --> [0, 467, 34, 0, 0, 0, 0, 0])
Transition([0, 467, 34, 0, 0, 0, 0, 0] -- 0.setPos.4.1 --> [0, 0, 30, 0, 0, 0, 0, 0])
Transition([0, 4, 26, 0, 0, 0, 0, 0] -- right --> [0, 245, 26, 0, 0, 0, 0, 0])
Transition([0, 245, 26, 0, 0, 0, 0, 0] -- 0.getPos.5.1 --> [0, 328, 26, 0, 0, 0, 0, 0])
Transition([0, 328, 26, 0, 0, 0, 0, 0] -- 0.setPos.5.2 --> [0, 0, 24, 0, 0, 0, 0, 0])
Transition([0, 4, 34, 0, 0, 0, 0, 0] -- right --> [0, 245, 34, 0, 0, 0, 0, 0])
Transition([0, 245, 34, 0, 0, 0, 0, 0] -- 0.getPos.4.2 --> [0, 345, 34, 0, 0, 0, 0, 0])
Transition([0, 345, 34, 0, 0, 0, 0, 0] -- 0.setPos.4.3 --> [0, 0, 33, 0, 0, 0, 0, 0])
Transition([0, 4, 26, 0, 0, 0, 0, 0] -- up --> [0, 5, 26, 0, 0, 0, 0, 0])
Transition([0, 5, 26, 0, 0, 0, 0, 0] -- 0.getPos.5.1 --> [0, 80, 26, 0, 0, 0, 0, 0])
Transition([0, 80, 26, 0, 0, 0, 0, 0] -- 0.setPos.4.1 --> [0, 0, 30, 0, 0, 0, 0, 0])
Transition([0, 4, 34, 0, 0, 0, 0, 0] -- up --> [0, 5, 34, 0, 0, 0, 0, 0])
Transition([0, 5, 34, 0, 0, 0, 0, 0] -- 0.getPos.4.2 --> [0, 101, 34, 0, 0, 0, 0, 0])
Transition([0, 101, 34, 0, 0, 0, 0, 0] -- 0.setPos.3.2 --> [0, 0, 41, 0, 0, 0, 0, 0])
Transition([0, 101, 34, 0, 0, 0, 0, 0] -- 1.getPos.3.2 --> [0, 102, 34, 0, 0, 0, 0, 0])
Transition([0, 102, 34, 0, 0, 0, 0, 0] -- 1.setPos.2.2 --> [6, 103, 34, 0, 0, 0, 0, 0])
Transition([6, 103, 34, 0, 0, 0, 0, 0] -- 0.setPos.3.2 --> [6, 0, 41, 0, 0, 0, 0, 0])
Transition([6, 0, 41, 0, 0, 0, 0, 0] -- startSafeCheck --> [6, 1, 41, 0, 1, 0, 0, 0])
Transition([6, 1, 41, 0, 1, 0, 0, 0] -- 0.getPos.3.2 --> [6, 1, 41, 0, 49, 0, 0, 0])
Transition([6, 1, 41, 0, 49, 0, 0, 0] -- 1.getPos.2.2 --> [6, 1, 41, 0, 3, 0, 0, 0])
Transition([6, 1, 41, 0, 3, 0, 0, 0] -- checkSafeOk --> [6, 2, 41, 0, 0, 0, 0, 0])
Transition([6, 2, 41, 0, 0, 0, 0, 0] -- startLiveCheck --> [6, 3, 41, 1, 0, 1, 0, 0])
Transition([6, 3, 41, 1, 0, 1, 0, 0] -- 1.getPos.2.2 --> [6, 3, 41, 2, 0, 2, 0, 0])
Transition([6, 3, 41, 2, 0, 2, 0, 0] -- checkLiveDone --> [6, 4, 41, 0, 0, 0, 0, 0])
Transition([0, 4, 48, 0, 0, 0, 0, 0] -- left --> [0, 365, 48, 0, 0, 0, 0, 0])
Transition([0, 365, 48, 0, 0, 0, 0, 0] -- 0.getPos.3.3 --> [0, 482, 48, 0, 0, 0, 0, 0])
Transition([0, 482, 48, 0, 0, 0, 0, 0] -- 0.setPos.3.2 --> [0, 0, 41, 0, 0, 0, 0, 0])
Transition([0, 482, 48, 0, 0, 0, 0, 0] -- 1.getPos.3.2 --> [0, 483, 48, 0, 0, 0, 0, 0])
Transition([0, 483, 48, 0, 0, 0, 0, 0] -- 1.setPos.3.1 --> [42, 484, 48, 0, 0, 0, 0, 0])
Transition([42, 484, 48, 0, 0, 0, 0, 0] -- 0.setPos.3.2 --> [42, 0, 41, 0, 0, 0, 0, 0])
Transition([42, 0, 41, 0, 0, 0, 0, 0] -- startSafeCheck --> [42, 1, 41, 0, 1, 0, 0, 0])
Transition([42, 1, 41, 0, 1, 0, 0, 0] -- 0.getPos.3.2 --> [42, 1, 41, 0, 49, 0, 0, 0])
Transition([42, 1, 41, 0, 49, 0, 0, 0] -- 1.getPos.3.1 --> [42, 1, 41, 0, 3, 0, 0, 0])
Transition([42, 1, 41, 0, 3, 0, 0, 0] -- checkSafeOk --> [42, 2, 41, 0, 0, 0, 0, 0])
Transition([42, 2, 41, 0, 0, 0, 0, 0] -- startLiveCheck --> [42, 3, 41, 1, 0, 1, 0, 0])
Transition([42, 3, 41, 1, 0, 1, 0, 0] -- 1.getPos.3.1 --> [42, 3, 41, 2, 0, 2, 0, 0])
Transition([42, 3, 41, 2, 0, 2, 0, 0] -- checkLiveDone --> [42, 4, 41, 0, 0, 0, 0, 0])
Transition([0, 4, 48, 0, 0, 0, 0, 0] -- right --> [0, 245, 48, 0, 0, 0, 0, 0])
Transition([0, 245, 48, 0, 0, 0, 0, 0] -- 0.getPos.3.3 --> [0, 362, 48, 0, 0, 0, 0, 0])
Transition([0, 362, 48, 0, 0, 0, 0, 0] -- 0.setPos.3.4 --> [0, 0, 47, 0, 0, 0, 0, 0])
Transition([0, 4, 48, 0, 0, 0, 0, 0] -- up --> [0, 5, 48, 0, 0, 0, 0, 0])
Transition([0, 5, 48, 0, 0, 0, 0, 0] -- 0.getPos.3.3 --> [0, 122, 48, 0, 0, 0, 0, 0])
Transition([0, 122, 48, 0, 0, 0, 0, 0] -- 0.setPos.2.3 --> [0, 0, 5, 0, 0, 0, 0, 0])
Transition([35, 4, 48, 0, 0, 0, 0, 0] -- down --> [35, 125, 48, 0, 0, 0, 0, 0])
Transition([35, 125, 48, 0, 0, 0, 0, 0] -- 0.getPos.3.3 --> [35, 242, 48, 0, 0, 0, 0, 0])
Transition([35, 242, 48, 0, 0, 0, 0, 0] -- 0.setPos.4.3 --> [35, 0, 33, 0, 0, 0, 0, 0])
Transition([35, 0, 33, 0, 0, 0, 0, 0] -- startSafeCheck --> [35, 1, 33, 0, 1, 0, 0, 0])
Transition([35, 1, 33, 0, 1, 0, 0, 0] -- 0.getPos.4.3 --> [35, 1, 33, 0, 37, 0, 0, 0])
Transition([35, 1, 33, 0, 37, 0, 0, 0] -- 1.getPos.4.2 --> [35, 1, 33, 0, 3, 0, 0, 0])
Transition([35, 1, 33, 0, 3, 0, 0, 0] -- checkSafeOk --> [35, 2, 33, 0, 0, 0, 0, 0])
Transition([35, 2, 33, 0, 0, 0, 0, 0] -- startLiveCheck --> [35, 3, 33, 1, 0, 1, 0, 0])
Transition([35, 3, 33, 1, 0, 1, 0, 0] -- 1.getPos.4.2 --> [35, 3, 33, 2, 0, 2, 0, 0])
Transition([35, 3, 33, 2, 0, 2, 0, 0] -- checkLiveDone --> [35, 4, 33, 0, 0, 0, 0, 0])
Transition([35, 4, 48, 0, 0, 0, 0, 0] -- left --> [35, 365, 48, 0, 0, 0, 0, 0])
Transition([35, 365, 48, 0, 0, 0, 0, 0] -- 0.getPos.3.3 --> [35, 482, 48, 0, 0, 0, 0, 0])
Transition([35, 482, 48, 0, 0, 0, 0, 0] -- 0.setPos.3.2 --> [35, 0, 41, 0, 0, 0, 0, 0])
Transition([35, 4, 48, 0, 0, 0, 0, 0] -- right --> [35, 245, 48, 0, 0, 0, 0, 0])
Transition([35, 245, 48, 0, 0, 0, 0, 0] -- 0.getPos.3.3 --> [35, 362, 48, 0, 0, 0, 0, 0])
Transition([35, 362, 48, 0, 0, 0, 0, 0] -- 0.setPos.3.4 --> [35, 0, 47, 0, 0, 0, 0, 0])
Transition([35, 0, 47, 0, 0, 0, 0, 0] -- startSafeCheck --> [35, 1, 47, 0, 1, 0, 0, 0])
Transition([35, 1, 47, 0, 1, 0, 0, 0] -- 0.getPos.3.4 --> [35, 1, 47, 0, 51, 0, 0, 0])
Transition([35, 1, 47, 0, 51, 0, 0, 0] -- 1.getPos.4.2 --> [35, 1, 47, 0, 3, 0, 0, 0])
Transition([35, 1, 47, 0, 3, 0, 0, 0] -- checkSafeOk --> [35, 2, 47, 0, 0, 0, 0, 0])
Transition([35, 2, 47, 0, 0, 0, 0, 0] -- startLiveCheck --> [35, 3, 47, 1, 0, 1, 0, 0])
Transition([35, 3, 47, 1, 0, 1, 0, 0] -- 1.getPos.4.2 --> [35, 3, 47, 2, 0, 2, 0, 0])
Transition([35, 3, 47, 2, 0, 2, 0, 0] -- checkLiveDone --> [35, 4, 47, 0, 0, 0, 0, 0])
Transition([35, 4, 42, 0, 0, 0, 0, 0] -- down --> [35, 125, 42, 0, 0, 0, 0, 0])
Transition([35, 125, 42, 0, 0, 0, 0, 0] -- 0.getPos.3.1 --> [35, 236, 42, 0, 0, 0, 0, 0])
Transition([35, 236, 42, 0, 0, 0, 0, 0] -- 0.setPos.4.1 --> [35, 0, 30, 0, 0, 0, 0, 0])
Transition([35, 0, 30, 0, 0, 0, 0, 0] -- startSafeCheck --> [35, 1, 30, 0, 1, 0, 0, 0])
Transition([35, 1, 30, 0, 1, 0, 0, 0] -- 0.getPos.4.1 --> [35, 1, 30, 0, 36, 0, 0, 0])
Transition([35, 1, 30, 0, 36, 0, 0, 0] -- 1.getPos.4.2 --> [35, 1, 30, 0, 3, 0, 0, 0])
Transition([35, 1, 30, 0, 3, 0, 0, 0] -- checkSafeOk --> [35, 2, 30, 0, 0, 0, 0, 0])
Transition([35, 2, 30, 0, 0, 0, 0, 0] -- startLiveCheck --> [35, 3, 30, 1, 0, 1, 0, 0])
Transition([35, 3, 30, 1, 0, 1, 0, 0] -- 1.getPos.4.2 --> [35, 3, 30, 2, 0, 2, 0, 0])
Transition([35, 3, 30, 2, 0, 2, 0, 0] -- checkLiveDone --> [35, 4, 30, 0, 0, 0, 0, 0])
Transition([35, 4, 42, 0, 0, 0, 0, 0] -- left --> [35, 365, 42, 0, 0, 0, 0, 0])
Transition([35, 365, 42, 0, 0, 0, 0, 0] -- 0.getPos.3.1 --> [35, 478, 42, 0, 0, 0, 0, 0])
Transition([48, 4, 6, 0, 0, 0, 0, 0] -- down --> [48, 125, 6, 0, 0, 0, 0, 0])
Transition([48, 125, 6, 0, 0, 0, 0, 0] -- 0.getPos.2.2 --> [48, 135, 6, 0, 0, 0, 0, 0])
Transition([48, 135, 6, 0, 0, 0, 0, 0] -- 0.setPos.3.2 --> [48, 0, 41, 0, 0, 0, 0, 0])
Transition([35, 4, 42, 0, 0, 0, 0, 0] -- right --> [35, 245, 42, 0, 0, 0, 0, 0])
Transition([35, 245, 42, 0, 0, 0, 0, 0] -- 0.getPos.3.1 --> [35, 356, 42, 0, 0, 0, 0, 0])
Transition([35, 356, 42, 0, 0, 0, 0, 0] -- 0.setPos.3.2 --> [35, 0, 41, 0, 0, 0, 0, 0])
Transition([35, 4, 6, 0, 0, 0, 0, 0] -- down --> [35, 125, 6, 0, 0, 0, 0, 0])
Transition([35, 125, 6, 0, 0, 0, 0, 0] -- 0.getPos.2.2 --> [35, 135, 6, 0, 0, 0, 0, 0])
Transition([35, 135, 6, 0, 0, 0, 0, 0] -- 0.setPos.3.2 --> [35, 0, 41, 0, 0, 0, 0, 0])
Transition([48, 4, 34, 0, 0, 0, 0, 0] -- down --> [48, 125, 34, 0, 0, 0, 0, 0])
Transition([48, 125, 34, 0, 0, 0, 0, 0] -- 0.getPos.4.2 --> [48, 221, 34, 0, 0, 0, 0, 0])
Transition([48, 221, 34, 0, 0, 0, 0, 0] -- 0.setPos.5.2 --> [48, 0, 24, 0, 0, 0, 0, 0])
Transition([48, 0, 24, 0, 0, 0, 0, 0] -- startSafeCheck --> [48, 1, 24, 0, 1, 0, 0, 0])
Transition([48, 1, 24, 0, 1, 0, 0, 0] -- 0.getPos.5.2 --> [48, 1, 24, 0, 26, 0, 0, 0])
Transition([48, 1, 24, 0, 26, 0, 0, 0] -- 1.getPos.3.3 --> [48, 1, 24, 0, 3, 0, 0, 0])
Transition([48, 1, 24, 0, 3, 0, 0, 0] -- checkSafeOk --> [48, 2, 24, 0, 0, 0, 0, 0])
Transition([48, 2, 24, 0, 0, 0, 0, 0] -- startLiveCheck --> [48, 3, 24, 1, 0, 1, 0, 0])
Transition([48, 3, 24, 1, 0, 1, 0, 0] -- 1.getPos.3.3 --> [48, 3, 24, 2, 0, 2, 0, 0])
Transition([48, 3, 24, 2, 0, 2, 0, 0] -- checkLiveDone --> [48, 4, 24, 0, 0, 0, 0, 0])
Transition([48, 4, 34, 0, 0, 0, 0, 0] -- left --> [48, 365, 34, 0, 0, 0, 0, 0])
Transition([48, 365, 34, 0, 0, 0, 0, 0] -- 0.getPos.4.2 --> [48, 467, 34, 0, 0, 0, 0, 0])
Transition([48, 467, 34, 0, 0, 0, 0, 0] -- 0.setPos.4.1 --> [48, 0, 30, 0, 0, 0, 0, 0])
Transition([48, 0, 30, 0, 0, 0, 0, 0] -- startSafeCheck --> [48, 1, 30, 0, 1, 0, 0, 0])
Transition([48, 1, 30, 0, 1, 0, 0, 0] -- 0.getPos.4.1 --> [48, 1, 30, 0, 36, 0, 0, 0])
Transition([48, 1, 30, 0, 36, 0, 0, 0] -- 1.getPos.3.3 --> [48, 1, 30, 0, 3, 0, 0, 0])
Transition([48, 1, 30, 0, 3, 0, 0, 0] -- checkSafeOk --> [48, 2, 30, 0, 0, 0, 0, 0])
Transition([48, 2, 30, 0, 0, 0, 0, 0] -- startLiveCheck --> [48, 3, 30, 1, 0, 1, 0, 0])
Transition([48, 3, 30, 1, 0, 1, 0, 0] -- 1.getPos.3.3 --> [48, 3, 30, 2, 0, 2, 0, 0])
Transition([48, 3, 30, 2, 0, 2, 0, 0] -- checkLiveDone --> [48, 4, 30, 0, 0, 0, 0, 0])
Transition([48, 4, 34, 0, 0, 0, 0, 0] -- right --> [48, 245, 34, 0, 0, 0, 0, 0])
Transition([48, 245, 34, 0, 0, 0, 0, 0] -- 0.getPos.4.2 --> [48, 345, 34, 0, 0, 0, 0, 0])
Transition([48, 345, 34, 0, 0, 0, 0, 0] -- 0.setPos.4.3 --> [48, 0, 33, 0, 0, 0, 0, 0])
Transition([48, 0, 33, 0, 0, 0, 0, 0] -- startSafeCheck --> [48, 1, 33, 0, 1, 0, 0, 0])
Transition([48, 1, 33, 0, 1, 0, 0, 0] -- 0.getPos.4.3 --> [48, 1, 33, 0, 37, 0, 0, 0])
Transition([48, 1, 33, 0, 37, 0, 0, 0] -- 1.getPos.3.3 --> [48, 1, 33, 0, 3, 0, 0, 0])
Transition([48, 1, 33, 0, 3, 0, 0, 0] -- checkSafeOk --> [48, 2, 33, 0, 0, 0, 0, 0])
Transition([48, 2, 33, 0, 0, 0, 0, 0] -- startLiveCheck --> [48, 3, 33, 1, 0, 1, 0, 0])
Transition([48, 3, 33, 1, 0, 1, 0, 0] -- 1.getPos.3.3 --> [48, 3, 33, 2, 0, 2, 0, 0])
Transition([48, 3, 33, 2, 0, 2, 0, 0] -- checkLiveDone --> [48, 4, 33, 0, 0, 0, 0, 0])
Transition([35, 4, 6, 0, 0, 0, 0, 0] -- left --> [35, 365, 6, 0, 0, 0, 0, 0])
Transition([35, 365, 6, 0, 0, 0, 0, 0] -- 0.getPos.2.2 --> [35, 375, 6, 0, 0, 0, 0, 0])
Transition([35, 375, 6, 0, 0, 0, 0, 0] -- 0.setPos.2.1 --> [35, 0, 7, 0, 0, 0, 0, 0])
Transition([35, 0, 7, 0, 0, 0, 0, 0] -- startSafeCheck --> [35, 1, 7, 0, 1, 0, 0, 0])
Transition([35, 1, 7, 0, 1, 0, 0, 0] -- 0.getPos.2.1 --> [35, 1, 7, 0, 17, 0, 0, 0])
Transition([35, 1, 7, 0, 17, 0, 0, 0] -- 1.getPos.4.2 --> [35, 1, 7, 0, 3, 0, 0, 0])
Transition([35, 1, 7, 0, 3, 0, 0, 0] -- checkSafeOk --> [35, 2, 7, 0, 0, 0, 0, 0])
Transition([35, 2, 7, 0, 0, 0, 0, 0] -- startLiveCheck --> [35, 3, 7, 1, 0, 1, 0, 0])
Transition([35, 3, 7, 1, 0, 1, 0, 0] -- 1.getPos.4.2 --> [35, 3, 7, 2, 0, 2, 0, 0])
Transition([35, 3, 7, 2, 0, 2, 0, 0] -- checkLiveDone --> [35, 4, 7, 0, 0, 0, 0, 0])
Transition([35, 4, 6, 0, 0, 0, 0, 0] -- right --> [35, 245, 6, 0, 0, 0, 0, 0])
Transition([35, 245, 6, 0, 0, 0, 0, 0] -- 0.getPos.2.2 --> [35, 251, 6, 0, 0, 0, 0, 0])
Transition([35, 251, 6, 0, 0, 0, 0, 0] -- 0.setPos.2.3 --> [35, 0, 5, 0, 0, 0, 0, 0])
Transition([35, 0, 5, 0, 0, 0, 0, 0] -- startSafeCheck --> [35, 1, 5, 0, 1, 0, 0, 0])
Transition([35, 1, 5, 0, 1, 0, 0, 0] -- 0.getPos.2.3 --> [35, 1, 5, 0, 12, 0, 0, 0])
Transition([35, 1, 5, 0, 12, 0, 0, 0] -- 1.getPos.4.2 --> [35, 1, 5, 0, 3, 0, 0, 0])
Transition([35, 1, 5, 0, 3, 0, 0, 0] -- checkSafeOk --> [35, 2, 5, 0, 0, 0, 0, 0])
Transition([35, 2, 5, 0, 0, 0, 0, 0] -- startLiveCheck --> [35, 3, 5, 1, 0, 1, 0, 0])
Transition([35, 3, 5, 1, 0, 1, 0, 0] -- 1.getPos.4.2 --> [35, 3, 5, 2, 0, 2, 0, 0])
Transition([35, 3, 5, 2, 0, 2, 0, 0] -- checkLiveDone --> [35, 4, 5, 0, 0, 0, 0, 0])
Transition([35, 4, 48, 0, 0, 0, 0, 0] -- up --> [35, 5, 48, 0, 0, 0, 0, 0])
Transition([35, 5, 48, 0, 0, 0, 0, 0] -- 0.getPos.3.3 --> [35, 122, 48, 0, 0, 0, 0, 0])
Transition([35, 122, 48, 0, 0, 0, 0, 0] -- 0.setPos.2.3 --> [35, 0, 5, 0, 0, 0, 0, 0])
Transition([35, 4, 6, 0, 0, 0, 0, 0] -- up --> [35, 5, 6, 0, 0, 0, 0, 0])
Transition([35, 5, 6, 0, 0, 0, 0, 0] -- 0.getPos.2.2 --> [35, 9, 6, 0, 0, 0, 0, 0])
Transition([35, 9, 6, 0, 0, 0, 0, 0] -- 0.setPos.1.2 --> [35, 0, 20, 0, 0, 0, 0, 0])
Transition([35, 0, 20, 0, 0, 0, 0, 0] -- startSafeCheck --> [35, 1, 20, 0, 1, 0, 0, 0])
Transition([35, 1, 20, 0, 1, 0, 0, 0] -- 0.getPos.1.2 --> [35, 1, 20, 0, 30, 0, 0, 0])
Transition([35, 1, 20, 0, 30, 0, 0, 0] -- 1.getPos.4.2 --> [35, 1, 20, 0, 3, 0, 0, 0])
Transition([35, 1, 20, 0, 3, 0, 0, 0] -- checkSafeOk --> [35, 2, 20, 0, 0, 0, 0, 0])
Transition([35, 2, 20, 0, 0, 0, 0, 0] -- startLiveCheck --> [35, 3, 20, 1, 0, 1, 0, 0])
Transition([35, 3, 20, 1, 0, 1, 0, 0] -- 1.getPos.4.2 --> [35, 3, 20, 2, 0, 2, 0, 0])
Transition([35, 3, 20, 2, 0, 2, 0, 0] -- checkLiveDone --> [35, 4, 20, 0, 0, 0, 0, 0])
Transition([48, 4, 34, 0, 0, 0, 0, 0] -- up --> [48, 5, 34, 0, 0, 0, 0, 0])
Transition([48, 5, 34, 0, 0, 0, 0, 0] -- 0.getPos.4.2 --> [48, 101, 34, 0, 0, 0, 0, 0])
Transition([48, 101, 34, 0, 0, 0, 0, 0] -- 0.setPos.3.2 --> [48, 0, 41, 0, 0, 0, 0, 0])
Transition([35, 4, 42, 0, 0, 0, 0, 0] -- up --> [35, 5, 42, 0, 0, 0, 0, 0])
Transition([35, 5, 42, 0, 0, 0, 0, 0] -- 0.getPos.3.1 --> [35, 116, 42, 0, 0, 0, 0, 0])
Transition([35, 116, 42, 0, 0, 0, 0, 0] -- 0.setPos.2.1 --> [35, 0, 7, 0, 0, 0, 0, 0])
Transition([48, 4, 6, 0, 0, 0, 0, 0] -- left --> [48, 365, 6, 0, 0, 0, 0, 0])
Transition([48, 365, 6, 0, 0, 0, 0, 0] -- 0.getPos.2.2 --> [48, 375, 6, 0, 0, 0, 0, 0])
Transition([48, 375, 6, 0, 0, 0, 0, 0] -- 0.setPos.2.1 --> [48, 0, 7, 0, 0, 0, 0, 0])
Transition([48, 0, 7, 0, 0, 0, 0, 0] -- startSafeCheck --> [48, 1, 7, 0, 1, 0, 0, 0])
Transition([48, 1, 7, 0, 1, 0, 0, 0] -- 0.getPos.2.1 --> [48, 1, 7, 0, 17, 0, 0, 0])
Transition([48, 1, 7, 0, 17, 0, 0, 0] -- 1.getPos.3.3 --> [48, 1, 7, 0, 3, 0, 0, 0])
Transition([48, 1, 7, 0, 3, 0, 0, 0] -- checkSafeOk --> [48, 2, 7, 0, 0, 0, 0, 0])
Transition([48, 2, 7, 0, 0, 0, 0, 0] -- startLiveCheck --> [48, 3, 7, 1, 0, 1, 0, 0])
Transition([48, 3, 7, 1, 0, 1, 0, 0] -- 1.getPos.3.3 --> [48, 3, 7, 2, 0, 2, 0, 0])
Transition([48, 3, 7, 2, 0, 2, 0, 0] -- checkLiveDone --> [48, 4, 7, 0, 0, 0, 0, 0])
Transition([48, 4, 42, 0, 0, 0, 0, 0] -- down --> [48, 125, 42, 0, 0, 0, 0, 0])
Transition([48, 125, 42, 0, 0, 0, 0, 0] -- 0.getPos.3.1 --> [48, 236, 42, 0, 0, 0, 0, 0])
Transition([48, 236, 42, 0, 0, 0, 0, 0] -- 0.setPos.4.1 --> [48, 0, 30, 0, 0, 0, 0, 0])
Transition([48, 4, 6, 0, 0, 0, 0, 0] -- right --> [48, 245, 6, 0, 0, 0, 0, 0])
Transition([48, 245, 6, 0, 0, 0, 0, 0] -- 0.getPos.2.2 --> [48, 251, 6, 0, 0, 0, 0, 0])
Transition([48, 251, 6, 0, 0, 0, 0, 0] -- 0.setPos.2.3 --> [48, 0, 5, 0, 0, 0, 0, 0])
Transition([48, 0, 5, 0, 0, 0, 0, 0] -- startSafeCheck --> [48, 1, 5, 0, 1, 0, 0, 0])
Transition([48, 1, 5, 0, 1, 0, 0, 0] -- 0.getPos.2.3 --> [48, 1, 5, 0, 12, 0, 0, 0])
Transition([48, 1, 5, 0, 12, 0, 0, 0] -- 1.getPos.3.3 --> [48, 1, 5, 0, 3, 0, 0, 0])
Transition([48, 1, 5, 0, 3, 0, 0, 0] -- checkSafeOk --> [48, 2, 5, 0, 0, 0, 0, 0])
Transition([48, 2, 5, 0, 0, 0, 0, 0] -- startLiveCheck --> [48, 3, 5, 1, 0, 1, 0, 0])
Transition([48, 3, 5, 1, 0, 1, 0, 0] -- 1.getPos.3.3 --> [48, 3, 5, 2, 0, 2, 0, 0])
Transition([48, 3, 5, 2, 0, 2, 0, 0] -- checkLiveDone --> [48, 4, 5, 0, 0, 0, 0, 0])
Transition([48, 4, 42, 0, 0, 0, 0, 0] -- left --> [48, 365, 42, 0, 0, 0, 0, 0])
Transition([48, 365, 42, 0, 0, 0, 0, 0] -- 0.getPos.3.1 --> [48, 478, 42, 0, 0, 0, 0, 0])
Transition([48, 4, 6, 0, 0, 0, 0, 0] -- up --> [48, 5, 6, 0, 0, 0, 0, 0])
Transition([48, 5, 6, 0, 0, 0, 0, 0] -- 0.getPos.2.2 --> [48, 9, 6, 0, 0, 0, 0, 0])
Transition([48, 9, 6, 0, 0, 0, 0, 0] -- 0.setPos.1.2 --> [48, 0, 20, 0, 0, 0, 0, 0])
Transition([48, 0, 20, 0, 0, 0, 0, 0] -- startSafeCheck --> [48, 1, 20, 0, 1, 0, 0, 0])
Transition([48, 1, 20, 0, 1, 0, 0, 0] -- 0.getPos.1.2 --> [48, 1, 20, 0, 30, 0, 0, 0])
Transition([48, 1, 20, 0, 30, 0, 0, 0] -- 1.getPos.3.3 --> [48, 1, 20, 0, 3, 0, 0, 0])
Transition([48, 1, 20, 0, 3, 0, 0, 0] -- checkSafeOk --> [48, 2, 20, 0, 0, 0, 0, 0])
Transition([48, 2, 20, 0, 0, 0, 0, 0] -- startLiveCheck --> [48, 3, 20, 1, 0, 1, 0, 0])
Transition([48, 3, 20, 1, 0, 1, 0, 0] -- 1.getPos.3.3 --> [48, 3, 20, 2, 0, 2, 0, 0])
Transition([48, 3, 20, 2, 0, 2, 0, 0] -- checkLiveDone --> [48, 4, 20, 0, 0, 0, 0, 0])
Transition([48, 4, 42, 0, 0, 0, 0, 0] -- right --> [48, 245, 42, 0, 0, 0, 0, 0])
Transition([48, 245, 42, 0, 0, 0, 0, 0] -- 0.getPos.3.1 --> [48, 356, 42, 0, 0, 0, 0, 0])
Transition([48, 356, 42, 0, 0, 0, 0, 0] -- 0.setPos.3.2 --> [48, 0, 41, 0, 0, 0, 0, 0])
Transition([48, 4, 42, 0, 0, 0, 0, 0] -- up --> [48, 5, 42, 0, 0, 0, 0, 0])
Transition([48, 5, 42, 0, 0, 0, 0, 0] -- 0.getPos.3.1 --> [48, 116, 42, 0, 0, 0, 0, 0])
Transition([48, 116, 42, 0, 0, 0, 0, 0] -- 0.setPos.2.1 --> [48, 0, 7, 0, 0, 0, 0, 0])
Transition([25, 4, 34, 0, 0, 0, 0, 0] -- down --> [25, 125, 34, 0, 0, 0, 0, 0])
Transition([25, 125, 34, 0, 0, 0, 0, 0] -- 0.getPos.4.2 --> [25, 221, 34, 0, 0, 0, 0, 0])
Transition([25, 221, 34, 0, 0, 0, 0, 0] -- 0.setPos.5.2 --> [25, 0, 24, 0, 0, 0, 0, 0])
Transition([25, 0, 24, 0, 0, 0, 0, 0] -- startSafeCheck --> [25, 1, 24, 0, 1, 0, 0, 0])
Transition([25, 1, 24, 0, 1, 0, 0, 0] -- 0.getPos.5.2 --> [25, 1, 24, 0, 26, 0, 0, 0])
Transition([25, 1, 24, 0, 26, 0, 0, 0] -- 1.getPos.5.2 --> [25, 1, 24, 0, 4, 0, 0, 0])
Transition([25, 221, 34, 0, 0, 0, 0, 0] -- 1.getPos.5.2 --> [25, 222, 34, 0, 0, 0, 0, 0])
Transition([25, 222, 34, 0, 0, 0, 0, 0] -- 1.setPos.6.2 --> [10, 223, 34, 0, 0, 0, 0, 0])
Transition([10, 223, 34, 0, 0, 0, 0, 0] -- 0.setPos.5.2 --> [10, 0, 24, 0, 0, 0, 0, 0])
Transition([10, 0, 24, 0, 0, 0, 0, 0] -- startSafeCheck --> [10, 1, 24, 0, 1, 0, 0, 0])
Transition([10, 1, 24, 0, 1, 0, 0, 0] -- 0.getPos.5.2 --> [10, 1, 24, 0, 26, 0, 0, 0])
Transition([10, 1, 24, 0, 26, 0, 0, 0] -- 1.getPos.6.2 --> [10, 1, 24, 0, 3, 0, 0, 0])
Transition([10, 1, 24, 0, 3, 0, 0, 0] -- checkSafeOk --> [10, 2, 24, 0, 0, 0, 0, 0])
Transition([10, 2, 24, 0, 0, 0, 0, 0] -- startLiveCheck --> [10, 3, 24, 1, 0, 1, 0, 0])
Transition([10, 3, 24, 1, 0, 1, 0, 0] -- 1.getPos.6.2 --> [10, 3, 24, 2, 0, 2, 0, 0])
Transition([10, 3, 24, 2, 0, 2, 0, 0] -- checkLiveDone --> [10, 4, 24, 0, 0, 0, 0, 0])
Transition([47, 4, 48, 0, 0, 0, 0, 0] -- down --> [47, 125, 48, 0, 0, 0, 0, 0])
Transition([47, 125, 48, 0, 0, 0, 0, 0] -- 0.getPos.3.3 --> [47, 242, 48, 0, 0, 0, 0, 0])
Transition([47, 242, 48, 0, 0, 0, 0, 0] -- 0.setPos.4.3 --> [47, 0, 33, 0, 0, 0, 0, 0])
Transition([47, 0, 33, 0, 0, 0, 0, 0] -- startSafeCheck --> [47, 1, 33, 0, 1, 0, 0, 0])
Transition([47, 1, 33, 0, 1, 0, 0, 0] -- 0.getPos.4.3 --> [47, 1, 33, 0, 37, 0, 0, 0])
Transition([47, 1, 33, 0, 37, 0, 0, 0] -- 1.getPos.3.4 --> [47, 1, 33, 0, 3, 0, 0, 0])
Transition([47, 1, 33, 0, 3, 0, 0, 0] -- checkSafeOk --> [47, 2, 33, 0, 0, 0, 0, 0])
Transition([47, 2, 33, 0, 0, 0, 0, 0] -- startLiveCheck --> [47, 3, 33, 1, 0, 1, 0, 0])
Transition([47, 3, 33, 1, 0, 1, 0, 0] -- 1.getPos.3.4 --> [47, 3, 33, 2, 0, 2, 0, 0])
Transition([47, 3, 33, 2, 0, 2, 0, 0] -- checkLiveDone --> [47, 4, 33, 0, 0, 0, 0, 0])
Transition([25, 4, 34, 0, 0, 0, 0, 0] -- left --> [25, 365, 34, 0, 0, 0, 0, 0])
Transition([25, 365, 34, 0, 0, 0, 0, 0] -- 0.getPos.4.2 --> [25, 467, 34, 0, 0, 0, 0, 0])
Transition([25, 467, 34, 0, 0, 0, 0, 0] -- 0.setPos.4.1 --> [25, 0, 30, 0, 0, 0, 0, 0])
Transition([25, 0, 30, 0, 0, 0, 0, 0] -- startSafeCheck --> [25, 1, 30, 0, 1, 0, 0, 0])
Transition([25, 1, 30, 0, 1, 0, 0, 0] -- 0.getPos.4.1 --> [25, 1, 30, 0, 36, 0, 0, 0])
Transition([25, 1, 30, 0, 36, 0, 0, 0] -- 1.getPos.5.2 --> [25, 1, 30, 0, 3, 0, 0, 0])
Transition([25, 1, 30, 0, 3, 0, 0, 0] -- checkSafeOk --> [25, 2, 30, 0, 0, 0, 0, 0])
Transition([25, 2, 30, 0, 0, 0, 0, 0] -- startLiveCheck --> [25, 3, 30, 1, 0, 1, 0, 0])
Transition([25, 3, 30, 1, 0, 1, 0, 0] -- 1.getPos.5.2 --> [25, 3, 30, 2, 0, 2, 0, 0])
Transition([25, 3, 30, 2, 0, 2, 0, 0] -- checkLiveDone --> [25, 4, 30, 0, 0, 0, 0, 0])
Transition([47, 4, 48, 0, 0, 0, 0, 0] -- left --> [47, 365, 48, 0, 0, 0, 0, 0])
Transition([47, 365, 48, 0, 0, 0, 0, 0] -- 0.getPos.3.3 --> [47, 482, 48, 0, 0, 0, 0, 0])
Transition([47, 482, 48, 0, 0, 0, 0, 0] -- 0.setPos.3.2 --> [47, 0, 41, 0, 0, 0, 0, 0])
Transition([47, 0, 41, 0, 0, 0, 0, 0] -- startSafeCheck --> [47, 1, 41, 0, 1, 0, 0, 0])
Transition([47, 1, 41, 0, 1, 0, 0, 0] -- 0.getPos.3.2 --> [47, 1, 41, 0, 49, 0, 0, 0])
Transition([47, 1, 41, 0, 49, 0, 0, 0] -- 1.getPos.3.4 --> [47, 1, 41, 0, 3, 0, 0, 0])
Transition([47, 1, 41, 0, 3, 0, 0, 0] -- checkSafeOk --> [47, 2, 41, 0, 0, 0, 0, 0])
Transition([47, 2, 41, 0, 0, 0, 0, 0] -- startLiveCheck --> [47, 3, 41, 1, 0, 1, 0, 0])
Transition([47, 3, 41, 1, 0, 1, 0, 0] -- 1.getPos.3.4 --> [47, 3, 41, 2, 0, 2, 0, 0])
Transition([47, 3, 41, 2, 0, 2, 0, 0] -- checkLiveDone --> [47, 4, 41, 0, 0, 0, 0, 0])
Transition([25, 4, 34, 0, 0, 0, 0, 0] -- right --> [25, 245, 34, 0, 0, 0, 0, 0])
Transition([25, 245, 34, 0, 0, 0, 0, 0] -- 0.getPos.4.2 --> [25, 345, 34, 0, 0, 0, 0, 0])
Transition([25, 345, 34, 0, 0, 0, 0, 0] -- 0.setPos.4.3 --> [25, 0, 33, 0, 0, 0, 0, 0])
Transition([25, 0, 33, 0, 0, 0, 0, 0] -- startSafeCheck --> [25, 1, 33, 0, 1, 0, 0, 0])
Transition([25, 1, 33, 0, 1, 0, 0, 0] -- 0.getPos.4.3 --> [25, 1, 33, 0, 37, 0, 0, 0])
Transition([25, 1, 33, 0, 37, 0, 0, 0] -- 1.getPos.5.2 --> [25, 1, 33, 0, 3, 0, 0, 0])
Transition([25, 1, 33, 0, 3, 0, 0, 0] -- checkSafeOk --> [25, 2, 33, 0, 0, 0, 0, 0])
Transition([25, 2, 33, 0, 0, 0, 0, 0] -- startLiveCheck --> [25, 3, 33, 1, 0, 1, 0, 0])
Transition([25, 3, 33, 1, 0, 1, 0, 0] -- 1.getPos.5.2 --> [25, 3, 33, 2, 0, 2, 0, 0])
Transition([25, 3, 33, 2, 0, 2, 0, 0] -- checkLiveDone --> [25, 4, 33, 0, 0, 0, 0, 0])
Transition([47, 4, 48, 0, 0, 0, 0, 0] -- right --> [47, 245, 48, 0, 0, 0, 0, 0])
Transition([47, 245, 48, 0, 0, 0, 0, 0] -- 0.getPos.3.3 --> [47, 362, 48, 0, 0, 0, 0, 0])
Transition([47, 362, 48, 0, 0, 0, 0, 0] -- 0.setPos.3.4 --> [47, 0, 47, 0, 0, 0, 0, 0])
Transition([47, 0, 47, 0, 0, 0, 0, 0] -- startSafeCheck --> [47, 1, 47, 0, 1, 0, 0, 0])
Transition([47, 1, 47, 0, 1, 0, 0, 0] -- 0.getPos.3.4 --> [47, 1, 47, 0, 51, 0, 0, 0])
Transition([47, 1, 47, 0, 51, 0, 0, 0] -- 1.getPos.3.4 --> [47, 1, 47, 0, 4, 0, 0, 0])
Transition([47, 362, 48, 0, 0, 0, 0, 0] -- 1.getPos.3.4 --> [47, 363, 48, 0, 0, 0, 0, 0])
Transition([47, 363, 48, 0, 0, 0, 0, 0] -- 1.setPos.3.5 --> [46, 364, 48, 0, 0, 0, 0, 0])
Transition([46, 364, 48, 0, 0, 0, 0, 0] -- 0.setPos.3.4 --> [46, 0, 47, 0, 0, 0, 0, 0])
Transition([46, 0, 47, 0, 0, 0, 0, 0] -- startSafeCheck --> [46, 1, 47, 0, 1, 0, 0, 0])
Transition([46, 1, 47, 0, 1, 0, 0, 0] -- 0.getPos.3.4 --> [46, 1, 47, 0, 51, 0, 0, 0])
Transition([46, 1, 47, 0, 51, 0, 0, 0] -- 1.getPos.3.5 --> [46, 1, 47, 0, 3, 0, 0, 0])
Transition([46, 1, 47, 0, 3, 0, 0, 0] -- checkSafeOk --> [46, 2, 47, 0, 0, 0, 0, 0])
Transition([46, 2, 47, 0, 0, 0, 0, 0] -- startLiveCheck --> [46, 3, 47, 1, 0, 1, 0, 0])
Transition([46, 3, 47, 1, 0, 1, 0, 0] -- 1.getPos.3.5 --> [46, 3, 47, 2, 0, 2, 0, 0])
Transition([46, 3, 47, 2, 0, 2, 0, 0] -- checkLiveDone --> [46, 4, 47, 0, 0, 0, 0, 0])
Transition([25, 4, 34, 0, 0, 0, 0, 0] -- up --> [25, 5, 34, 0, 0, 0, 0, 0])
Transition([25, 5, 34, 0, 0, 0, 0, 0] -- 0.getPos.4.2 --> [25, 101, 34, 0, 0, 0, 0, 0])
Transition([25, 101, 34, 0, 0, 0, 0, 0] -- 0.setPos.3.2 --> [25, 0, 41, 0, 0, 0, 0, 0])
Transition([25, 0, 41, 0, 0, 0, 0, 0] -- startSafeCheck --> [25, 1, 41, 0, 1, 0, 0, 0])
Transition([25, 1, 41, 0, 1, 0, 0, 0] -- 0.getPos.3.2 --> [25, 1, 41, 0, 49, 0, 0, 0])
Transition([25, 1, 41, 0, 49, 0, 0, 0] -- 1.getPos.5.2 --> [25, 1, 41, 0, 3, 0, 0, 0])
Transition([25, 1, 41, 0, 3, 0, 0, 0] -- checkSafeOk --> [25, 2, 41, 0, 0, 0, 0, 0])
Transition([25, 2, 41, 0, 0, 0, 0, 0] -- startLiveCheck --> [25, 3, 41, 1, 0, 1, 0, 0])
Transition([25, 3, 41, 1, 0, 1, 0, 0] -- 1.getPos.5.2 --> [25, 3, 41, 2, 0, 2, 0, 0])
Transition([25, 3, 41, 2, 0, 2, 0, 0] -- checkLiveDone --> [25, 4, 41, 0, 0, 0, 0, 0])
Transition([47, 4, 48, 0, 0, 0, 0, 0] -- up --> [47, 5, 48, 0, 0, 0, 0, 0])
Transition([47, 5, 48, 0, 0, 0, 0, 0] -- 0.getPos.3.3 --> [47, 122, 48, 0, 0, 0, 0, 0])
Transition([47, 122, 48, 0, 0, 0, 0, 0] -- 0.setPos.2.3 --> [47, 0, 5, 0, 0, 0, 0, 0])
Transition([47, 0, 5, 0, 0, 0, 0, 0] -- startSafeCheck --> [47, 1, 5, 0, 1, 0, 0, 0])
Transition([47, 1, 5, 0, 1, 0, 0, 0] -- 0.getPos.2.3 --> [47, 1, 5, 0, 12, 0, 0, 0])
Transition([47, 1, 5, 0, 12, 0, 0, 0] -- 1.getPos.3.4 --> [47, 1, 5, 0, 3, 0, 0, 0])
Transition([47, 1, 5, 0, 3, 0, 0, 0] -- checkSafeOk --> [47, 2, 5, 0, 0, 0, 0, 0])
Transition([47, 2, 5, 0, 0, 0, 0, 0] -- startLiveCheck --> [47, 3, 5, 1, 0, 1, 0, 0])
Transition([47, 3, 5, 1, 0, 1, 0, 0] -- 1.getPos.3.4 --> [47, 3, 5, 2, 0, 2, 0, 0])
Transition([47, 3, 5, 2, 0, 2, 0, 0] -- checkLiveDone --> [47, 4, 5, 0, 0, 0, 0, 0])
Transition([0, 4, 13, 0, 0, 0, 0, 0] -- down --> [0, 125, 13, 0, 0, 0, 0, 0])
Transition([0, 125, 13, 0, 0, 0, 0, 0] -- 0.getPos.2.5 --> [0, 138, 13, 0, 0, 0, 0, 0])
Transition([0, 138, 13, 0, 0, 0, 0, 0] -- 0.setPos.3.5 --> [0, 0, 46, 0, 0, 0, 0, 0])
Transition([0, 0, 46, 0, 0, 0, 0, 0] -- startSafeCheck --> [0, 1, 46, 0, 1, 0, 0, 0])
Transition([0, 1, 46, 0, 1, 0, 0, 0] -- 0.getPos.3.5 --> [0, 1, 46, 0, 45, 0, 0, 0])
Transition([0, 1, 46, 0, 45, 0, 0, 0] -- 1.getPos.3.2 --> [0, 1, 46, 0, 3, 0, 0, 0])
Transition([0, 1, 46, 0, 3, 0, 0, 0] -- checkSafeOk --> [0, 2, 46, 0, 0, 0, 0, 0])
Transition([0, 2, 46, 0, 0, 0, 0, 0] -- startLiveCheck --> [0, 3, 46, 1, 0, 1, 0, 0])
Transition([0, 3, 46, 1, 0, 1, 0, 0] -- 1.getPos.3.2 --> [0, 3, 46, 2, 0, 2, 0, 0])
Transition([0, 3, 46, 2, 0, 2, 0, 0] -- checkLiveDone --> [0, 4, 46, 0, 0, 0, 0, 0])
Transition([0, 4, 13, 0, 0, 0, 0, 0] -- left --> [0, 365, 13, 0, 0, 0, 0, 0])
Transition([0, 365, 13, 0, 0, 0, 0, 0] -- 0.getPos.2.5 --> [0, 376, 13, 0, 0, 0, 0, 0])
Transition([0, 376, 13, 0, 0, 0, 0, 0] -- 0.setPos.2.4 --> [0, 0, 14, 0, 0, 0, 0, 0])
Transition([0, 4, 25, 0, 0, 0, 0, 0] -- down --> [0, 125, 25, 0, 0, 0, 0, 0])
Transition([0, 125, 25, 0, 0, 0, 0, 0] -- 0.getPos.1.6 --> [0, 156, 25, 0, 0, 0, 0, 0])
Transition([0, 156, 25, 0, 0, 0, 0, 0] -- 0.setPos.2.6 --> [0, 0, 11, 0, 0, 0, 0, 0])
Transition([0, 0, 11, 0, 0, 0, 0, 0] -- startSafeCheck --> [0, 1, 11, 0, 1, 0, 0, 0])
Transition([0, 1, 11, 0, 1, 0, 0, 0] -- 0.getPos.2.6 --> [0, 1, 11, 0, 9, 0, 0, 0])
Transition([0, 1, 11, 0, 9, 0, 0, 0] -- 1.getPos.3.2 --> [0, 1, 11, 0, 3, 0, 0, 0])
Transition([0, 1, 11, 0, 3, 0, 0, 0] -- checkSafeOk --> [0, 2, 11, 0, 0, 0, 0, 0])
Transition([0, 2, 11, 0, 0, 0, 0, 0] -- startLiveCheck --> [0, 3, 11, 1, 0, 1, 0, 0])
Transition([0, 3, 11, 1, 0, 1, 0, 0] -- 1.getPos.3.2 --> [0, 3, 11, 2, 0, 2, 0, 0])
Transition([0, 3, 11, 2, 0, 2, 0, 0] -- checkLiveDone --> [0, 4, 11, 0, 0, 0, 0, 0])
Transition([0, 4, 25, 0, 0, 0, 0, 0] -- left --> [0, 365, 25, 0, 0, 0, 0, 0])
Transition([0, 365, 25, 0, 0, 0, 0, 0] -- 0.getPos.1.6 --> [0, 392, 25, 0, 0, 0, 0, 0])
Transition([0, 392, 25, 0, 0, 0, 0, 0] -- 0.setPos.1.5 --> [0, 0, 27, 0, 0, 0, 0, 0])
Transition([0, 4, 47, 0, 0, 0, 0, 0] -- down --> [0, 125, 47, 0, 0, 0, 0, 0])
Transition([0, 125, 47, 0, 0, 0, 0, 0] -- 0.getPos.3.4 --> [0, 239, 47, 0, 0, 0, 0, 0])
Transition([0, 239, 47, 0, 0, 0, 0, 0] -- 0.setPos.4.4 --> [0, 0, 32, 0, 0, 0, 0, 0])
Transition([0, 0, 32, 0, 0, 0, 0, 0] -- startSafeCheck --> [0, 1, 32, 0, 1, 0, 0, 0])
Transition([0, 1, 32, 0, 1, 0, 0, 0] -- 0.getPos.4.4 --> [0, 1, 32, 0, 33, 0, 0, 0])
Transition([0, 1, 32, 0, 33, 0, 0, 0] -- 1.getPos.3.2 --> [0, 1, 32, 0, 3, 0, 0, 0])
Transition([0, 1, 32, 0, 3, 0, 0, 0] -- checkSafeOk --> [0, 2, 32, 0, 0, 0, 0, 0])
Transition([0, 2, 32, 0, 0, 0, 0, 0] -- startLiveCheck --> [0, 3, 32, 1, 0, 1, 0, 0])
Transition([0, 3, 32, 1, 0, 1, 0, 0] -- 1.getPos.3.2 --> [0, 3, 32, 2, 0, 2, 0, 0])
Transition([0, 3, 32, 2, 0, 2, 0, 0] -- checkLiveDone --> [0, 4, 32, 0, 0, 0, 0, 0])
Transition([0, 4, 47, 0, 0, 0, 0, 0] -- left --> [0, 365, 47, 0, 0, 0, 0, 0])
Transition([0, 365, 47, 0, 0, 0, 0, 0] -- 0.getPos.3.4 --> [0, 479, 47, 0, 0, 0, 0, 0])
Transition([0, 479, 47, 0, 0, 0, 0, 0] -- 0.setPos.3.3 --> [0, 0, 48, 0, 0, 0, 0, 0])
Transition([0, 4, 47, 0, 0, 0, 0, 0] -- right --> [0, 245, 47, 0, 0, 0, 0, 0])
Transition([0, 245, 47, 0, 0, 0, 0, 0] -- 0.getPos.3.4 --> [0, 359, 47, 0, 0, 0, 0, 0])
Transition([0, 359, 47, 0, 0, 0, 0, 0] -- 0.setPos.3.5 --> [0, 0, 46, 0, 0, 0, 0, 0])
Transition([0, 4, 47, 0, 0, 0, 0, 0] -- up --> [0, 5, 47, 0, 0, 0, 0, 0])
Transition([0, 5, 47, 0, 0, 0, 0, 0] -- 0.getPos.3.4 --> [0, 119, 47, 0, 0, 0, 0, 0])
Transition([0, 119, 47, 0, 0, 0, 0, 0] -- 0.setPos.2.4 --> [0, 0, 14, 0, 0, 0, 0, 0])
Transition([0, 4, 33, 0, 0, 0, 0, 0] -- down --> [0, 125, 33, 0, 0, 0, 0, 0])
Transition([0, 125, 33, 0, 0, 0, 0, 0] -- 0.getPos.4.3 --> [0, 218, 33, 0, 0, 0, 0, 0])
Transition([0, 218, 33, 0, 0, 0, 0, 0] -- 0.setPos.5.3 --> [0, 0, 22, 0, 0, 0, 0, 0])
Transition([0, 0, 22, 0, 0, 0, 0, 0] -- startSafeCheck --> [0, 1, 22, 0, 1, 0, 0, 0])
Transition([0, 1, 22, 0, 1, 0, 0, 0] -- 0.getPos.5.3 --> [0, 1, 22, 0, 20, 0, 0, 0])
Transition([0, 1, 22, 0, 20, 0, 0, 0] -- 1.getPos.3.2 --> [0, 1, 22, 0, 3, 0, 0, 0])
Transition([0, 1, 22, 0, 3, 0, 0, 0] -- checkSafeOk --> [0, 2, 22, 0, 0, 0, 0, 0])
Transition([0, 2, 22, 0, 0, 0, 0, 0] -- startLiveCheck --> [0, 3, 22, 1, 0, 1, 0, 0])
Transition([0, 3, 22, 1, 0, 1, 0, 0] -- 1.getPos.3.2 --> [0, 3, 22, 2, 0, 2, 0, 0])
Transition([0, 3, 22, 2, 0, 2, 0, 0] -- checkLiveDone --> [0, 4, 22, 0, 0, 0, 0, 0])
Transition([0, 4, 33, 0, 0, 0, 0, 0] -- left --> [0, 365, 33, 0, 0, 0, 0, 0])
Transition([0, 365, 33, 0, 0, 0, 0, 0] -- 0.getPos.4.3 --> [0, 464, 33, 0, 0, 0, 0, 0])
Transition([0, 464, 33, 0, 0, 0, 0, 0] -- 0.setPos.4.2 --> [0, 0, 34, 0, 0, 0, 0, 0])
Transition([0, 4, 33, 0, 0, 0, 0, 0] -- right --> [0, 245, 33, 0, 0, 0, 0, 0])
Transition([0, 245, 33, 0, 0, 0, 0, 0] -- 0.getPos.4.3 --> [0, 342, 33, 0, 0, 0, 0, 0])
Transition([0, 342, 33, 0, 0, 0, 0, 0] -- 0.setPos.4.4 --> [0, 0, 32, 0, 0, 0, 0, 0])
Transition([0, 4, 33, 0, 0, 0, 0, 0] -- up --> [0, 5, 33, 0, 0, 0, 0, 0])
Transition([0, 5, 33, 0, 0, 0, 0, 0] -- 0.getPos.4.3 --> [0, 98, 33, 0, 0, 0, 0, 0])
Transition([0, 98, 33, 0, 0, 0, 0, 0] -- 0.setPos.3.3 --> [0, 0, 48, 0, 0, 0, 0, 0])
Transition([0, 4, 13, 0, 0, 0, 0, 0] -- right --> [0, 245, 13, 0, 0, 0, 0, 0])
Transition([0, 245, 13, 0, 0, 0, 0, 0] -- 0.getPos.2.5 --> [0, 254, 13, 0, 0, 0, 0, 0])
Transition([0, 254, 13, 0, 0, 0, 0, 0] -- 0.setPos.2.6 --> [0, 0, 11, 0, 0, 0, 0, 0])
Transition([0, 4, 12, 0, 0, 0, 0, 0] -- down --> [0, 125, 12, 0, 0, 0, 0, 0])
Transition([0, 125, 12, 0, 0, 0, 0, 0] -- 0.getPos.6.1 --> [0, 181, 12, 0, 0, 0, 0, 0])
Transition([0, 181, 12, 0, 0, 0, 0, 0] -- 0.setPos.7.1 --> [0, 0, 45, 0, 0, 0, 0, 0])
Transition([0, 0, 45, 0, 0, 0, 0, 0] -- startSafeCheck --> [0, 1, 45, 0, 1, 0, 0, 0])
Transition([0, 1, 45, 0, 1, 0, 0, 0] -- 0.getPos.7.1 --> [0, 1, 45, 0, 44, 0, 0, 0])
Transition([0, 1, 45, 0, 44, 0, 0, 0] -- 1.getPos.3.2 --> [0, 1, 45, 0, 3, 0, 0, 0])
Transition([0, 1, 45, 0, 3, 0, 0, 0] -- checkSafeOk --> [0, 2, 45, 0, 0, 0, 0, 0])
Transition([0, 2, 45, 0, 0, 0, 0, 0] -- startLiveCheck --> [0, 3, 45, 1, 0, 1, 0, 0])
Transition([0, 3, 45, 1, 0, 1, 0, 0] -- 1.getPos.3.2 --> [0, 3, 45, 2, 0, 2, 0, 0])
Transition([0, 3, 45, 2, 0, 2, 0, 0] -- checkLiveDone --> [0, 4, 45, 0, 0, 0, 0, 0])
Transition([0, 4, 12, 0, 0, 0, 0, 0] -- left --> [0, 365, 12, 0, 0, 0, 0, 0])
Transition([0, 365, 12, 0, 0, 0, 0, 0] -- 0.getPos.6.1 --> [0, 433, 12, 0, 0, 0, 0, 0])
Transition([0, 4, 12, 0, 0, 0, 0, 0] -- right --> [0, 245, 12, 0, 0, 0, 0, 0])
Transition([0, 245, 12, 0, 0, 0, 0, 0] -- 0.getPos.6.1 --> [0, 311, 12, 0, 0, 0, 0, 0])
Transition([0, 311, 12, 0, 0, 0, 0, 0] -- 0.setPos.6.2 --> [0, 0, 10, 0, 0, 0, 0, 0])
Transition([0, 0, 10, 0, 0, 0, 0, 0] -- startSafeCheck --> [0, 1, 10, 0, 1, 0, 0, 0])
Transition([0, 1, 10, 0, 1, 0, 0, 0] -- 0.getPos.6.2 --> [0, 1, 10, 0, 8, 0, 0, 0])
Transition([0, 1, 10, 0, 8, 0, 0, 0] -- 1.getPos.3.2 --> [0, 1, 10, 0, 3, 0, 0, 0])
Transition([0, 1, 10, 0, 3, 0, 0, 0] -- checkSafeOk --> [0, 2, 10, 0, 0, 0, 0, 0])
Transition([0, 2, 10, 0, 0, 0, 0, 0] -- startLiveCheck --> [0, 3, 10, 1, 0, 1, 0, 0])
Transition([0, 3, 10, 1, 0, 1, 0, 0] -- 1.getPos.3.2 --> [0, 3, 10, 2, 0, 2, 0, 0])
Transition([0, 3, 10, 2, 0, 2, 0, 0] -- checkLiveDone --> [0, 4, 10, 0, 0, 0, 0, 0])
Transition([0, 4, 12, 0, 0, 0, 0, 0] -- up --> [0, 5, 12, 0, 0, 0, 0, 0])
Transition([0, 5, 12, 0, 0, 0, 0, 0] -- 0.getPos.6.1 --> [0, 59, 12, 0, 0, 0, 0, 0])
Transition([0, 59, 12, 0, 0, 0, 0, 0] -- 0.setPos.5.1 --> [0, 0, 26, 0, 0, 0, 0, 0])
Transition([0, 4, 13, 0, 0, 0, 0, 0] -- up --> [0, 5, 13, 0, 0, 0, 0, 0])
Transition([0, 5, 13, 0, 0, 0, 0, 0] -- 0.getPos.2.5 --> [0, 10, 13, 0, 0, 0, 0, 0])
Transition([0, 10, 13, 0, 0, 0, 0, 0] -- 0.setPos.1.5 --> [0, 0, 27, 0, 0, 0, 0, 0])
Transition([0, 4, 25, 0, 0, 0, 0, 0] -- right --> [0, 245, 25, 0, 0, 0, 0, 0])
Transition([0, 245, 25, 0, 0, 0, 0, 0] -- 0.getPos.1.6 --> [0, 270, 25, 0, 0, 0, 0, 0])
Transition([0, 270, 25, 0, 0, 0, 0, 0] -- 0.setPos.1.7 --> [0, 0, 23, 0, 0, 0, 0, 0])
Transition([0, 0, 23, 0, 0, 0, 0, 0] -- startSafeCheck --> [0, 1, 23, 0, 1, 0, 0, 0])
Transition([0, 1, 23, 0, 1, 0, 0, 0] -- 0.getPos.1.7 --> [0, 1, 23, 0, 21, 0, 0, 0])
Transition([0, 1, 23, 0, 21, 0, 0, 0] -- 1.getPos.3.2 --> [0, 1, 23, 0, 3, 0, 0, 0])
Transition([0, 1, 23, 0, 3, 0, 0, 0] -- checkSafeOk --> [0, 2, 23, 0, 0, 0, 0, 0])
Transition([0, 2, 23, 0, 0, 0, 0, 0] -- startLiveCheck --> [0, 3, 23, 1, 0, 1, 0, 0])
Transition([0, 3, 23, 1, 0, 1, 0, 0] -- 1.getPos.3.2 --> [0, 3, 23, 2, 0, 2, 0, 0])
Transition([0, 3, 23, 2, 0, 2, 0, 0] -- checkLiveDone --> [0, 4, 23, 0, 0, 0, 0, 0])
Transition([0, 4, 24, 0, 0, 0, 0, 0] -- down --> [0, 125, 24, 0, 0, 0, 0, 0])
Transition([0, 125, 24, 0, 0, 0, 0, 0] -- 0.getPos.5.2 --> [0, 197, 24, 0, 0, 0, 0, 0])
Transition([0, 197, 24, 0, 0, 0, 0, 0] -- 0.setPos.6.2 --> [0, 0, 10, 0, 0, 0, 0, 0])
Transition([0, 4, 24, 0, 0, 0, 0, 0] -- left --> [0, 365, 24, 0, 0, 0, 0, 0])
Transition([0, 365, 24, 0, 0, 0, 0, 0] -- 0.getPos.5.2 --> [0, 449, 24, 0, 0, 0, 0, 0])
Transition([0, 449, 24, 0, 0, 0, 0, 0] -- 0.setPos.5.1 --> [0, 0, 26, 0, 0, 0, 0, 0])
Transition([0, 4, 24, 0, 0, 0, 0, 0] -- right --> [0, 245, 24, 0, 0, 0, 0, 0])
Transition([0, 245, 24, 0, 0, 0, 0, 0] -- 0.getPos.5.2 --> [0, 325, 24, 0, 0, 0, 0, 0])
Transition([0, 325, 24, 0, 0, 0, 0, 0] -- 0.setPos.5.3 --> [0, 0, 22, 0, 0, 0, 0, 0])
Transition([0, 4, 24, 0, 0, 0, 0, 0] -- up --> [0, 5, 24, 0, 0, 0, 0, 0])
Transition([0, 5, 24, 0, 0, 0, 0, 0] -- 0.getPos.5.2 --> [0, 77, 24, 0, 0, 0, 0, 0])
Transition([0, 77, 24, 0, 0, 0, 0, 0] -- 0.setPos.4.2 --> [0, 0, 34, 0, 0, 0, 0, 0])
Transition([0, 4, 25, 0, 0, 0, 0, 0] -- up --> [0, 5, 25, 0, 0, 0, 0, 0])
Transition([0, 5, 25, 0, 0, 0, 0, 0] -- 0.getPos.1.6 --> [0, 16, 25, 0, 0, 0, 0, 0])
Transition([35, 4, 33, 0, 0, 0, 0, 0] -- down --> [35, 125, 33, 0, 0, 0, 0, 0])
Transition([35, 125, 33, 0, 0, 0, 0, 0] -- 0.getPos.4.3 --> [35, 218, 33, 0, 0, 0, 0, 0])
Transition([35, 218, 33, 0, 0, 0, 0, 0] -- 0.setPos.5.3 --> [35, 0, 22, 0, 0, 0, 0, 0])
Transition([35, 0, 22, 0, 0, 0, 0, 0] -- startSafeCheck --> [35, 1, 22, 0, 1, 0, 0, 0])
Transition([35, 1, 22, 0, 1, 0, 0, 0] -- 0.getPos.5.3 --> [35, 1, 22, 0, 20, 0, 0, 0])
Transition([35, 1, 22, 0, 20, 0, 0, 0] -- 1.getPos.4.2 --> [35, 1, 22, 0, 3, 0, 0, 0])
Transition([35, 1, 22, 0, 3, 0, 0, 0] -- checkSafeOk --> [35, 2, 22, 0, 0, 0, 0, 0])
Transition([35, 2, 22, 0, 0, 0, 0, 0] -- startLiveCheck --> [35, 3, 22, 1, 0, 1, 0, 0])
Transition([35, 3, 22, 1, 0, 1, 0, 0] -- 1.getPos.4.2 --> [35, 3, 22, 2, 0, 2, 0, 0])
Transition([35, 3, 22, 2, 0, 2, 0, 0] -- checkLiveDone --> [35, 4, 22, 0, 0, 0, 0, 0])
Transition([35, 4, 33, 0, 0, 0, 0, 0] -- left --> [35, 365, 33, 0, 0, 0, 0, 0])
Transition([35, 365, 33, 0, 0, 0, 0, 0] -- 0.getPos.4.3 --> [35, 464, 33, 0, 0, 0, 0, 0])
Transition([35, 464, 33, 0, 0, 0, 0, 0] -- 0.setPos.4.2 --> [35, 0, 34, 0, 0, 0, 0, 0])
Transition([35, 464, 33, 0, 0, 0, 0, 0] -- 1.getPos.4.2 --> [35, 465, 33, 0, 0, 0, 0, 0])
Transition([35, 465, 33, 0, 0, 0, 0, 0] -- 1.setPos.4.1 --> [31, 466, 33, 0, 0, 0, 0, 0])
Transition([31, 466, 33, 0, 0, 0, 0, 0] -- 0.setPos.4.2 --> [31, 0, 34, 0, 0, 0, 0, 0])
Transition([31, 0, 34, 0, 0, 0, 0, 0] -- startSafeCheck --> [31, 1, 34, 0, 1, 0, 0, 0])
Transition([31, 1, 34, 0, 1, 0, 0, 0] -- 0.getPos.4.2 --> [31, 1, 34, 0, 38, 0, 0, 0])
Transition([31, 1, 34, 0, 38, 0, 0, 0] -- 1.getPos.4.1 --> [31, 1, 34, 0, 3, 0, 0, 0])
Transition([31, 1, 34, 0, 3, 0, 0, 0] -- checkSafeOk --> [31, 2, 34, 0, 0, 0, 0, 0])
Transition([31, 2, 34, 0, 0, 0, 0, 0] -- startLiveCheck --> [31, 3, 34, 1, 0, 1, 0, 0])
Transition([31, 3, 34, 1, 0, 1, 0, 0] -- 1.getPos.4.1 --> [31, 3, 34, 2, 0, 2, 0, 0])
Transition([31, 3, 34, 2, 0, 2, 0, 0] -- checkLiveDone --> [31, 4, 34, 0, 0, 0, 0, 0])
Transition([6, 4, 41, 0, 0, 0, 0, 0] -- down --> [6, 125, 41, 0, 0, 0, 0, 0])
Transition([6, 125, 41, 0, 0, 0, 0, 0] -- 0.getPos.3.2 --> [6, 233, 41, 0, 0, 0, 0, 0])
Transition([6, 233, 41, 0, 0, 0, 0, 0] -- 0.setPos.4.2 --> [6, 0, 34, 0, 0, 0, 0, 0])
Transition([6, 0, 34, 0, 0, 0, 0, 0] -- startSafeCheck --> [6, 1, 34, 0, 1, 0, 0, 0])
Transition([6, 1, 34, 0, 1, 0, 0, 0] -- 0.getPos.4.2 --> [6, 1, 34, 0, 38, 0, 0, 0])
Transition([6, 1, 34, 0, 38, 0, 0, 0] -- 1.getPos.2.2 --> [6, 1, 34, 0, 3, 0, 0, 0])
Transition([6, 1, 34, 0, 3, 0, 0, 0] -- checkSafeOk --> [6, 2, 34, 0, 0, 0, 0, 0])
Transition([6, 2, 34, 0, 0, 0, 0, 0] -- startLiveCheck --> [6, 3, 34, 1, 0, 1, 0, 0])
Transition([6, 3, 34, 1, 0, 1, 0, 0] -- 1.getPos.2.2 --> [6, 3, 34, 2, 0, 2, 0, 0])
Transition([6, 3, 34, 2, 0, 2, 0, 0] -- checkLiveDone --> [6, 4, 34, 0, 0, 0, 0, 0])
Transition([35, 4, 47, 0, 0, 0, 0, 0] -- down --> [35, 125, 47, 0, 0, 0, 0, 0])
Transition([35, 125, 47, 0, 0, 0, 0, 0] -- 0.getPos.3.4 --> [35, 239, 47, 0, 0, 0, 0, 0])
Transition([35, 239, 47, 0, 0, 0, 0, 0] -- 0.setPos.4.4 --> [35, 0, 32, 0, 0, 0, 0, 0])
Transition([35, 0, 32, 0, 0, 0, 0, 0] -- startSafeCheck --> [35, 1, 32, 0, 1, 0, 0, 0])
Transition([35, 1, 32, 0, 1, 0, 0, 0] -- 0.getPos.4.4 --> [35, 1, 32, 0, 33, 0, 0, 0])
Transition([35, 1, 32, 0, 33, 0, 0, 0] -- 1.getPos.4.2 --> [35, 1, 32, 0, 3, 0, 0, 0])
Transition([35, 1, 32, 0, 3, 0, 0, 0] -- checkSafeOk --> [35, 2, 32, 0, 0, 0, 0, 0])
Transition([35, 2, 32, 0, 0, 0, 0, 0] -- startLiveCheck --> [35, 3, 32, 1, 0, 1, 0, 0])
Transition([35, 3, 32, 1, 0, 1, 0, 0] -- 1.getPos.4.2 --> [35, 3, 32, 2, 0, 2, 0, 0])
Transition([35, 3, 32, 2, 0, 2, 0, 0] -- checkLiveDone --> [35, 4, 32, 0, 0, 0, 0, 0])
Transition([35, 4, 30, 0, 0, 0, 0, 0] -- down --> [35, 125, 30, 0, 0, 0, 0, 0])
Transition([35, 125, 30, 0, 0, 0, 0, 0] -- 0.getPos.4.1 --> [35, 215, 30, 0, 0, 0, 0, 0])
Transition([35, 215, 30, 0, 0, 0, 0, 0] -- 0.setPos.5.1 --> [35, 0, 26, 0, 0, 0, 0, 0])
Transition([35, 0, 26, 0, 0, 0, 0, 0] -- startSafeCheck --> [35, 1, 26, 0, 1, 0, 0, 0])
Transition([35, 1, 26, 0, 1, 0, 0, 0] -- 0.getPos.5.1 --> [35, 1, 26, 0, 28, 0, 0, 0])
Transition([35, 1, 26, 0, 28, 0, 0, 0] -- 1.getPos.4.2 --> [35, 1, 26, 0, 3, 0, 0, 0])
Transition([35, 1, 26, 0, 3, 0, 0, 0] -- checkSafeOk --> [35, 2, 26, 0, 0, 0, 0, 0])
Transition([35, 2, 26, 0, 0, 0, 0, 0] -- startLiveCheck --> [35, 3, 26, 1, 0, 1, 0, 0])
Transition([35, 3, 26, 1, 0, 1, 0, 0] -- 1.getPos.4.2 --> [35, 3, 26, 2, 0, 2, 0, 0])
Transition([35, 3, 26, 2, 0, 2, 0, 0] -- checkLiveDone --> [35, 4, 26, 0, 0, 0, 0, 0])
Transition([6, 4, 41, 0, 0, 0, 0, 0] -- left --> [6, 365, 41, 0, 0, 0, 0, 0])
Transition([6, 365, 41, 0, 0, 0, 0, 0] -- 0.getPos.3.2 --> [6, 477, 41, 0, 0, 0, 0, 0])
Transition([6, 477, 41, 0, 0, 0, 0, 0] -- 0.setPos.3.1 --> [6, 0, 42, 0, 0, 0, 0, 0])
Transition([6, 0, 42, 0, 0, 0, 0, 0] -- startSafeCheck --> [6, 1, 42, 0, 1, 0, 0, 0])
Transition([6, 1, 42, 0, 1, 0, 0, 0] -- 0.getPos.3.1 --> [6, 1, 42, 0, 50, 0, 0, 0])
Transition([6, 1, 42, 0, 50, 0, 0, 0] -- 1.getPos.2.2 --> [6, 1, 42, 0, 3, 0, 0, 0])
Transition([6, 1, 42, 0, 3, 0, 0, 0] -- checkSafeOk --> [6, 2, 42, 0, 0, 0, 0, 0])
Transition([6, 2, 42, 0, 0, 0, 0, 0] -- startLiveCheck --> [6, 3, 42, 1, 0, 1, 0, 0])
Transition([6, 3, 42, 1, 0, 1, 0, 0] -- 1.getPos.2.2 --> [6, 3, 42, 2, 0, 2, 0, 0])
Transition([6, 3, 42, 2, 0, 2, 0, 0] -- checkLiveDone --> [6, 4, 42, 0, 0, 0, 0, 0])
Transition([35, 4, 47, 0, 0, 0, 0, 0] -- left --> [35, 365, 47, 0, 0, 0, 0, 0])
Transition([35, 365, 47, 0, 0, 0, 0, 0] -- 0.getPos.3.4 --> [35, 479, 47, 0, 0, 0, 0, 0])
Transition([35, 479, 47, 0, 0, 0, 0, 0] -- 0.setPos.3.3 --> [35, 0, 48, 0, 0, 0, 0, 0])
Transition([35, 4, 30, 0, 0, 0, 0, 0] -- left --> [35, 365, 30, 0, 0, 0, 0, 0])
Transition([35, 365, 30, 0, 0, 0, 0, 0] -- 0.getPos.4.1 --> [35, 463, 30, 0, 0, 0, 0, 0])
Transition([6, 4, 41, 0, 0, 0, 0, 0] -- right --> [6, 245, 41, 0, 0, 0, 0, 0])
Transition([6, 245, 41, 0, 0, 0, 0, 0] -- 0.getPos.3.2 --> [6, 353, 41, 0, 0, 0, 0, 0])
Transition([6, 353, 41, 0, 0, 0, 0, 0] -- 0.setPos.3.3 --> [6, 0, 48, 0, 0, 0, 0, 0])
Transition([6, 0, 48, 0, 0, 0, 0, 0] -- startSafeCheck --> [6, 1, 48, 0, 1, 0, 0, 0])
Transition([6, 1, 48, 0, 1, 0, 0, 0] -- 0.getPos.3.3 --> [6, 1, 48, 0, 52, 0, 0, 0])
Transition([6, 1, 48, 0, 52, 0, 0, 0] -- 1.getPos.2.2 --> [6, 1, 48, 0, 3, 0, 0, 0])
Transition([6, 1, 48, 0, 3, 0, 0, 0] -- checkSafeOk --> [6, 2, 48, 0, 0, 0, 0, 0])
Transition([6, 2, 48, 0, 0, 0, 0, 0] -- startLiveCheck --> [6, 3, 48, 1, 0, 1, 0, 0])
Transition([6, 3, 48, 1, 0, 1, 0, 0] -- 1.getPos.2.2 --> [6, 3, 48, 2, 0, 2, 0, 0])
Transition([6, 3, 48, 2, 0, 2, 0, 0] -- checkLiveDone --> [6, 4, 48, 0, 0, 0, 0, 0])
Transition([35, 4, 47, 0, 0, 0, 0, 0] -- right --> [35, 245, 47, 0, 0, 0, 0, 0])
Transition([35, 245, 47, 0, 0, 0, 0, 0] -- 0.getPos.3.4 --> [35, 359, 47, 0, 0, 0, 0, 0])
Transition([35, 359, 47, 0, 0, 0, 0, 0] -- 0.setPos.3.5 --> [35, 0, 46, 0, 0, 0, 0, 0])
Transition([35, 0, 46, 0, 0, 0, 0, 0] -- startSafeCheck --> [35, 1, 46, 0, 1, 0, 0, 0])
Transition([35, 1, 46, 0, 1, 0, 0, 0] -- 0.getPos.3.5 --> [35, 1, 46, 0, 45, 0, 0, 0])
Transition([35, 1, 46, 0, 45, 0, 0, 0] -- 1.getPos.4.2 --> [35, 1, 46, 0, 3, 0, 0, 0])
Transition([35, 1, 46, 0, 3, 0, 0, 0] -- checkSafeOk --> [35, 2, 46, 0, 0, 0, 0, 0])
Transition([35, 2, 46, 0, 0, 0, 0, 0] -- startLiveCheck --> [35, 3, 46, 1, 0, 1, 0, 0])
Transition([35, 3, 46, 1, 0, 1, 0, 0] -- 1.getPos.4.2 --> [35, 3, 46, 2, 0, 2, 0, 0])
Transition([35, 3, 46, 2, 0, 2, 0, 0] -- checkLiveDone --> [35, 4, 46, 0, 0, 0, 0, 0])
Transition([35, 4, 30, 0, 0, 0, 0, 0] -- right --> [35, 245, 30, 0, 0, 0, 0, 0])
Transition([35, 245, 30, 0, 0, 0, 0, 0] -- 0.getPos.4.1 --> [35, 339, 30, 0, 0, 0, 0, 0])
Transition([35, 339, 30, 0, 0, 0, 0, 0] -- 0.setPos.4.2 --> [35, 0, 34, 0, 0, 0, 0, 0])
Transition([35, 339, 30, 0, 0, 0, 0, 0] -- 1.getPos.4.2 --> [35, 340, 30, 0, 0, 0, 0, 0])
Transition([35, 340, 30, 0, 0, 0, 0, 0] -- 1.setPos.4.3 --> [34, 341, 30, 0, 0, 0, 0, 0])
Transition([34, 341, 30, 0, 0, 0, 0, 0] -- 0.setPos.4.2 --> [34, 0, 34, 0, 0, 0, 0, 0])
Transition([34, 0, 34, 0, 0, 0, 0, 0] -- startSafeCheck --> [34, 1, 34, 0, 1, 0, 0, 0])
Transition([34, 1, 34, 0, 1, 0, 0, 0] -- 0.getPos.4.2 --> [34, 1, 34, 0, 38, 0, 0, 0])
Transition([34, 1, 34, 0, 38, 0, 0, 0] -- 1.getPos.4.3 --> [34, 1, 34, 0, 3, 0, 0, 0])
Transition([34, 1, 34, 0, 3, 0, 0, 0] -- checkSafeOk --> [34, 2, 34, 0, 0, 0, 0, 0])
Transition([34, 2, 34, 0, 0, 0, 0, 0] -- startLiveCheck --> [34, 3, 34, 1, 0, 1, 0, 0])
Transition([34, 3, 34, 1, 0, 1, 0, 0] -- 1.getPos.4.3 --> [34, 3, 34, 2, 0, 2, 0, 0])
Transition([34, 3, 34, 2, 0, 2, 0, 0] -- checkLiveDone --> [34, 4, 34, 0, 0, 0, 0, 0])
Transition([6, 4, 41, 0, 0, 0, 0, 0] -- up --> [6, 5, 41, 0, 0, 0, 0, 0])
Transition([6, 5, 41, 0, 0, 0, 0, 0] -- 0.getPos.3.2 --> [6, 113, 41, 0, 0, 0, 0, 0])
Transition([6, 113, 41, 0, 0, 0, 0, 0] -- 0.setPos.2.2 --> [6, 0, 6, 0, 0, 0, 0, 0])
Transition([6, 0, 6, 0, 0, 0, 0, 0] -- startSafeCheck --> [6, 1, 6, 0, 1, 0, 0, 0])
Transition([6, 1, 6, 0, 1, 0, 0, 0] -- 0.getPos.2.2 --> [6, 1, 6, 0, 13, 0, 0, 0])
Transition([6, 1, 6, 0, 13, 0, 0, 0] -- 1.getPos.2.2 --> [6, 1, 6, 0, 4, 0, 0, 0])
Transition([6, 113, 41, 0, 0, 0, 0, 0] -- 1.getPos.2.2 --> [6, 114, 41, 0, 0, 0, 0, 0])
Transition([6, 114, 41, 0, 0, 0, 0, 0] -- 1.setPos.1.2 --> [20, 115, 41, 0, 0, 0, 0, 0])
Transition([20, 115, 41, 0, 0, 0, 0, 0] -- 0.setPos.2.2 --> [20, 0, 6, 0, 0, 0, 0, 0])
Transition([20, 0, 6, 0, 0, 0, 0, 0] -- startSafeCheck --> [20, 1, 6, 0, 1, 0, 0, 0])
Transition([20, 1, 6, 0, 1, 0, 0, 0] -- 0.getPos.2.2 --> [20, 1, 6, 0, 13, 0, 0, 0])
Transition([20, 1, 6, 0, 13, 0, 0, 0] -- 1.getPos.1.2 --> [20, 1, 6, 0, 3, 0, 0, 0])
Transition([20, 1, 6, 0, 3, 0, 0, 0] -- checkSafeOk --> [20, 2, 6, 0, 0, 0, 0, 0])
Transition([20, 2, 6, 0, 0, 0, 0, 0] -- startLiveCheck --> [20, 3, 6, 1, 0, 1, 0, 0])
Transition([20, 3, 6, 1, 0, 1, 0, 0] -- 1.getPos.1.2 --> [20, 3, 6, 3, 0, 3, 0, 0])
Transition([20, 3, 6, 3, 0, 3, 0, 0] -- win --> [20, 3, 6, 3, 0, 3, 0, 1])
Transition([20, 3, 6, 3, 0, 3, 0, 1] -- win --> [20, 3, 6, 3, 0, 3, 0, 1])
