Transition([0, 0, 0, 0, 0, 0, 0, 0] -- startSafeCheck --> [0, 1, 0, 0, 1, 0, 0, 0])
Transition([0, 1, 0, 0, 1, 0, 0, 0] -- 0.getPos.1.1 --> [0, 1, 0, 0, 39, 0, 0, 0])
Transition([0, 1, 0, 0, 39, 0, 0, 0] -- 1.getPos.5.5 --> [0, 1, 0, 0, 4, 0, 0, 0])
Transition([0, 1, 0, 0, 4, 0, 0, 0] -- checkSafeOk --> [0, 2, 0, 0, 0, 0, 0, 0])
Transition([0, 2, 0, 0, 0, 0, 0, 0] -- startLiveCheck --> [0, 3, 0, 1, 0, 1, 0, 0])
Transition([0, 3, 0, 1, 0, 1, 0, 0] -- 1.getPos.5.5 --> [0, 3, 0, 2, 0, 2, 0, 0])
Transition([0, 3, 0, 2, 0, 2, 0, 0] -- checkLiveDone --> [0, 4, 0, 0, 0, 0, 0, 0])
Transition([0, 4, 0, 0, 0, 0, 0, 0] -- down --> [0, 90, 0, 0, 0, 0, 0, 0])
Transition([0, 90, 0, 0, 0, 0, 0, 0] -- 0.getPos.1.1 --> [0, 136, 0, 0, 0, 0, 0, 0])
Transition([0, 136, 0, 0, 0, 0, 0, 0] -- 0.setPos.2.1 --> [0, 0, 8, 0, 0, 0, 0, 0])
Transition([0, 0, 8, 0, 0, 0, 0, 0] -- startSafeCheck --> [0, 1, 8, 0, 1, 0, 0, 0])
Transition([0, 1, 8, 0, 1, 0, 0, 0] -- 0.getPos.2.1 --> [0, 1, 8, 0, 21, 0, 0, 0])
Transition([0, 1, 8, 0, 21, 0, 0, 0] -- 1.getPos.5.5 --> [0, 1, 8, 0, 4, 0, 0, 0])
Transition([0, 1, 8, 0, 4, 0, 0, 0] -- checkSafeOk --> [0, 2, 8, 0, 0, 0, 0, 0])
Transition([0, 2, 8, 0, 0, 0, 0, 0] -- startLiveCheck --> [0, 3, 8, 1, 0, 1, 0, 0])
Transition([0, 3, 8, 1, 0, 1, 0, 0] -- 1.getPos.5.5 --> [0, 3, 8, 2, 0, 2, 0, 0])
Transition([0, 3, 8, 2, 0, 2, 0, 0] -- checkLiveDone --> [0, 4, 8, 0, 0, 0, 0, 0])
Transition([0, 4, 0, 0, 0, 0, 0, 0] -- left --> [0, 260, 0, 0, 0, 0, 0, 0])
Transition([0, 260, 0, 0, 0, 0, 0, 0] -- 0.getPos.1.1 --> [0, 316, 0, 0, 0, 0, 0, 0])
Transition([0, 4, 0, 0, 0, 0, 0, 0] -- right --> [0, 175, 0, 0, 0, 0, 0, 0])
Transition([0, 175, 0, 0, 0, 0, 0, 0] -- 0.getPos.1.1 --> [0, 229, 0, 0, 0, 0, 0, 0])
Transition([0, 229, 0, 0, 0, 0, 0, 0] -- 0.setPos.1.2 --> [0, 0, 25, 0, 0, 0, 0, 0])
Transition([0, 0, 25, 0, 0, 0, 0, 0] -- startSafeCheck --> [0, 1, 25, 0, 1, 0, 0, 0])
Transition([0, 1, 25, 0, 1, 0, 0, 0] -- 0.getPos.1.2 --> [0, 1, 25, 0, 38, 0, 0, 0])
Transition([0, 1, 25, 0, 38, 0, 0, 0] -- 1.getPos.5.5 --> [0, 1, 25, 0, 4, 0, 0, 0])
Transition([0, 1, 25, 0, 4, 0, 0, 0] -- checkSafeOk --> [0, 2, 25, 0, 0, 0, 0, 0])
Transition([0, 2, 25, 0, 0, 0, 0, 0] -- startLiveCheck --> [0, 3, 25, 1, 0, 1, 0, 0])
Transition([0, 3, 25, 1, 0, 1, 0, 0] -- 1.getPos.5.5 --> [0, 3, 25, 2, 0, 2, 0, 0])
Transition([0, 3, 25, 2, 0, 2, 0, 0] -- checkLiveDone --> [0, 4, 25, 0, 0, 0, 0, 0])
Transition([0, 4, 0, 0, 0, 0, 0, 0] -- up --> [0, 5, 0, 0, 0, 0, 0, 0])
Transition([0, 5, 0, 0, 0, 0, 0, 0] -- 0.getPos.1.1 --> [0, 53, 0, 0, 0, 0, 0, 0])
Transition([0, 4, 25, 0, 0, 0, 0, 0] -- down --> [0, 90, 25, 0, 0, 0, 0, 0])
Transition([0, 90, 25, 0, 0, 0, 0, 0] -- 0.getPos.1.2 --> [0, 133, 25, 0, 0, 0, 0, 0])
Transition([0, 133, 25, 0, 0, 0, 0, 0] -- 0.setPos.2.2 --> [0, 0, 7, 0, 0, 0, 0, 0])
Transition([0, 0, 7, 0, 0, 0, 0, 0] -- startSafeCheck --> [0, 1, 7, 0, 1, 0, 0, 0])
Transition([0, 1, 7, 0, 1, 0, 0, 0] -- 0.getPos.2.2 --> [0, 1, 7, 0, 15, 0, 0, 0])
Transition([0, 1, 7, 0, 15, 0, 0, 0] -- 1.getPos.5.5 --> [0, 1, 7, 0, 4, 0, 0, 0])
Transition([0, 1, 7, 0, 4, 0, 0, 0] -- checkSafeOk --> [0, 2, 7, 0, 0, 0, 0, 0])
Transition([0, 2, 7, 0, 0, 0, 0, 0] -- startLiveCheck --> [0, 3, 7, 1, 0, 1, 0, 0])
Transition([0, 3, 7, 1, 0, 1, 0, 0] -- 1.getPos.5.5 --> [0, 3, 7, 2, 0, 2, 0, 0])
Transition([0, 3, 7, 2, 0, 2, 0, 0] -- checkLiveDone --> [0, 4, 7, 0, 0, 0, 0, 0])
Transition([0, 4, 25, 0, 0, 0, 0, 0] -- left --> [0, 260, 25, 0, 0, 0, 0, 0])
Transition([0, 260, 25, 0, 0, 0, 0, 0] -- 0.getPos.1.2 --> [0, 315, 25, 0, 0, 0, 0, 0])
Transition([0, 315, 25, 0, 0, 0, 0, 0] -- 0.setPos.1.1 --> [0, 0, 0, 0, 0, 0, 0, 0])
Transition([0, 4, 25, 0, 0, 0, 0, 0] -- right --> [0, 175, 25, 0, 0, 0, 0, 0])
Transition([0, 175, 25, 0, 0, 0, 0, 0] -- 0.getPos.1.2 --> [0, 226, 25, 0, 0, 0, 0, 0])
Transition([0, 226, 25, 0, 0, 0, 0, 0] -- 0.setPos.1.3 --> [0, 0, 24, 0, 0, 0, 0, 0])
Transition([0, 0, 24, 0, 0, 0, 0, 0] -- startSafeCheck --> [0, 1, 24, 0, 1, 0, 0, 0])
Transition([0, 1, 24, 0, 1, 0, 0, 0] -- 0.getPos.1.3 --> [0, 1, 24, 0, 31, 0, 0, 0])
Transition([0, 1, 24, 0, 31, 0, 0, 0] -- 1.getPos.5.5 --> [0, 1, 24, 0, 4, 0, 0, 0])
Transition([0, 1, 24, 0, 4, 0, 0, 0] -- checkSafeOk --> [0, 2, 24, 0, 0, 0, 0, 0])
Transition([0, 2, 24, 0, 0, 0, 0, 0] -- startLiveCheck --> [0, 3, 24, 1, 0, 1, 0, 0])
Transition([0, 3, 24, 1, 0, 1, 0, 0] -- 1.getPos.5.5 --> [0, 3, 24, 2, 0, 2, 0, 0])
Transition([0, 3, 24, 2, 0, 2, 0, 0] -- checkLiveDone --> [0, 4, 24, 0, 0, 0, 0, 0])
Transition([0, 4, 25, 0, 0, 0, 0, 0] -- up --> [0, 5, 25, 0, 0, 0, 0, 0])
Transition([0, 5, 25, 0, 0, 0, 0, 0] -- 0.getPos.1.2 --> [0, 52, 25, 0, 0, 0, 0, 0])
Transition([0, 4, 8, 0, 0, 0, 0, 0] -- down --> [0, 90, 8, 0, 0, 0, 0, 0])
Transition([0, 90, 8, 0, 0, 0, 0, 0] -- 0.getPos.2.1 --> [0, 112, 8, 0, 0, 0, 0, 0])
Transition([0, 112, 8, 0, 0, 0, 0, 0] -- 0.setPos.3.1 --> [0, 0, 23, 0, 0, 0, 0, 0])
Transition([0, 0, 23, 0, 0, 0, 0, 0] -- startSafeCheck --> [0, 1, 23, 0, 1, 0, 0, 0])
Transition([0, 1, 23, 0, 1, 0, 0, 0] -- 0.getPos.3.1 --> [0, 1, 23, 0, 30, 0, 0, 0])
Transition([0, 1, 23, 0, 30, 0, 0, 0] -- 1.getPos.5.5 --> [0, 1, 23, 0, 4, 0, 0, 0])
Transition([0, 1, 23, 0, 4, 0, 0, 0] -- checkSafeOk --> [0, 2, 23, 0, 0, 0, 0, 0])
Transition([0, 2, 23, 0, 0, 0, 0, 0] -- startLiveCheck --> [0, 3, 23, 1, 0, 1, 0, 0])
Transition([0, 3, 23, 1, 0, 1, 0, 0] -- 1.getPos.5.5 --> [0, 3, 23, 2, 0, 2, 0, 0])
Transition([0, 3, 23, 2, 0, 2, 0, 0] -- checkLiveDone --> [0, 4, 23, 0, 0, 0, 0, 0])
Transition([0, 4, 8, 0, 0, 0, 0, 0] -- left --> [0, 260, 8, 0, 0, 0, 0, 0])
Transition([0, 260, 8, 0, 0, 0, 0, 0] -- 0.getPos.2.1 --> [0, 288, 8, 0, 0, 0, 0, 0])
Transition([0, 4, 8, 0, 0, 0, 0, 0] -- right --> [0, 175, 8, 0, 0, 0, 0, 0])
Transition([0, 175, 8, 0, 0, 0, 0, 0] -- 0.getPos.2.1 --> [0, 201, 8, 0, 0, 0, 0, 0])
Transition([0, 201, 8, 0, 0, 0, 0, 0] -- 0.setPos.2.2 --> [0, 0, 7, 0, 0, 0, 0, 0])
Transition([0, 4, 8, 0, 0, 0, 0, 0] -- up --> [0, 5, 8, 0, 0, 0, 0, 0])
Transition([0, 5, 8, 0, 0, 0, 0, 0] -- 0.getPos.2.1 --> [0, 29, 8, 0, 0, 0, 0, 0])
Transition([0, 29, 8, 0, 0, 0, 0, 0] -- 0.setPos.1.1 --> [0, 0, 0, 0, 0, 0, 0, 0])
Transition([0, 4, 23, 0, 0, 0, 0, 0] -- down --> [0, 90, 23, 0, 0, 0, 0, 0])
Transition([0, 90, 23, 0, 0, 0, 0, 0] -- 0.getPos.3.1 --> [0, 166, 23, 0, 0, 0, 0, 0])
Transition([0, 166, 23, 0, 0, 0, 0, 0] -- 0.setPos.4.1 --> [0, 0, 5, 0, 0, 0, 1, 0])
Transition([0, 0, 5, 0, 0, 0, 1, 0] -- illegalPosition --> [0, 0, 5, 0, 0, 0, 1, 0])
Transition([0, 4, 23, 0, 0, 0, 0, 0] -- left --> [0, 260, 23, 0, 0, 0, 0, 0])
Transition([0, 260, 23, 0, 0, 0, 0, 0] -- 0.getPos.3.1 --> [0, 338, 23, 0, 0, 0, 0, 0])
Transition([0, 4, 23, 0, 0, 0, 0, 0] -- right --> [0, 175, 23, 0, 0, 0, 0, 0])
Transition([0, 175, 23, 0, 0, 0, 0, 0] -- 0.getPos.3.1 --> [0, 251, 23, 0, 0, 0, 0, 0])
Transition([0, 251, 23, 0, 0, 0, 0, 0] -- 0.setPos.3.2 --> [0, 0, 21, 0, 0, 0, 0, 0])
Transition([0, 0, 21, 0, 0, 0, 0, 0] -- startSafeCheck --> [0, 1, 21, 0, 1, 0, 0, 0])
Transition([0, 1, 21, 0, 1, 0, 0, 0] -- 0.getPos.3.2 --> [0, 1, 21, 0, 28, 0, 0, 0])
Transition([0, 1, 21, 0, 28, 0, 0, 0] -- 1.getPos.5.5 --> [0, 1, 21, 0, 4, 0, 0, 0])
Transition([0, 1, 21, 0, 4, 0, 0, 0] -- checkSafeOk --> [0, 2, 21, 0, 0, 0, 0, 0])
Transition([0, 2, 21, 0, 0, 0, 0, 0] -- startLiveCheck --> [0, 3, 21, 1, 0, 1, 0, 0])
Transition([0, 3, 21, 1, 0, 1, 0, 0] -- 1.getPos.5.5 --> [0, 3, 21, 2, 0, 2, 0, 0])
Transition([0, 3, 21, 2, 0, 2, 0, 0] -- checkLiveDone --> [0, 4, 21, 0, 0, 0, 0, 0])
Transition([0, 4, 23, 0, 0, 0, 0, 0] -- up --> [0, 5, 23, 0, 0, 0, 0, 0])
Transition([0, 5, 23, 0, 0, 0, 0, 0] -- 0.getPos.3.1 --> [0, 81, 23, 0, 0, 0, 0, 0])
Transition([0, 81, 23, 0, 0, 0, 0, 0] -- 0.setPos.2.1 --> [0, 0, 8, 0, 0, 0, 0, 0])
Transition([0, 4, 7, 0, 0, 0, 0, 0] -- down --> [0, 90, 7, 0, 0, 0, 0, 0])
Transition([0, 90, 7, 0, 0, 0, 0, 0] -- 0.getPos.2.2 --> [0, 102, 7, 0, 0, 0, 0, 0])
Transition([0, 102, 7, 0, 0, 0, 0, 0] -- 0.setPos.3.2 --> [0, 0, 21, 0, 0, 0, 0, 0])
Transition([0, 4, 7, 0, 0, 0, 0, 0] -- left --> [0, 260, 7, 0, 0, 0, 0, 0])
Transition([0, 260, 7, 0, 0, 0, 0, 0] -- 0.getPos.2.2 --> [0, 280, 7, 0, 0, 0, 0, 0])
Transition([0, 280, 7, 0, 0, 0, 0, 0] -- 0.setPos.2.1 --> [0, 0, 8, 0, 0, 0, 0, 0])
Transition([0, 4, 7, 0, 0, 0, 0, 0] -- right --> [0, 175, 7, 0, 0, 0, 0, 0])
Transition([0, 175, 7, 0, 0, 0, 0, 0] -- 0.getPos.2.2 --> [0, 191, 7, 0, 0, 0, 0, 0])
Transition([0, 191, 7, 0, 0, 0, 0, 0] -- 0.setPos.2.3 --> [0, 0, 6, 0, 0, 0, 0, 0])
Transition([0, 0, 6, 0, 0, 0, 0, 0] -- startSafeCheck --> [0, 1, 6, 0, 1, 0, 0, 0])
Transition([0, 1, 6, 0, 1, 0, 0, 0] -- 0.getPos.2.3 --> [0, 1, 6, 0, 14, 0, 0, 0])
Transition([0, 1, 6, 0, 14, 0, 0, 0] -- 1.getPos.5.5 --> [0, 1, 6, 0, 4, 0, 0, 0])
Transition([0, 1, 6, 0, 4, 0, 0, 0] -- checkSafeOk --> [0, 2, 6, 0, 0, 0, 0, 0])
Transition([0, 2, 6, 0, 0, 0, 0, 0] -- startLiveCheck --> [0, 3, 6, 1, 0, 1, 0, 0])
Transition([0, 3, 6, 1, 0, 1, 0, 0] -- 1.getPos.5.5 --> [0, 3, 6, 2, 0, 2, 0, 0])
Transition([0, 3, 6, 2, 0, 2, 0, 0] -- checkLiveDone --> [0, 4, 6, 0, 0, 0, 0, 0])
Transition([0, 4, 7, 0, 0, 0, 0, 0] -- up --> [0, 5, 7, 0, 0, 0, 0, 0])
Transition([0, 5, 7, 0, 0, 0, 0, 0] -- 0.getPos.2.2 --> [0, 23, 7, 0, 0, 0, 0, 0])
Transition([0, 23, 7, 0, 0, 0, 0, 0] -- 0.setPos.1.2 --> [0, 0, 25, 0, 0, 0, 0, 0])
Transition([0, 4, 24, 0, 0, 0, 0, 0] -- down --> [0, 90, 24, 0, 0, 0, 0, 0])
Transition([0, 90, 24, 0, 0, 0, 0, 0] -- 0.getPos.1.3 --> [0, 122, 24, 0, 0, 0, 0, 0])
Transition([0, 122, 24, 0, 0, 0, 0, 0] -- 0.setPos.2.3 --> [0, 0, 6, 0, 0, 0, 0, 0])
Transition([0, 4, 24, 0, 0, 0, 0, 0] -- left --> [0, 260, 24, 0, 0, 0, 0, 0])
Transition([0, 260, 24, 0, 0, 0, 0, 0] -- 0.getPos.1.3 --> [0, 304, 24, 0, 0, 0, 0, 0])
Transition([0, 304, 24, 0, 0, 0, 0, 0] -- 0.setPos.1.2 --> [0, 0, 25, 0, 0, 0, 0, 0])
Transition([0, 4, 24, 0, 0, 0, 0, 0] -- right --> [0, 175, 24, 0, 0, 0, 0, 0])
Transition([0, 175, 24, 0, 0, 0, 0, 0] -- 0.getPos.1.3 --> [0, 215, 24, 0, 0, 0, 0, 0])
Transition([0, 215, 24, 0, 0, 0, 0, 0] -- 0.setPos.1.4 --> [0, 0, 22, 0, 0, 0, 0, 0])
Transition([0, 0, 22, 0, 0, 0, 0, 0] -- startSafeCheck --> [0, 1, 22, 0, 1, 0, 0, 0])
Transition([0, 1, 22, 0, 1, 0, 0, 0] -- 0.getPos.1.4 --> [0, 1, 22, 0, 29, 0, 0, 0])
Transition([0, 1, 22, 0, 29, 0, 0, 0] -- 1.getPos.5.5 --> [0, 1, 22, 0, 4, 0, 0, 0])
Transition([0, 1, 22, 0, 4, 0, 0, 0] -- checkSafeOk --> [0, 2, 22, 0, 0, 0, 0, 0])
Transition([0, 2, 22, 0, 0, 0, 0, 0] -- startLiveCheck --> [0, 3, 22, 1, 0, 1, 0, 0])
Transition([0, 3, 22, 1, 0, 1, 0, 0] -- 1.getPos.5.5 --> [0, 3, 22, 2, 0, 2, 0, 0])
Transition([0, 3, 22, 2, 0, 2, 0, 0] -- checkLiveDone --> [0, 4, 22, 0, 0, 0, 0, 0])
Transition([0, 4, 24, 0, 0, 0, 0, 0] -- up --> [0, 5, 24, 0, 0, 0, 0, 0])
Transition([0, 5, 24, 0, 0, 0, 0, 0] -- 0.getPos.1.3 --> [0, 43, 24, 0, 0, 0, 0, 0])
Transition([0, 4, 21, 0, 0, 0, 0, 0] -- down --> [0, 90, 21, 0, 0, 0, 0, 0])
Transition([0, 90, 21, 0, 0, 0, 0, 0] -- 0.getPos.3.2 --> [0, 163, 21, 0, 0, 0, 0, 0])
Transition([0, 163, 21, 0, 0, 0, 0, 0] -- 0.setPos.4.2 --> [0, 0, 17, 0, 0, 0, 0, 0])
Transition([0, 0, 17, 0, 0, 0, 0, 0] -- startSafeCheck --> [0, 1, 17, 0, 1, 0, 0, 0])
Transition([0, 1, 17, 0, 1, 0, 0, 0] -- 0.getPos.4.2 --> [0, 1, 17, 0, 19, 0, 0, 0])
Transition([0, 1, 17, 0, 19, 0, 0, 0] -- 1.getPos.5.5 --> [0, 1, 17, 0, 4, 0, 0, 0])
Transition([0, 1, 17, 0, 4, 0, 0, 0] -- checkSafeOk --> [0, 2, 17, 0, 0, 0, 0, 0])
Transition([0, 2, 17, 0, 0, 0, 0, 0] -- startLiveCheck --> [0, 3, 17, 1, 0, 1, 0, 0])
Transition([0, 3, 17, 1, 0, 1, 0, 0] -- 1.getPos.5.5 --> [0, 3, 17, 2, 0, 2, 0, 0])
Transition([0, 3, 17, 2, 0, 2, 0, 0] -- checkLiveDone --> [0, 4, 17, 0, 0, 0, 0, 0])
Transition([0, 4, 21, 0, 0, 0, 0, 0] -- left --> [0, 260, 21, 0, 0, 0, 0, 0])
Transition([0, 260, 21, 0, 0, 0, 0, 0] -- 0.getPos.3.2 --> [0, 337, 21, 0, 0, 0, 0, 0])
Transition([0, 337, 21, 0, 0, 0, 0, 0] -- 0.setPos.3.1 --> [0, 0, 23, 0, 0, 0, 0, 0])
Transition([0, 4, 22, 0, 0, 0, 0, 0] -- down --> [0, 90, 22, 0, 0, 0, 0, 0])
Transition([0, 90, 22, 0, 0, 0, 0, 0] -- 0.getPos.1.4 --> [0, 119, 22, 0, 0, 0, 0, 0])
Transition([0, 119, 22, 0, 0, 0, 0, 0] -- 0.setPos.2.4 --> [0, 0, 18, 0, 0, 0, 0, 0])
Transition([0, 0, 18, 0, 0, 0, 0, 0] -- startSafeCheck --> [0, 1, 18, 0, 1, 0, 0, 0])
Transition([0, 1, 18, 0, 1, 0, 0, 0] -- 0.getPos.2.4 --> [0, 1, 18, 0, 20, 0, 0, 0])
Transition([0, 1, 18, 0, 20, 0, 0, 0] -- 1.getPos.5.5 --> [0, 1, 18, 0, 4, 0, 0, 0])
Transition([0, 1, 18, 0, 4, 0, 0, 0] -- checkSafeOk --> [0, 2, 18, 0, 0, 0, 0, 0])
Transition([0, 2, 18, 0, 0, 0, 0, 0] -- startLiveCheck --> [0, 3, 18, 1, 0, 1, 0, 0])
Transition([0, 3, 18, 1, 0, 1, 0, 0] -- 1.getPos.5.5 --> [0, 3, 18, 2, 0, 2, 0, 0])
Transition([0, 3, 18, 2, 0, 2, 0, 0] -- checkLiveDone --> [0, 4, 18, 0, 0, 0, 0, 0])
Transition([0, 4, 22, 0, 0, 0, 0, 0] -- left --> [0, 260, 22, 0, 0, 0, 0, 0])
Transition([0, 260, 22, 0, 0, 0, 0, 0] -- 0.getPos.1.4 --> [0, 301, 22, 0, 0, 0, 0, 0])
Transition([0, 301, 22, 0, 0, 0, 0, 0] -- 0.setPos.1.3 --> [0, 0, 24, 0, 0, 0, 0, 0])
Transition([0, 4, 6, 0, 0, 0, 0, 0] -- down --> [0, 90, 6, 0, 0, 0, 0, 0])
Transition([0, 90, 6, 0, 0, 0, 0, 0] -- 0.getPos.2.3 --> [0, 99, 6, 0, 0, 0, 0, 0])
Transition([0, 99, 6, 0, 0, 0, 0, 0] -- 0.setPos.3.3 --> [0, 0, 34, 0, 0, 0, 0, 0])
Transition([0, 0, 34, 0, 0, 0, 0, 0] -- startSafeCheck --> [0, 1, 34, 0, 1, 0, 0, 0])
Transition([0, 1, 34, 0, 1, 0, 0, 0] -- 0.getPos.3.3 --> [0, 1, 34, 0, 36, 0, 0, 0])
Transition([0, 1, 34, 0, 36, 0, 0, 0] -- 1.getPos.5.5 --> [0, 1, 34, 0, 4, 0, 0, 0])
Transition([0, 1, 34, 0, 4, 0, 0, 0] -- checkSafeOk --> [0, 2, 34, 0, 0, 0, 0, 0])
Transition([0, 2, 34, 0, 0, 0, 0, 0] -- startLiveCheck --> [0, 3, 34, 1, 0, 1, 0, 0])
Transition([0, 3, 34, 1, 0, 1, 0, 0] -- 1.getPos.5.5 --> [0, 3, 34, 2, 0, 2, 0, 0])
Transition([0, 3, 34, 2, 0, 2, 0, 0] -- checkLiveDone --> [0, 4, 34, 0, 0, 0, 0, 0])
Transition([0, 4, 6, 0, 0, 0, 0, 0] -- left --> [0, 260, 6, 0, 0, 0, 0, 0])
Transition([0, 260, 6, 0, 0, 0, 0, 0] -- 0.getPos.2.3 --> [0, 277, 6, 0, 0, 0, 0, 0])
Transition([0, 277, 6, 0, 0, 0, 0, 0] -- 0.setPos.2.2 --> [0, 0, 7, 0, 0, 0, 0, 0])
Transition([0, 4, 21, 0, 0, 0, 0, 0] -- right --> [0, 175, 21, 0, 0, 0, 0, 0])
Transition([0, 175, 21, 0, 0, 0, 0, 0] -- 0.getPos.3.2 --> [0, 248, 21, 0, 0, 0, 0, 0])
Transition([0, 248, 21, 0, 0, 0, 0, 0] -- 0.setPos.3.3 --> [0, 0, 34, 0, 0, 0, 0, 0])
Transition([0, 4, 22, 0, 0, 0, 0, 0] -- right --> [0, 175, 22, 0, 0, 0, 0, 0])
Transition([0, 175, 22, 0, 0, 0, 0, 0] -- 0.getPos.1.4 --> [0, 212, 22, 0, 0, 0, 0, 0])
Transition([0, 212, 22, 0, 0, 0, 0, 0] -- 0.setPos.1.5 --> [0, 0, 35, 0, 0, 0, 0, 0])
Transition([0, 0, 35, 0, 0, 0, 0, 0] -- startSafeCheck --> [0, 1, 35, 0, 1, 0, 0, 0])
Transition([0, 1, 35, 0, 1, 0, 0, 0] -- 0.getPos.1.5 --> [0, 1, 35, 0, 37, 0, 0, 0])
Transition([0, 1, 35, 0, 37, 0, 0, 0] -- 1.getPos.5.5 --> [0, 1, 35, 0, 4, 0, 0, 0])
Transition([0, 1, 35, 0, 4, 0, 0, 0] -- checkSafeOk --> [0, 2, 35, 0, 0, 0, 0, 0])
Transition([0, 2, 35, 0, 0, 0, 0, 0] -- startLiveCheck --> [0, 3, 35, 1, 0, 1, 0, 0])
Transition([0, 3, 35, 1, 0, 1, 0, 0] -- 1.getPos.5.5 --> [0, 3, 35, 2, 0, 2, 0, 0])
Transition([0, 3, 35, 2, 0, 2, 0, 0] -- checkLiveDone --> [0, 4, 35, 0, 0, 0, 0, 0])
Transition([0, 4, 22, 0, 0, 0, 0, 0] -- up --> [0, 5, 22, 0, 0, 0, 0, 0])
Transition([0, 5, 22, 0, 0, 0, 0, 0] -- 0.getPos.1.4 --> [0, 42, 22, 0, 0, 0, 0, 0])
Transition([0, 4, 21, 0, 0, 0, 0, 0] -- up --> [0, 5, 21, 0, 0, 0, 0, 0])
Transition([0, 5, 21, 0, 0, 0, 0, 0] -- 0.getPos.3.2 --> [0, 78, 21, 0, 0, 0, 0, 0])
Transition([0, 78, 21, 0, 0, 0, 0, 0] -- 0.setPos.2.2 --> [0, 0, 7, 0, 0, 0, 0, 0])
Transition([0, 4, 6, 0, 0, 0, 0, 0] -- right --> [0, 175, 6, 0, 0, 0, 0, 0])
Transition([0, 175, 6, 0, 0, 0, 0, 0] -- 0.getPos.2.3 --> [0, 188, 6, 0, 0, 0, 0, 0])
Transition([0, 188, 6, 0, 0, 0, 0, 0] -- 0.setPos.2.4 --> [0, 0, 18, 0, 0, 0, 0, 0])
Transition([0, 4, 6, 0, 0, 0, 0, 0] -- up --> [0, 5, 6, 0, 0, 0, 0, 0])
Transition([0, 5, 6, 0, 0, 0, 0, 0] -- 0.getPos.2.3 --> [0, 22, 6, 0, 0, 0, 0, 0])
Transition([0, 22, 6, 0, 0, 0, 0, 0] -- 0.setPos.1.3 --> [0, 0, 24, 0, 0, 0, 0, 0])
Transition([0, 4, 34, 0, 0, 0, 0, 0] -- down --> [0, 90, 34, 0, 0, 0, 0, 0])
Transition([0, 90, 34, 0, 0, 0, 0, 0] -- 0.getPos.3.3 --> [0, 172, 34, 0, 0, 0, 0, 0])
Transition([0, 172, 34, 0, 0, 0, 0, 0] -- 0.setPos.4.3 --> [0, 0, 15, 0, 0, 0, 0, 0])
Transition([0, 0, 15, 0, 0, 0, 0, 0] -- startSafeCheck --> [0, 1, 15, 0, 1, 0, 0, 0])
Transition([0, 1, 15, 0, 1, 0, 0, 0] -- 0.getPos.4.3 --> [0, 1, 15, 0, 17, 0, 0, 0])
Transition([0, 1, 15, 0, 17, 0, 0, 0] -- 1.getPos.5.5 --> [0, 1, 15, 0, 4, 0, 0, 0])
Transition([0, 1, 15, 0, 4, 0, 0, 0] -- checkSafeOk --> [0, 2, 15, 0, 0, 0, 0, 0])
Transition([0, 2, 15, 0, 0, 0, 0, 0] -- startLiveCheck --> [0, 3, 15, 1, 0, 1, 0, 0])
Transition([0, 3, 15, 1, 0, 1, 0, 0] -- 1.getPos.5.5 --> [0, 3, 15, 2, 0, 2, 0, 0])
Transition([0, 3, 15, 2, 0, 2, 0, 0] -- checkLiveDone --> [0, 4, 15, 0, 0, 0, 0, 0])
Transition([0, 4, 34, 0, 0, 0, 0, 0] -- left --> [0, 260, 34, 0, 0, 0, 0, 0])
Transition([0, 260, 34, 0, 0, 0, 0, 0] -- 0.getPos.3.3 --> [0, 342, 34, 0, 0, 0, 0, 0])
Transition([0, 342, 34, 0, 0, 0, 0, 0] -- 0.setPos.3.2 --> [0, 0, 21, 0, 0, 0, 0, 0])
Transition([0, 4, 35, 0, 0, 0, 0, 0] -- down --> [0, 90, 35, 0, 0, 0, 0, 0])
Transition([0, 90, 35, 0, 0, 0, 0, 0] -- 0.getPos.1.5 --> [0, 130, 35, 0, 0, 0, 0, 0])
Transition([0, 130, 35, 0, 0, 0, 0, 0] -- 0.setPos.2.5 --> [0, 0, 16, 0, 0, 0, 0, 0])
Transition([0, 0, 16, 0, 0, 0, 0, 0] -- startSafeCheck --> [0, 1, 16, 0, 1, 0, 0, 0])
Transition([0, 1, 16, 0, 1, 0, 0, 0] -- 0.getPos.2.5 --> [0, 1, 16, 0, 18, 0, 0, 0])
Transition([0, 1, 16, 0, 18, 0, 0, 0] -- 1.getPos.5.5 --> [0, 1, 16, 0, 4, 0, 0, 0])
Transition([0, 1, 16, 0, 4, 0, 0, 0] -- checkSafeOk --> [0, 2, 16, 0, 0, 0, 0, 0])
Transition([0, 2, 16, 0, 0, 0, 0, 0] -- startLiveCheck --> [0, 3, 16, 1, 0, 1, 0, 0])
Transition([0, 3, 16, 1, 0, 1, 0, 0] -- 1.getPos.5.5 --> [0, 3, 16, 2, 0, 2, 0, 0])
Transition([0, 3, 16, 2, 0, 2, 0, 0] -- checkLiveDone --> [0, 4, 16, 0, 0, 0, 0, 0])
Transition([0, 4, 35, 0, 0, 0, 0, 0] -- left --> [0, 260, 35, 0, 0, 0, 0, 0])
Transition([0, 260, 35, 0, 0, 0, 0, 0] -- 0.getPos.1.5 --> [0, 312, 35, 0, 0, 0, 0, 0])
Transition([0, 312, 35, 0, 0, 0, 0, 0] -- 0.setPos.1.4 --> [0, 0, 22, 0, 0, 0, 0, 0])
Transition([0, 4, 18, 0, 0, 0, 0, 0] -- down --> [0, 90, 18, 0, 0, 0, 0, 0])
Transition([0, 90, 18, 0, 0, 0, 0, 0] -- 0.getPos.2.4 --> [0, 109, 18, 0, 0, 0, 0, 0])
Transition([0, 109, 18, 0, 0, 0, 0, 0] -- 0.setPos.3.4 --> [0, 0, 31, 0, 0, 0, 0, 0])
Transition([0, 0, 31, 0, 0, 0, 0, 0] -- startSafeCheck --> [0, 1, 31, 0, 1, 0, 0, 0])
Transition([0, 1, 31, 0, 1, 0, 0, 0] -- 0.getPos.3.4 --> [0, 1, 31, 0, 33, 0, 0, 0])
Transition([0, 1, 31, 0, 33, 0, 0, 0] -- 1.getPos.5.5 --> [0, 1, 31, 0, 4, 0, 0, 0])
Transition([0, 1, 31, 0, 4, 0, 0, 0] -- checkSafeOk --> [0, 2, 31, 0, 0, 0, 0, 0])
Transition([0, 2, 31, 0, 0, 0, 0, 0] -- startLiveCheck --> [0, 3, 31, 1, 0, 1, 0, 0])
Transition([0, 3, 31, 1, 0, 1, 0, 0] -- 1.getPos.5.5 --> [0, 3, 31, 2, 0, 2, 0, 0])
Transition([0, 3, 31, 2, 0, 2, 0, 0] -- checkLiveDone --> [0, 4, 31, 0, 0, 0, 0, 0])
Transition([0, 4, 18, 0, 0, 0, 0, 0] -- left --> [0, 260, 18, 0, 0, 0, 0, 0])
Transition([0, 260, 18, 0, 0, 0, 0, 0] -- 0.getPos.2.4 --> [0, 285, 18, 0, 0, 0, 0, 0])
Transition([0, 285, 18, 0, 0, 0, 0, 0] -- 0.setPos.2.3 --> [0, 0, 6, 0, 0, 0, 0, 0])
Transition([0, 4, 18, 0, 0, 0, 0, 0] -- right --> [0, 175, 18, 0, 0, 0, 0, 0])
Transition([0, 175, 18, 0, 0, 0, 0, 0] -- 0.getPos.2.4 --> [0, 198, 18, 0, 0, 0, 0, 0])
Transition([0, 198, 18, 0, 0, 0, 0, 0] -- 0.setPos.2.5 --> [0, 0, 16, 0, 0, 0, 0, 0])
Transition([0, 4, 18, 0, 0, 0, 0, 0] -- up --> [0, 5, 18, 0, 0, 0, 0, 0])
Transition([0, 5, 18, 0, 0, 0, 0, 0] -- 0.getPos.2.4 --> [0, 28, 18, 0, 0, 0, 0, 0])
Transition([0, 28, 18, 0, 0, 0, 0, 0] -- 0.setPos.1.4 --> [0, 0, 22, 0, 0, 0, 0, 0])
Transition([0, 4, 17, 0, 0, 0, 0, 0] -- down --> [0, 90, 17, 0, 0, 0, 0, 0])
Transition([0, 90, 17, 0, 0, 0, 0, 0] -- 0.getPos.4.2 --> [0, 154, 17, 0, 0, 0, 0, 0])
Transition([0, 154, 17, 0, 0, 0, 0, 0] -- 0.setPos.5.2 --> [0, 0, 30, 0, 0, 0, 0, 0])
Transition([0, 0, 30, 0, 0, 0, 0, 0] -- startSafeCheck --> [0, 1, 30, 0, 1, 0, 0, 0])
Transition([0, 1, 30, 0, 1, 0, 0, 0] -- 0.getPos.5.2 --> [0, 1, 30, 0, 32, 0, 0, 0])
Transition([0, 1, 30, 0, 32, 0, 0, 0] -- 1.getPos.5.5 --> [0, 1, 30, 0, 4, 0, 0, 0])
Transition([0, 1, 30, 0, 4, 0, 0, 0] -- checkSafeOk --> [0, 2, 30, 0, 0, 0, 0, 0])
Transition([0, 2, 30, 0, 0, 0, 0, 0] -- startLiveCheck --> [0, 3, 30, 1, 0, 1, 0, 0])
Transition([0, 3, 30, 1, 0, 1, 0, 0] -- 1.getPos.5.5 --> [0, 3, 30, 2, 0, 2, 0, 0])
Transition([0, 3, 30, 2, 0, 2, 0, 0] -- checkLiveDone --> [0, 4, 30, 0, 0, 0, 0, 0])
Transition([0, 4, 17, 0, 0, 0, 0, 0] -- left --> [0, 260, 17, 0, 0, 0, 0, 0])
Transition([0, 260, 17, 0, 0, 0, 0, 0] -- 0.getPos.4.2 --> [0, 330, 17, 0, 0, 0, 0, 0])
Transition([0, 330, 17, 0, 0, 0, 0, 0] -- 0.setPos.4.1 --> [0, 0, 5, 0, 0, 0, 1, 0])
Transition([0, 4, 17, 0, 0, 0, 0, 0] -- right --> [0, 175, 17, 0, 0, 0, 0, 0])
Transition([0, 175, 17, 0, 0, 0, 0, 0] -- 0.getPos.4.2 --> [0, 243, 17, 0, 0, 0, 0, 0])
Transition([0, 243, 17, 0, 0, 0, 0, 0] -- 0.setPos.4.3 --> [0, 0, 15, 0, 0, 0, 0, 0])
Transition([0, 4, 17, 0, 0, 0, 0, 0] -- up --> [0, 5, 17, 0, 0, 0, 0, 0])
Transition([0, 5, 17, 0, 0, 0, 0, 0] -- 0.getPos.4.2 --> [0, 69, 17, 0, 0, 0, 0, 0])
Transition([0, 69, 17, 0, 0, 0, 0, 0] -- 0.setPos.3.2 --> [0, 0, 21, 0, 0, 0, 0, 0])
Transition([0, 4, 35, 0, 0, 0, 0, 0] -- right --> [0, 175, 35, 0, 0, 0, 0, 0])
Transition([0, 175, 35, 0, 0, 0, 0, 0] -- 0.getPos.1.5 --> [0, 225, 35, 0, 0, 0, 0, 0])
Transition([0, 225, 35, 0, 0, 0, 0, 0] -- 0.setPos.1.6 --> [0, 0, 32, 0, 0, 0, 0, 0])
Transition([0, 0, 32, 0, 0, 0, 0, 0] -- startSafeCheck --> [0, 1, 32, 0, 1, 0, 0, 0])
Transition([0, 1, 32, 0, 1, 0, 0, 0] -- 0.getPos.1.6 --> [0, 1, 32, 0, 34, 0, 0, 0])
Transition([0, 1, 32, 0, 34, 0, 0, 0] -- 1.getPos.5.5 --> [0, 1, 32, 0, 4, 0, 0, 0])
Transition([0, 1, 32, 0, 4, 0, 0, 0] -- checkSafeOk --> [0, 2, 32, 0, 0, 0, 0, 0])
Transition([0, 2, 32, 0, 0, 0, 0, 0] -- startLiveCheck --> [0, 3, 32, 1, 0, 1, 0, 0])
Transition([0, 3, 32, 1, 0, 1, 0, 0] -- 1.getPos.5.5 --> [0, 3, 32, 2, 0, 2, 0, 0])
Transition([0, 3, 32, 2, 0, 2, 0, 0] -- checkLiveDone --> [0, 4, 32, 0, 0, 0, 0, 0])
Transition([0, 4, 35, 0, 0, 0, 0, 0] -- up --> [0, 5, 35, 0, 0, 0, 0, 0])
Transition([0, 5, 35, 0, 0, 0, 0, 0] -- 0.getPos.1.5 --> [0, 51, 35, 0, 0, 0, 0, 0])
Transition([0, 4, 34, 0, 0, 0, 0, 0] -- right --> [0, 175, 34, 0, 0, 0, 0, 0])
Transition([0, 175, 34, 0, 0, 0, 0, 0] -- 0.getPos.3.3 --> [0, 257, 34, 0, 0, 0, 0, 0])
Transition([0, 257, 34, 0, 0, 0, 0, 0] -- 0.setPos.3.4 --> [0, 0, 31, 0, 0, 0, 0, 0])
Transition([0, 4, 34, 0, 0, 0, 0, 0] -- up --> [0, 5, 34, 0, 0, 0, 0, 0])
Transition([0, 5, 34, 0, 0, 0, 0, 0] -- 0.getPos.3.3 --> [0, 87, 34, 0, 0, 0, 0, 0])
Transition([0, 87, 34, 0, 0, 0, 0, 0] -- 0.setPos.2.3 --> [0, 0, 6, 0, 0, 0, 0, 0])
Transition([0, 4, 32, 0, 0, 0, 0, 0] -- down --> [0, 90, 32, 0, 0, 0, 0, 0])
Transition([0, 90, 32, 0, 0, 0, 0, 0] -- 0.getPos.1.6 --> [0, 126, 32, 0, 0, 0, 0, 0])
Transition([0, 126, 32, 0, 0, 0, 0, 0] -- 0.setPos.2.6 --> [0, 0, 13, 0, 0, 0, 0, 0])
Transition([0, 0, 13, 0, 0, 0, 0, 0] -- startSafeCheck --> [0, 1, 13, 0, 1, 0, 0, 0])
Transition([0, 1, 13, 0, 1, 0, 0, 0] -- 0.getPos.2.6 --> [0, 1, 13, 0, 9, 0, 0, 0])
Transition([0, 1, 13, 0, 9, 0, 0, 0] -- 1.getPos.5.5 --> [0, 1, 13, 0, 4, 0, 0, 0])
Transition([0, 1, 13, 0, 4, 0, 0, 0] -- checkSafeOk --> [0, 2, 13, 0, 0, 0, 0, 0])
Transition([0, 2, 13, 0, 0, 0, 0, 0] -- startLiveCheck --> [0, 3, 13, 1, 0, 1, 0, 0])
Transition([0, 3, 13, 1, 0, 1, 0, 0] -- 1.getPos.5.5 --> [0, 3, 13, 2, 0, 2, 0, 0])
Transition([0, 3, 13, 2, 0, 2, 0, 0] -- checkLiveDone --> [0, 4, 13, 0, 0, 0, 0, 0])
Transition([0, 4, 32, 0, 0, 0, 0, 0] -- left --> [0, 260, 32, 0, 0, 0, 0, 0])
Transition([0, 260, 32, 0, 0, 0, 0, 0] -- 0.getPos.1.6 --> [0, 308, 32, 0, 0, 0, 0, 0])
Transition([0, 308, 32, 0, 0, 0, 0, 0] -- 0.setPos.1.5 --> [0, 0, 35, 0, 0, 0, 0, 0])
Transition([0, 4, 16, 0, 0, 0, 0, 0] -- down --> [0, 90, 16, 0, 0, 0, 0, 0])
Transition([0, 90, 16, 0, 0, 0, 0, 0] -- 0.getPos.2.5 --> [0, 106, 16, 0, 0, 0, 0, 0])
Transition([0, 106, 16, 0, 0, 0, 0, 0] -- 0.setPos.3.5 --> [0, 0, 29, 0, 0, 0, 0, 0])
Transition([0, 0, 29, 0, 0, 0, 0, 0] -- startSafeCheck --> [0, 1, 29, 0, 1, 0, 0, 0])
Transition([0, 1, 29, 0, 1, 0, 0, 0] -- 0.getPos.3.5 --> [0, 1, 29, 0, 25, 0, 0, 0])
Transition([0, 1, 29, 0, 25, 0, 0, 0] -- 1.getPos.5.5 --> [0, 1, 29, 0, 4, 0, 0, 0])
Transition([0, 1, 29, 0, 4, 0, 0, 0] -- checkSafeOk --> [0, 2, 29, 0, 0, 0, 0, 0])
Transition([0, 2, 29, 0, 0, 0, 0, 0] -- startLiveCheck --> [0, 3, 29, 1, 0, 1, 0, 0])
Transition([0, 3, 29, 1, 0, 1, 0, 0] -- 1.getPos.5.5 --> [0, 3, 29, 2, 0, 2, 0, 0])
Transition([0, 3, 29, 2, 0, 2, 0, 0] -- checkLiveDone --> [0, 4, 29, 0, 0, 0, 0, 0])
Transition([0, 4, 16, 0, 0, 0, 0, 0] -- left --> [0, 260, 16, 0, 0, 0, 0, 0])
Transition([0, 260, 16, 0, 0, 0, 0, 0] -- 0.getPos.2.5 --> [0, 282, 16, 0, 0, 0, 0, 0])
Transition([0, 282, 16, 0, 0, 0, 0, 0] -- 0.setPos.2.4 --> [0, 0, 18, 0, 0, 0, 0, 0])
Transition([0, 4, 31, 0, 0, 0, 0, 0] -- down --> [0, 90, 31, 0, 0, 0, 0, 0])
Transition([0, 90, 31, 0, 0, 0, 0, 0] -- 0.getPos.3.4 --> [0, 169, 31, 0, 0, 0, 0, 0])
Transition([0, 169, 31, 0, 0, 0, 0, 0] -- 0.setPos.4.4 --> [0, 0, 12, 0, 0, 0, 0, 0])
Transition([0, 0, 12, 0, 0, 0, 0, 0] -- startSafeCheck --> [0, 1, 12, 0, 1, 0, 0, 0])
Transition([0, 1, 12, 0, 1, 0, 0, 0] -- 0.getPos.4.4 --> [0, 1, 12, 0, 8, 0, 0, 0])
Transition([0, 1, 12, 0, 8, 0, 0, 0] -- 1.getPos.5.5 --> [0, 1, 12, 0, 4, 0, 0, 0])
Transition([0, 1, 12, 0, 4, 0, 0, 0] -- checkSafeOk --> [0, 2, 12, 0, 0, 0, 0, 0])
Transition([0, 2, 12, 0, 0, 0, 0, 0] -- startLiveCheck --> [0, 3, 12, 1, 0, 1, 0, 0])
Transition([0, 3, 12, 1, 0, 1, 0, 0] -- 1.getPos.5.5 --> [0, 3, 12, 2, 0, 2, 0, 0])
Transition([0, 3, 12, 2, 0, 2, 0, 0] -- checkLiveDone --> [0, 4, 12, 0, 0, 0, 0, 0])
Transition([0, 4, 16, 0, 0, 0, 0, 0] -- right --> [0, 175, 16, 0, 0, 0, 0, 0])
Transition([0, 175, 16, 0, 0, 0, 0, 0] -- 0.getPos.2.5 --> [0, 197, 16, 0, 0, 0, 0, 0])
Transition([0, 197, 16, 0, 0, 0, 0, 0] -- 0.setPos.2.6 --> [0, 0, 13, 0, 0, 0, 0, 0])
Transition([0, 4, 31, 0, 0, 0, 0, 0] -- left --> [0, 260, 31, 0, 0, 0, 0, 0])
Transition([0, 260, 31, 0, 0, 0, 0, 0] -- 0.getPos.3.4 --> [0, 339, 31, 0, 0, 0, 0, 0])
Transition([0, 339, 31, 0, 0, 0, 0, 0] -- 0.setPos.3.3 --> [0, 0, 34, 0, 0, 0, 0, 0])
Transition([0, 4, 16, 0, 0, 0, 0, 0] -- up --> [0, 5, 16, 0, 0, 0, 0, 0])
Transition([0, 5, 16, 0, 0, 0, 0, 0] -- 0.getPos.2.5 --> [0, 27, 16, 0, 0, 0, 0, 0])
Transition([0, 27, 16, 0, 0, 0, 0, 0] -- 0.setPos.1.5 --> [0, 0, 35, 0, 0, 0, 0, 0])
Transition([0, 4, 31, 0, 0, 0, 0, 0] -- right --> [0, 175, 31, 0, 0, 0, 0, 0])
Transition([0, 175, 31, 0, 0, 0, 0, 0] -- 0.getPos.3.4 --> [0, 254, 31, 0, 0, 0, 0, 0])
Transition([0, 254, 31, 0, 0, 0, 0, 0] -- 0.setPos.3.5 --> [0, 0, 29, 0, 0, 0, 0, 0])
Transition([0, 4, 31, 0, 0, 0, 0, 0] -- up --> [0, 5, 31, 0, 0, 0, 0, 0])
Transition([0, 5, 31, 0, 0, 0, 0, 0] -- 0.getPos.3.4 --> [0, 84, 31, 0, 0, 0, 0, 0])
Transition([0, 84, 31, 0, 0, 0, 0, 0] -- 0.setPos.2.4 --> [0, 0, 18, 0, 0, 0, 0, 0])
Transition([0, 4, 30, 0, 0, 0, 0, 0] -- down --> [0, 90, 30, 0, 0, 0, 0, 0])
Transition([0, 90, 30, 0, 0, 0, 0, 0] -- 0.getPos.5.2 --> [0, 125, 30, 0, 0, 0, 0, 0])
Transition([0, 125, 30, 0, 0, 0, 0, 0] -- 0.setPos.6.2 --> [0, 0, 11, 0, 0, 0, 0, 0])
Transition([0, 0, 11, 0, 0, 0, 0, 0] -- startSafeCheck --> [0, 1, 11, 0, 1, 0, 0, 0])
Transition([0, 1, 11, 0, 1, 0, 0, 0] -- 0.getPos.6.2 --> [0, 1, 11, 0, 7, 0, 0, 0])
Transition([0, 1, 11, 0, 7, 0, 0, 0] -- 1.getPos.5.5 --> [0, 1, 11, 0, 4, 0, 0, 0])
Transition([0, 1, 11, 0, 4, 0, 0, 0] -- checkSafeOk --> [0, 2, 11, 0, 0, 0, 0, 0])
Transition([0, 2, 11, 0, 0, 0, 0, 0] -- startLiveCheck --> [0, 3, 11, 1, 0, 1, 0, 0])
Transition([0, 3, 11, 1, 0, 1, 0, 0] -- 1.getPos.5.5 --> [0, 3, 11, 2, 0, 2, 0, 0])
Transition([0, 3, 11, 2, 0, 2, 0, 0] -- checkLiveDone --> [0, 4, 11, 0, 0, 0, 0, 0])
Transition([0, 4, 30, 0, 0, 0, 0, 0] -- left --> [0, 260, 30, 0, 0, 0, 0, 0])
Transition([0, 260, 30, 0, 0, 0, 0, 0] -- 0.getPos.5.2 --> [0, 307, 30, 0, 0, 0, 0, 0])
Transition([0, 307, 30, 0, 0, 0, 0, 0] -- 0.setPos.5.1 --> [0, 0, 33, 0, 0, 0, 0, 0])
Transition([0, 0, 33, 0, 0, 0, 0, 0] -- startSafeCheck --> [0, 1, 33, 0, 1, 0, 0, 0])
Transition([0, 1, 33, 0, 1, 0, 0, 0] -- 0.getPos.5.1 --> [0, 1, 33, 0, 35, 0, 0, 0])
Transition([0, 1, 33, 0, 35, 0, 0, 0] -- 1.getPos.5.5 --> [0, 1, 33, 0, 4, 0, 0, 0])
Transition([0, 1, 33, 0, 4, 0, 0, 0] -- checkSafeOk --> [0, 2, 33, 0, 0, 0, 0, 0])
Transition([0, 2, 33, 0, 0, 0, 0, 0] -- startLiveCheck --> [0, 3, 33, 1, 0, 1, 0, 0])
Transition([0, 3, 33, 1, 0, 1, 0, 0] -- 1.getPos.5.5 --> [0, 3, 33, 2, 0, 2, 0, 0])
Transition([0, 3, 33, 2, 0, 2, 0, 0] -- checkLiveDone --> [0, 4, 33, 0, 0, 0, 0, 0])
Transition([0, 4, 30, 0, 0, 0, 0, 0] -- right --> [0, 175, 30, 0, 0, 0, 0, 0])
Transition([0, 175, 30, 0, 0, 0, 0, 0] -- 0.getPos.5.2 --> [0, 218, 30, 0, 0, 0, 0, 0])
Transition([0, 218, 30, 0, 0, 0, 0, 0] -- 0.setPos.5.3 --> [0, 0, 28, 0, 0, 0, 0, 0])
Transition([0, 0, 28, 0, 0, 0, 0, 0] -- startSafeCheck --> [0, 1, 28, 0, 1, 0, 0, 0])
Transition([0, 1, 28, 0, 1, 0, 0, 0] -- 0.getPos.5.3 --> [0, 1, 28, 0, 24, 0, 0, 0])
Transition([0, 1, 28, 0, 24, 0, 0, 0] -- 1.getPos.5.5 --> [0, 1, 28, 0, 4, 0, 0, 0])
Transition([0, 1, 28, 0, 4, 0, 0, 0] -- checkSafeOk --> [0, 2, 28, 0, 0, 0, 0, 0])
Transition([0, 2, 28, 0, 0, 0, 0, 0] -- startLiveCheck --> [0, 3, 28, 1, 0, 1, 0, 0])
Transition([0, 3, 28, 1, 0, 1, 0, 0] -- 1.getPos.5.5 --> [0, 3, 28, 2, 0, 2, 0, 0])
Transition([0, 3, 28, 2, 0, 2, 0, 0] -- checkLiveDone --> [0, 4, 28, 0, 0, 0, 0, 0])
Transition([0, 4, 32, 0, 0, 0, 0, 0] -- right --> [0, 175, 32, 0, 0, 0, 0, 0])
Transition([0, 175, 32, 0, 0, 0, 0, 0] -- 0.getPos.1.6 --> [0, 221, 32, 0, 0, 0, 0, 0])
Transition([0, 4, 30, 0, 0, 0, 0, 0] -- up --> [0, 5, 30, 0, 0, 0, 0, 0])
Transition([0, 5, 30, 0, 0, 0, 0, 0] -- 0.getPos.5.2 --> [0, 44, 30, 0, 0, 0, 0, 0])
Transition([0, 44, 30, 0, 0, 0, 0, 0] -- 0.setPos.4.2 --> [0, 0, 17, 0, 0, 0, 0, 0])
Transition([0, 4, 32, 0, 0, 0, 0, 0] -- up --> [0, 5, 32, 0, 0, 0, 0, 0])
Transition([0, 5, 32, 0, 0, 0, 0, 0] -- 0.getPos.1.6 --> [0, 47, 32, 0, 0, 0, 0, 0])
Transition([0, 4, 15, 0, 0, 0, 0, 0] -- down --> [0, 90, 15, 0, 0, 0, 0, 0])
Transition([0, 90, 15, 0, 0, 0, 0, 0] -- 0.getPos.4.3 --> [0, 151, 15, 0, 0, 0, 0, 0])
Transition([0, 151, 15, 0, 0, 0, 0, 0] -- 0.setPos.5.3 --> [0, 0, 28, 0, 0, 0, 0, 0])
Transition([0, 4, 15, 0, 0, 0, 0, 0] -- left --> [0, 260, 15, 0, 0, 0, 0, 0])
Transition([0, 260, 15, 0, 0, 0, 0, 0] -- 0.getPos.4.3 --> [0, 327, 15, 0, 0, 0, 0, 0])
Transition([0, 327, 15, 0, 0, 0, 0, 0] -- 0.setPos.4.2 --> [0, 0, 17, 0, 0, 0, 0, 0])
Transition([0, 4, 15, 0, 0, 0, 0, 0] -- right --> [0, 175, 15, 0, 0, 0, 0, 0])
Transition([0, 175, 15, 0, 0, 0, 0, 0] -- 0.getPos.4.3 --> [0, 240, 15, 0, 0, 0, 0, 0])
Transition([0, 240, 15, 0, 0, 0, 0, 0] -- 0.setPos.4.4 --> [0, 0, 12, 0, 0, 0, 0, 0])
Transition([0, 4, 15, 0, 0, 0, 0, 0] -- up --> [0, 5, 15, 0, 0, 0, 0, 0])
Transition([0, 5, 15, 0, 0, 0, 0, 0] -- 0.getPos.4.3 --> [0, 66, 15, 0, 0, 0, 0, 0])
Transition([0, 66, 15, 0, 0, 0, 0, 0] -- 0.setPos.3.3 --> [0, 0, 34, 0, 0, 0, 0, 0])
Transition([0, 4, 12, 0, 0, 0, 0, 0] -- down --> [0, 90, 12, 0, 0, 0, 0, 0])
Transition([0, 90, 12, 0, 0, 0, 0, 0] -- 0.getPos.4.4 --> [0, 142, 12, 0, 0, 0, 0, 0])
Transition([0, 142, 12, 0, 0, 0, 0, 0] -- 0.setPos.5.4 --> [0, 0, 26, 0, 0, 0, 0, 0])
Transition([0, 0, 26, 0, 0, 0, 0, 0] -- startSafeCheck --> [0, 1, 26, 0, 1, 0, 0, 0])
Transition([0, 1, 26, 0, 1, 0, 0, 0] -- 0.getPos.5.4 --> [0, 1, 26, 0, 22, 0, 0, 0])
Transition([0, 1, 26, 0, 22, 0, 0, 0] -- 1.getPos.5.5 --> [0, 1, 26, 0, 4, 0, 0, 0])
Transition([0, 1, 26, 0, 4, 0, 0, 0] -- checkSafeOk --> [0, 2, 26, 0, 0, 0, 0, 0])
Transition([0, 2, 26, 0, 0, 0, 0, 0] -- startLiveCheck --> [0, 3, 26, 1, 0, 1, 0, 0])
Transition([0, 3, 26, 1, 0, 1, 0, 0] -- 1.getPos.5.5 --> [0, 3, 26, 2, 0, 2, 0, 0])
Transition([0, 3, 26, 2, 0, 2, 0, 0] -- checkLiveDone --> [0, 4, 26, 0, 0, 0, 0, 0])
Transition([0, 4, 12, 0, 0, 0, 0, 0] -- left --> [0, 260, 12, 0, 0, 0, 0, 0])
Transition([0, 260, 12, 0, 0, 0, 0, 0] -- 0.getPos.4.4 --> [0, 320, 12, 0, 0, 0, 0, 0])
Transition([0, 320, 12, 0, 0, 0, 0, 0] -- 0.setPos.4.3 --> [0, 0, 15, 0, 0, 0, 0, 0])
Transition([0, 4, 13, 0, 0, 0, 0, 0] -- down --> [0, 90, 13, 0, 0, 0, 0, 0])
Transition([0, 90, 13, 0, 0, 0, 0, 0] -- 0.getPos.2.6 --> [0, 94, 13, 0, 0, 0, 0, 0])
Transition([0, 94, 13, 0, 0, 0, 0, 0] -- 0.setPos.3.6 --> [0, 0, 27, 0, 0, 0, 0, 0])
Transition([0, 0, 27, 0, 0, 0, 0, 0] -- startSafeCheck --> [0, 1, 27, 0, 1, 0, 0, 0])
Transition([0, 1, 27, 0, 1, 0, 0, 0] -- 0.getPos.3.6 --> [0, 1, 27, 0, 23, 0, 0, 0])
Transition([0, 1, 27, 0, 23, 0, 0, 0] -- 1.getPos.5.5 --> [0, 1, 27, 0, 4, 0, 0, 0])
Transition([0, 1, 27, 0, 4, 0, 0, 0] -- checkSafeOk --> [0, 2, 27, 0, 0, 0, 0, 0])
Transition([0, 2, 27, 0, 0, 0, 0, 0] -- startLiveCheck --> [0, 3, 27, 1, 0, 1, 0, 0])
Transition([0, 3, 27, 1, 0, 1, 0, 0] -- 1.getPos.5.5 --> [0, 3, 27, 2, 0, 2, 0, 0])
Transition([0, 3, 27, 2, 0, 2, 0, 0] -- checkLiveDone --> [0, 4, 27, 0, 0, 0, 0, 0])
Transition([0, 4, 12, 0, 0, 0, 0, 0] -- right --> [0, 175, 12, 0, 0, 0, 0, 0])
Transition([0, 175, 12, 0, 0, 0, 0, 0] -- 0.getPos.4.4 --> [0, 233, 12, 0, 0, 0, 0, 0])
Transition([0, 233, 12, 0, 0, 0, 0, 0] -- 0.setPos.4.5 --> [0, 0, 10, 0, 0, 0, 0, 0])
Transition([0, 0, 10, 0, 0, 0, 0, 0] -- startSafeCheck --> [0, 1, 10, 0, 1, 0, 0, 0])
Transition([0, 1, 10, 0, 1, 0, 0, 0] -- 0.getPos.4.5 --> [0, 1, 10, 0, 6, 0, 0, 0])
Transition([0, 1, 10, 0, 6, 0, 0, 0] -- 1.getPos.5.5 --> [0, 1, 10, 0, 4, 0, 0, 0])
Transition([0, 1, 10, 0, 4, 0, 0, 0] -- checkSafeOk --> [0, 2, 10, 0, 0, 0, 0, 0])
Transition([0, 2, 10, 0, 0, 0, 0, 0] -- startLiveCheck --> [0, 3, 10, 1, 0, 1, 0, 0])
Transition([0, 3, 10, 1, 0, 1, 0, 0] -- 1.getPos.5.5 --> [0, 3, 10, 2, 0, 2, 0, 0])
Transition([0, 3, 10, 2, 0, 2, 0, 0] -- checkLiveDone --> [0, 4, 10, 0, 0, 0, 0, 0])
Transition([0, 4, 13, 0, 0, 0, 0, 0] -- left --> [0, 260, 13, 0, 0, 0, 0, 0])
Transition([0, 260, 13, 0, 0, 0, 0, 0] -- 0.getPos.2.6 --> [0, 268, 13, 0, 0, 0, 0, 0])
Transition([0, 268, 13, 0, 0, 0, 0, 0] -- 0.setPos.2.5 --> [0, 0, 16, 0, 0, 0, 0, 0])
Transition([0, 4, 13, 0, 0, 0, 0, 0] -- right --> [0, 175, 13, 0, 0, 0, 0, 0])
Transition([0, 175, 13, 0, 0, 0, 0, 0] -- 0.getPos.2.6 --> [0, 183, 13, 0, 0, 0, 0, 0])
Transition([0, 4, 29, 0, 0, 0, 0, 0] -- down --> [0, 90, 29, 0, 0, 0, 0, 0])
Transition([0, 90, 29, 0, 0, 0, 0, 0] -- 0.getPos.3.5 --> [0, 160, 29, 0, 0, 0, 0, 0])
Transition([0, 160, 29, 0, 0, 0, 0, 0] -- 0.setPos.4.5 --> [0, 0, 10, 0, 0, 0, 0, 0])
Transition([0, 4, 29, 0, 0, 0, 0, 0] -- left --> [0, 260, 29, 0, 0, 0, 0, 0])
Transition([0, 260, 29, 0, 0, 0, 0, 0] -- 0.getPos.3.5 --> [0, 334, 29, 0, 0, 0, 0, 0])
Transition([0, 334, 29, 0, 0, 0, 0, 0] -- 0.setPos.3.4 --> [0, 0, 31, 0, 0, 0, 0, 0])
Transition([0, 4, 29, 0, 0, 0, 0, 0] -- right --> [0, 175, 29, 0, 0, 0, 0, 0])
Transition([0, 175, 29, 0, 0, 0, 0, 0] -- 0.getPos.3.5 --> [0, 247, 29, 0, 0, 0, 0, 0])
Transition([0, 247, 29, 0, 0, 0, 0, 0] -- 0.setPos.3.6 --> [0, 0, 27, 0, 0, 0, 0, 0])
Transition([0, 4, 29, 0, 0, 0, 0, 0] -- up --> [0, 5, 29, 0, 0, 0, 0, 0])
Transition([0, 5, 29, 0, 0, 0, 0, 0] -- 0.getPos.3.5 --> [0, 75, 29, 0, 0, 0, 0, 0])
Transition([0, 75, 29, 0, 0, 0, 0, 0] -- 0.setPos.2.5 --> [0, 0, 16, 0, 0, 0, 0, 0])
Transition([0, 4, 12, 0, 0, 0, 0, 0] -- up --> [0, 5, 12, 0, 0, 0, 0, 0])
Transition([0, 5, 12, 0, 0, 0, 0, 0] -- 0.getPos.4.4 --> [0, 57, 12, 0, 0, 0, 0, 0])
Transition([0, 57, 12, 0, 0, 0, 0, 0] -- 0.setPos.3.4 --> [0, 0, 31, 0, 0, 0, 0, 0])
Transition([0, 4, 13, 0, 0, 0, 0, 0] -- up --> [0, 5, 13, 0, 0, 0, 0, 0])
Transition([0, 5, 13, 0, 0, 0, 0, 0] -- 0.getPos.2.6 --> [0, 15, 13, 0, 0, 0, 0, 0])
Transition([0, 15, 13, 0, 0, 0, 0, 0] -- 0.setPos.1.6 --> [0, 0, 32, 0, 0, 0, 0, 0])
Transition([0, 4, 28, 0, 0, 0, 0, 0] -- down --> [0, 90, 28, 0, 0, 0, 0, 0])
Transition([0, 90, 28, 0, 0, 0, 0, 0] -- 0.getPos.5.3 --> [0, 116, 28, 0, 0, 0, 0, 0])
Transition([0, 116, 28, 0, 0, 0, 0, 0] -- 0.setPos.6.3 --> [0, 0, 9, 0, 0, 0, 0, 0])
Transition([0, 0, 9, 0, 0, 0, 0, 0] -- startSafeCheck --> [0, 1, 9, 0, 1, 0, 0, 0])
Transition([0, 1, 9, 0, 1, 0, 0, 0] -- 0.getPos.6.3 --> [0, 1, 9, 0, 5, 0, 0, 0])
Transition([0, 1, 9, 0, 5, 0, 0, 0] -- 1.getPos.5.5 --> [0, 1, 9, 0, 4, 0, 0, 0])
Transition([0, 1, 9, 0, 4, 0, 0, 0] -- checkSafeOk --> [0, 2, 9, 0, 0, 0, 0, 0])
Transition([0, 2, 9, 0, 0, 0, 0, 0] -- startLiveCheck --> [0, 3, 9, 1, 0, 1, 0, 0])
Transition([0, 3, 9, 1, 0, 1, 0, 0] -- 1.getPos.5.5 --> [0, 3, 9, 2, 0, 2, 0, 0])
Transition([0, 3, 9, 2, 0, 2, 0, 0] -- checkLiveDone --> [0, 4, 9, 0, 0, 0, 0, 0])
Transition([0, 4, 28, 0, 0, 0, 0, 0] -- left --> [0, 260, 28, 0, 0, 0, 0, 0])
Transition([0, 260, 28, 0, 0, 0, 0, 0] -- 0.getPos.5.3 --> [0, 292, 28, 0, 0, 0, 0, 0])
Transition([0, 292, 28, 0, 0, 0, 0, 0] -- 0.setPos.5.2 --> [0, 0, 30, 0, 0, 0, 0, 0])
Transition([0, 4, 28, 0, 0, 0, 0, 0] -- right --> [0, 175, 28, 0, 0, 0, 0, 0])
Transition([0, 175, 28, 0, 0, 0, 0, 0] -- 0.getPos.5.3 --> [0, 207, 28, 0, 0, 0, 0, 0])
Transition([0, 207, 28, 0, 0, 0, 0, 0] -- 0.setPos.5.4 --> [0, 0, 26, 0, 0, 0, 0, 0])
Transition([0, 4, 28, 0, 0, 0, 0, 0] -- up --> [0, 5, 28, 0, 0, 0, 0, 0])
Transition([0, 5, 28, 0, 0, 0, 0, 0] -- 0.getPos.5.3 --> [0, 33, 28, 0, 0, 0, 0, 0])
Transition([0, 33, 28, 0, 0, 0, 0, 0] -- 0.setPos.4.3 --> [0, 0, 15, 0, 0, 0, 0, 0])
Transition([0, 4, 33, 0, 0, 0, 0, 0] -- down --> [0, 90, 33, 0, 0, 0, 0, 0])
Transition([0, 90, 33, 0, 0, 0, 0, 0] -- 0.getPos.5.1 --> [0, 129, 33, 0, 0, 0, 0, 0])
Transition([0, 129, 33, 0, 0, 0, 0, 0] -- 0.setPos.6.1 --> [0, 0, 14, 0, 0, 0, 1, 0])
Transition([0, 0, 14, 0, 0, 0, 1, 0] -- illegalPosition --> [0, 0, 14, 0, 0, 0, 1, 0])
Transition([0, 4, 33, 0, 0, 0, 0, 0] -- left --> [0, 260, 33, 0, 0, 0, 0, 0])
Transition([0, 260, 33, 0, 0, 0, 0, 0] -- 0.getPos.5.1 --> [0, 311, 33, 0, 0, 0, 0, 0])
Transition([0, 4, 33, 0, 0, 0, 0, 0] -- right --> [0, 175, 33, 0, 0, 0, 0, 0])
Transition([0, 175, 33, 0, 0, 0, 0, 0] -- 0.getPos.5.1 --> [0, 222, 33, 0, 0, 0, 0, 0])
Transition([0, 222, 33, 0, 0, 0, 0, 0] -- 0.setPos.5.2 --> [0, 0, 30, 0, 0, 0, 0, 0])
Transition([0, 4, 11, 0, 0, 0, 0, 0] -- down --> [0, 90, 11, 0, 0, 0, 0, 0])
Transition([0, 90, 11, 0, 0, 0, 0, 0] -- 0.getPos.6.2 --> [0, 93, 11, 0, 0, 0, 0, 0])
Transition([0, 4, 11, 0, 0, 0, 0, 0] -- left --> [0, 260, 11, 0, 0, 0, 0, 0])
Transition([0, 260, 11, 0, 0, 0, 0, 0] -- 0.getPos.6.2 --> [0, 267, 11, 0, 0, 0, 0, 0])
Transition([0, 267, 11, 0, 0, 0, 0, 0] -- 0.setPos.6.1 --> [0, 0, 14, 0, 0, 0, 1, 0])
Transition([0, 4, 33, 0, 0, 0, 0, 0] -- up --> [0, 5, 33, 0, 0, 0, 0, 0])
Transition([0, 5, 33, 0, 0, 0, 0, 0] -- 0.getPos.5.1 --> [0, 48, 33, 0, 0, 0, 0, 0])
Transition([0, 48, 33, 0, 0, 0, 0, 0] -- 0.setPos.4.1 --> [0, 0, 5, 0, 0, 0, 1, 0])
Transition([0, 4, 11, 0, 0, 0, 0, 0] -- right --> [0, 175, 11, 0, 0, 0, 0, 0])
Transition([0, 175, 11, 0, 0, 0, 0, 0] -- 0.getPos.6.2 --> [0, 180, 11, 0, 0, 0, 0, 0])
Transition([0, 180, 11, 0, 0, 0, 0, 0] -- 0.setPos.6.3 --> [0, 0, 9, 0, 0, 0, 0, 0])
Transition([0, 4, 11, 0, 0, 0, 0, 0] -- up --> [0, 5, 11, 0, 0, 0, 0, 0])
Transition([0, 5, 11, 0, 0, 0, 0, 0] -- 0.getPos.6.2 --> [0, 12, 11, 0, 0, 0, 0, 0])
Transition([0, 12, 11, 0, 0, 0, 0, 0] -- 0.setPos.5.2 --> [0, 0, 30, 0, 0, 0, 0, 0])
Transition([0, 4, 26, 0, 0, 0, 0, 0] -- down --> [0, 90, 26, 0, 0, 0, 0, 0])
Transition([0, 90, 26, 0, 0, 0, 0, 0] -- 0.getPos.5.4 --> [0, 115, 26, 0, 0, 0, 0, 0])
Transition([0, 115, 26, 0, 0, 0, 0, 0] -- 0.setPos.6.4 --> [0, 0, 3, 0, 0, 0, 0, 0])
Transition([0, 0, 3, 0, 0, 0, 0, 0] -- startSafeCheck --> [0, 1, 3, 0, 1, 0, 0, 0])
Transition([0, 1, 3, 0, 1, 0, 0, 0] -- 0.getPos.6.4 --> [0, 1, 3, 0, 11, 0, 0, 0])
Transition([0, 1, 3, 0, 11, 0, 0, 0] -- 1.getPos.5.5 --> [0, 1, 3, 0, 4, 0, 0, 0])
Transition([0, 1, 3, 0, 4, 0, 0, 0] -- checkSafeOk --> [0, 2, 3, 0, 0, 0, 0, 0])
Transition([0, 2, 3, 0, 0, 0, 0, 0] -- startLiveCheck --> [0, 3, 3, 1, 0, 1, 0, 0])
Transition([0, 3, 3, 1, 0, 1, 0, 0] -- 1.getPos.5.5 --> [0, 3, 3, 2, 0, 2, 0, 0])
Transition([0, 3, 3, 2, 0, 2, 0, 0] -- checkLiveDone --> [0, 4, 3, 0, 0, 0, 0, 0])
Transition([0, 4, 26, 0, 0, 0, 0, 0] -- left --> [0, 260, 26, 0, 0, 0, 0, 0])
Transition([0, 260, 26, 0, 0, 0, 0, 0] -- 0.getPos.5.4 --> [0, 289, 26, 0, 0, 0, 0, 0])
Transition([0, 289, 26, 0, 0, 0, 0, 0] -- 0.setPos.5.3 --> [0, 0, 28, 0, 0, 0, 0, 0])
Transition([0, 4, 9, 0, 0, 0, 0, 0] -- down --> [0, 90, 9, 0, 0, 0, 0, 0])
Transition([0, 90, 9, 0, 0, 0, 0, 0] -- 0.getPos.6.3 --> [0, 92, 9, 0, 0, 0, 0, 0])
Transition([0, 4, 9, 0, 0, 0, 0, 0] -- left --> [0, 260, 9, 0, 0, 0, 0, 0])
Transition([0, 260, 9, 0, 0, 0, 0, 0] -- 0.getPos.6.3 --> [0, 264, 9, 0, 0, 0, 0, 0])
Transition([0, 264, 9, 0, 0, 0, 0, 0] -- 0.setPos.6.2 --> [0, 0, 11, 0, 0, 0, 0, 0])
Transition([0, 4, 26, 0, 0, 0, 0, 0] -- right --> [0, 175, 26, 0, 0, 0, 0, 0])
Transition([0, 175, 26, 0, 0, 0, 0, 0] -- 0.getPos.5.4 --> [0, 204, 26, 0, 0, 0, 0, 0])
Transition([0, 204, 26, 0, 0, 0, 0, 0] -- 0.setPos.5.5 --> [0, 0, 20, 0, 0, 0, 0, 0])
Transition([0, 0, 20, 0, 0, 0, 0, 0] -- startSafeCheck --> [0, 1, 20, 0, 1, 0, 0, 0])
Transition([0, 1, 20, 0, 1, 0, 0, 0] -- 0.getPos.5.5 --> [0, 1, 20, 0, 27, 0, 0, 0])
Transition([0, 1, 20, 0, 27, 0, 0, 0] -- 1.getPos.5.5 --> [0, 1, 20, 0, 3, 0, 0, 0])
Transition([0, 204, 26, 0, 0, 0, 0, 0] -- 1.getPos.5.5 --> [0, 205, 26, 0, 0, 0, 0, 0])
Transition([0, 205, 26, 0, 0, 0, 0, 0] -- 1.setPos.5.6 --> [19, 206, 26, 0, 0, 0, 0, 0])
Transition([19, 206, 26, 0, 0, 0, 0, 0] -- 0.setPos.5.5 --> [19, 0, 20, 0, 0, 0, 0, 0])
Transition([19, 0, 20, 0, 0, 0, 0, 0] -- startSafeCheck --> [19, 1, 20, 0, 1, 0, 0, 0])
Transition([19, 1, 20, 0, 1, 0, 0, 0] -- 0.getPos.5.5 --> [19, 1, 20, 0, 27, 0, 0, 0])
Transition([19, 1, 20, 0, 27, 0, 0, 0] -- 1.getPos.5.6 --> [19, 1, 20, 0, 4, 0, 0, 0])
Transition([19, 1, 20, 0, 4, 0, 0, 0] -- checkSafeOk --> [19, 2, 20, 0, 0, 0, 0, 0])
Transition([19, 2, 20, 0, 0, 0, 0, 0] -- startLiveCheck --> [19, 3, 20, 1, 0, 1, 0, 0])
Transition([19, 3, 20, 1, 0, 1, 0, 0] -- 1.getPos.5.6 --> [19, 3, 20, 2, 0, 2, 0, 0])
Transition([19, 3, 20, 2, 0, 2, 0, 0] -- checkLiveDone --> [19, 4, 20, 0, 0, 0, 0, 0])
Transition([0, 4, 9, 0, 0, 0, 0, 0] -- right --> [0, 175, 9, 0, 0, 0, 0, 0])
Transition([0, 175, 9, 0, 0, 0, 0, 0] -- 0.getPos.6.3 --> [0, 177, 9, 0, 0, 0, 0, 0])
Transition([0, 177, 9, 0, 0, 0, 0, 0] -- 0.setPos.6.4 --> [0, 0, 3, 0, 0, 0, 0, 0])
Transition([0, 4, 10, 0, 0, 0, 0, 0] -- down --> [0, 90, 10, 0, 0, 0, 0, 0])
Transition([0, 90, 10, 0, 0, 0, 0, 0] -- 0.getPos.4.5 --> [0, 139, 10, 0, 0, 0, 0, 0])
Transition([0, 139, 10, 0, 0, 0, 0, 0] -- 0.setPos.5.5 --> [0, 0, 20, 0, 0, 0, 0, 0])
Transition([0, 139, 10, 0, 0, 0, 0, 0] -- 1.getPos.5.5 --> [0, 140, 10, 0, 0, 0, 0, 0])
Transition([0, 140, 10, 0, 0, 0, 0, 0] -- 1.setPos.6.5 --> [2, 141, 10, 0, 0, 0, 0, 0])
Transition([2, 141, 10, 0, 0, 0, 0, 0] -- 0.setPos.5.5 --> [2, 0, 20, 0, 0, 0, 0, 0])
Transition([2, 0, 20, 0, 0, 0, 0, 0] -- startSafeCheck --> [2, 1, 20, 0, 1, 0, 0, 0])
Transition([2, 1, 20, 0, 1, 0, 0, 0] -- 0.getPos.5.5 --> [2, 1, 20, 0, 27, 0, 0, 0])
Transition([2, 1, 20, 0, 27, 0, 0, 0] -- 1.getPos.6.5 --> [2, 1, 20, 0, 4, 0, 0, 0])
Transition([2, 1, 20, 0, 4, 0, 0, 0] -- checkSafeOk --> [2, 2, 20, 0, 0, 0, 0, 0])
Transition([2, 2, 20, 0, 0, 0, 0, 0] -- startLiveCheck --> [2, 3, 20, 1, 0, 1, 0, 0])
Transition([2, 3, 20, 1, 0, 1, 0, 0] -- 1.getPos.6.5 --> [2, 3, 20, 2, 0, 2, 0, 0])
Transition([2, 3, 20, 2, 0, 2, 0, 0] -- checkLiveDone --> [2, 4, 20, 0, 0, 0, 0, 0])
Transition([0, 4, 26, 0, 0, 0, 0, 0] -- up --> [0, 5, 26, 0, 0, 0, 0, 0])
Transition([0, 5, 26, 0, 0, 0, 0, 0] -- 0.getPos.5.4 --> [0, 30, 26, 0, 0, 0, 0, 0])
Transition([0, 30, 26, 0, 0, 0, 0, 0] -- 0.setPos.4.4 --> [0, 0, 12, 0, 0, 0, 0, 0])
Transition([0, 4, 27, 0, 0, 0, 0, 0] -- down --> [0, 90, 27, 0, 0, 0, 0, 0])
Transition([0, 90, 27, 0, 0, 0, 0, 0] -- 0.getPos.3.6 --> [0, 157, 27, 0, 0, 0, 0, 0])
Transition([0, 157, 27, 0, 0, 0, 0, 0] -- 0.setPos.4.6 --> [0, 0, 4, 0, 0, 0, 0, 0])
Transition([0, 0, 4, 0, 0, 0, 0, 0] -- startSafeCheck --> [0, 1, 4, 0, 1, 0, 0, 0])
Transition([0, 1, 4, 0, 1, 0, 0, 0] -- 0.getPos.4.6 --> [0, 1, 4, 0, 12, 0, 0, 0])
Transition([0, 1, 4, 0, 12, 0, 0, 0] -- 1.getPos.5.5 --> [0, 1, 4, 0, 4, 0, 0, 0])
Transition([0, 1, 4, 0, 4, 0, 0, 0] -- checkSafeOk --> [0, 2, 4, 0, 0, 0, 0, 0])
Transition([0, 2, 4, 0, 0, 0, 0, 0] -- startLiveCheck --> [0, 3, 4, 1, 0, 1, 0, 0])
Transition([0, 3, 4, 1, 0, 1, 0, 0] -- 1.getPos.5.5 --> [0, 3, 4, 2, 0, 2, 0, 0])
Transition([0, 3, 4, 2, 0, 2, 0, 0] -- checkLiveDone --> [0, 4, 4, 0, 0, 0, 0, 0])
Transition([0, 4, 27, 0, 0, 0, 0, 0] -- left --> [0, 260, 27, 0, 0, 0, 0, 0])
Transition([0, 260, 27, 0, 0, 0, 0, 0] -- 0.getPos.3.6 --> [0, 331, 27, 0, 0, 0, 0, 0])
Transition([0, 331, 27, 0, 0, 0, 0, 0] -- 0.setPos.3.5 --> [0, 0, 29, 0, 0, 0, 0, 0])
Transition([0, 4, 27, 0, 0, 0, 0, 0] -- right --> [0, 175, 27, 0, 0, 0, 0, 0])
Transition([0, 175, 27, 0, 0, 0, 0, 0] -- 0.getPos.3.6 --> [0, 246, 27, 0, 0, 0, 0, 0])
Transition([0, 4, 27, 0, 0, 0, 0, 0] -- up --> [0, 5, 27, 0, 0, 0, 0, 0])
Transition([0, 5, 27, 0, 0, 0, 0, 0] -- 0.getPos.3.6 --> [0, 72, 27, 0, 0, 0, 0, 0])
Transition([0, 72, 27, 0, 0, 0, 0, 0] -- 0.setPos.2.6 --> [0, 0, 13, 0, 0, 0, 0, 0])
Transition([0, 4, 9, 0, 0, 0, 0, 0] -- up --> [0, 5, 9, 0, 0, 0, 0, 0])
Transition([0, 5, 9, 0, 0, 0, 0, 0] -- 0.getPos.6.3 --> [0, 9, 9, 0, 0, 0, 0, 0])
Transition([0, 9, 9, 0, 0, 0, 0, 0] -- 0.setPos.5.3 --> [0, 0, 28, 0, 0, 0, 0, 0])
Transition([0, 4, 10, 0, 0, 0, 0, 0] -- left --> [0, 260, 10, 0, 0, 0, 0, 0])
Transition([0, 260, 10, 0, 0, 0, 0, 0] -- 0.getPos.4.5 --> [0, 317, 10, 0, 0, 0, 0, 0])
Transition([0, 317, 10, 0, 0, 0, 0, 0] -- 0.setPos.4.4 --> [0, 0, 12, 0, 0, 0, 0, 0])
Transition([0, 4, 10, 0, 0, 0, 0, 0] -- right --> [0, 175, 10, 0, 0, 0, 0, 0])
Transition([0, 175, 10, 0, 0, 0, 0, 0] -- 0.getPos.4.5 --> [0, 232, 10, 0, 0, 0, 0, 0])
Transition([0, 232, 10, 0, 0, 0, 0, 0] -- 0.setPos.4.6 --> [0, 0, 4, 0, 0, 0, 0, 0])
Transition([0, 4, 10, 0, 0, 0, 0, 0] -- up --> [0, 5, 10, 0, 0, 0, 0, 0])
Transition([0, 5, 10, 0, 0, 0, 0, 0] -- 0.getPos.4.5 --> [0, 54, 10, 0, 0, 0, 0, 0])
Transition([0, 54, 10, 0, 0, 0, 0, 0] -- 0.setPos.3.5 --> [0, 0, 29, 0, 0, 0, 0, 0])
Transition([0, 4, 3, 0, 0, 0, 0, 0] -- down --> [0, 90, 3, 0, 0, 0, 0, 0])
Transition([0, 90, 3, 0, 0, 0, 0, 0] -- 0.getPos.6.4 --> [0, 98, 3, 0, 0, 0, 0, 0])
Transition([0, 4, 3, 0, 0, 0, 0, 0] -- left --> [0, 260, 3, 0, 0, 0, 0, 0])
Transition([0, 260, 3, 0, 0, 0, 0, 0] -- 0.getPos.6.4 --> [0, 274, 3, 0, 0, 0, 0, 0])
Transition([0, 274, 3, 0, 0, 0, 0, 0] -- 0.setPos.6.3 --> [0, 0, 9, 0, 0, 0, 0, 0])
Transition([0, 4, 4, 0, 0, 0, 0, 0] -- down --> [0, 90, 4, 0, 0, 0, 0, 0])
Transition([0, 90, 4, 0, 0, 0, 0, 0] -- 0.getPos.4.6 --> [0, 145, 4, 0, 0, 0, 0, 0])
Transition([0, 145, 4, 0, 0, 0, 0, 0] -- 0.setPos.5.6 --> [0, 0, 19, 0, 0, 0, 0, 0])
Transition([0, 0, 19, 0, 0, 0, 0, 0] -- startSafeCheck --> [0, 1, 19, 0, 1, 0, 0, 0])
Transition([0, 1, 19, 0, 1, 0, 0, 0] -- 0.getPos.5.6 --> [0, 1, 19, 0, 26, 0, 0, 0])
Transition([0, 1, 19, 0, 26, 0, 0, 0] -- 1.getPos.5.5 --> [0, 1, 19, 0, 4, 0, 0, 0])
Transition([0, 1, 19, 0, 4, 0, 0, 0] -- checkSafeOk --> [0, 2, 19, 0, 0, 0, 0, 0])
Transition([0, 2, 19, 0, 0, 0, 0, 0] -- startLiveCheck --> [0, 3, 19, 1, 0, 1, 0, 0])
Transition([0, 3, 19, 1, 0, 1, 0, 0] -- 1.getPos.5.5 --> [0, 3, 19, 2, 0, 2, 0, 0])
Transition([0, 3, 19, 2, 0, 2, 0, 0] -- checkLiveDone --> [0, 4, 19, 0, 0, 0, 0, 0])
Transition([0, 4, 4, 0, 0, 0, 0, 0] -- left --> [0, 260, 4, 0, 0, 0, 0, 0])
Transition([0, 260, 4, 0, 0, 0, 0, 0] -- 0.getPos.4.6 --> [0, 323, 4, 0, 0, 0, 0, 0])
Transition([0, 323, 4, 0, 0, 0, 0, 0] -- 0.setPos.4.5 --> [0, 0, 10, 0, 0, 0, 0, 0])
Transition([0, 4, 4, 0, 0, 0, 0, 0] -- right --> [0, 175, 4, 0, 0, 0, 0, 0])
Transition([0, 175, 4, 0, 0, 0, 0, 0] -- 0.getPos.4.6 --> [0, 236, 4, 0, 0, 0, 0, 0])
Transition([0, 4, 3, 0, 0, 0, 0, 0] -- right --> [0, 175, 3, 0, 0, 0, 0, 0])
Transition([0, 175, 3, 0, 0, 0, 0, 0] -- 0.getPos.6.4 --> [0, 185, 3, 0, 0, 0, 0, 0])
Transition([0, 185, 3, 0, 0, 0, 0, 0] -- 0.setPos.6.5 --> [0, 0, 2, 0, 0, 0, 0, 0])
Transition([0, 0, 2, 0, 0, 0, 0, 0] -- startSafeCheck --> [0, 1, 2, 0, 1, 0, 0, 0])
Transition([0, 1, 2, 0, 1, 0, 0, 0] -- 0.getPos.6.5 --> [0, 1, 2, 0, 10, 0, 0, 0])
Transition([0, 1, 2, 0, 10, 0, 0, 0] -- 1.getPos.5.5 --> [0, 1, 2, 0, 4, 0, 0, 0])
Transition([0, 1, 2, 0, 4, 0, 0, 0] -- checkSafeOk --> [0, 2, 2, 0, 0, 0, 0, 0])
Transition([0, 2, 2, 0, 0, 0, 0, 0] -- startLiveCheck --> [0, 3, 2, 1, 0, 1, 0, 0])
Transition([0, 3, 2, 1, 0, 1, 0, 0] -- 1.getPos.5.5 --> [0, 3, 2, 2, 0, 2, 0, 0])
Transition([0, 3, 2, 2, 0, 2, 0, 0] -- checkLiveDone --> [0, 4, 2, 0, 0, 0, 0, 0])
Transition([0, 4, 4, 0, 0, 0, 0, 0] -- up --> [0, 5, 4, 0, 0, 0, 0, 0])
Transition([0, 5, 4, 0, 0, 0, 0, 0] -- 0.getPos.4.6 --> [0, 60, 4, 0, 0, 0, 0, 0])
Transition([0, 60, 4, 0, 0, 0, 0, 0] -- 0.setPos.3.6 --> [0, 0, 27, 0, 0, 0, 0, 0])
Transition([0, 4, 3, 0, 0, 0, 0, 0] -- up --> [0, 5, 3, 0, 0, 0, 0, 0])
Transition([0, 5, 3, 0, 0, 0, 0, 0] -- 0.getPos.6.4 --> [0, 19, 3, 0, 0, 0, 0, 0])
Transition([0, 19, 3, 0, 0, 0, 0, 0] -- 0.setPos.5.4 --> [0, 0, 26, 0, 0, 0, 0, 0])
Transition([19, 4, 20, 0, 0, 0, 0, 0] -- down --> [19, 90, 20, 0, 0, 0, 0, 0])
Transition([19, 90, 20, 0, 0, 0, 0, 0] -- 0.getPos.5.5 --> [19, 118, 20, 0, 0, 0, 0, 0])
Transition([19, 118, 20, 0, 0, 0, 0, 0] -- 0.setPos.6.5 --> [19, 0, 2, 0, 0, 0, 0, 0])
Transition([19, 0, 2, 0, 0, 0, 0, 0] -- startSafeCheck --> [19, 1, 2, 0, 1, 0, 0, 0])
Transition([19, 1, 2, 0, 1, 0, 0, 0] -- 0.getPos.6.5 --> [19, 1, 2, 0, 10, 0, 0, 0])
Transition([19, 1, 2, 0, 10, 0, 0, 0] -- 1.getPos.5.6 --> [19, 1, 2, 0, 4, 0, 0, 0])
Transition([19, 1, 2, 0, 4, 0, 0, 0] -- checkSafeOk --> [19, 2, 2, 0, 0, 0, 0, 0])
Transition([19, 2, 2, 0, 0, 0, 0, 0] -- startLiveCheck --> [19, 3, 2, 1, 0, 1, 0, 0])
Transition([19, 3, 2, 1, 0, 1, 0, 0] -- 1.getPos.5.6 --> [19, 3, 2, 2, 0, 2, 0, 0])
Transition([19, 3, 2, 2, 0, 2, 0, 0] -- checkLiveDone --> [19, 4, 2, 0, 0, 0, 0, 0])
Transition([19, 4, 20, 0, 0, 0, 0, 0] -- left --> [19, 260, 20, 0, 0, 0, 0, 0])
Transition([19, 260, 20, 0, 0, 0, 0, 0] -- 0.getPos.5.5 --> [19, 298, 20, 0, 0, 0, 0, 0])
Transition([19, 298, 20, 0, 0, 0, 0, 0] -- 0.setPos.5.4 --> [19, 0, 26, 0, 0, 0, 0, 0])
Transition([19, 0, 26, 0, 0, 0, 0, 0] -- startSafeCheck --> [19, 1, 26, 0, 1, 0, 0, 0])
Transition([19, 1, 26, 0, 1, 0, 0, 0] -- 0.getPos.5.4 --> [19, 1, 26, 0, 22, 0, 0, 0])
Transition([19, 1, 26, 0, 22, 0, 0, 0] -- 1.getPos.5.6 --> [19, 1, 26, 0, 4, 0, 0, 0])
Transition([19, 1, 26, 0, 4, 0, 0, 0] -- checkSafeOk --> [19, 2, 26, 0, 0, 0, 0, 0])
Transition([19, 2, 26, 0, 0, 0, 0, 0] -- startLiveCheck --> [19, 3, 26, 1, 0, 1, 0, 0])
Transition([19, 3, 26, 1, 0, 1, 0, 0] -- 1.getPos.5.6 --> [19, 3, 26, 2, 0, 2, 0, 0])
Transition([19, 3, 26, 2, 0, 2, 0, 0] -- checkLiveDone --> [19, 4, 26, 0, 0, 0, 0, 0])
Transition([2, 4, 20, 0, 0, 0, 0, 0] -- down --> [2, 90, 20, 0, 0, 0, 0, 0])
Transition([2, 90, 20, 0, 0, 0, 0, 0] -- 0.getPos.5.5 --> [2, 118, 20, 0, 0, 0, 0, 0])
Transition([2, 118, 20, 0, 0, 0, 0, 0] -- 0.setPos.6.5 --> [2, 0, 2, 0, 0, 0, 0, 0])
Transition([2, 0, 2, 0, 0, 0, 0, 0] -- startSafeCheck --> [2, 1, 2, 0, 1, 0, 0, 0])
Transition([2, 1, 2, 0, 1, 0, 0, 0] -- 0.getPos.6.5 --> [2, 1, 2, 0, 10, 0, 0, 0])
Transition([2, 1, 2, 0, 10, 0, 0, 0] -- 1.getPos.6.5 --> [2, 1, 2, 0, 3, 0, 0, 0])
Transition([2, 4, 20, 0, 0, 0, 0, 0] -- left --> [2, 260, 20, 0, 0, 0, 0, 0])
Transition([2, 260, 20, 0, 0, 0, 0, 0] -- 0.getPos.5.5 --> [2, 298, 20, 0, 0, 0, 0, 0])
Transition([2, 298, 20, 0, 0, 0, 0, 0] -- 0.setPos.5.4 --> [2, 0, 26, 0, 0, 0, 0, 0])
Transition([2, 0, 26, 0, 0, 0, 0, 0] -- startSafeCheck --> [2, 1, 26, 0, 1, 0, 0, 0])
Transition([2, 1, 26, 0, 1, 0, 0, 0] -- 0.getPos.5.4 --> [2, 1, 26, 0, 22, 0, 0, 0])
Transition([2, 1, 26, 0, 22, 0, 0, 0] -- 1.getPos.6.5 --> [2, 1, 26, 0, 4, 0, 0, 0])
Transition([2, 1, 26, 0, 4, 0, 0, 0] -- checkSafeOk --> [2, 2, 26, 0, 0, 0, 0, 0])
Transition([2, 2, 26, 0, 0, 0, 0, 0] -- startLiveCheck --> [2, 3, 26, 1, 0, 1, 0, 0])
Transition([2, 3, 26, 1, 0, 1, 0, 0] -- 1.getPos.6.5 --> [2, 3, 26, 2, 0, 2, 0, 0])
Transition([2, 3, 26, 2, 0, 2, 0, 0] -- checkLiveDone --> [2, 4, 26, 0, 0, 0, 0, 0])
Transition([2, 4, 20, 0, 0, 0, 0, 0] -- right --> [2, 175, 20, 0, 0, 0, 0, 0])
Transition([2, 175, 20, 0, 0, 0, 0, 0] -- 0.getPos.5.5 --> [2, 211, 20, 0, 0, 0, 0, 0])
Transition([2, 211, 20, 0, 0, 0, 0, 0] -- 0.setPos.5.6 --> [2, 0, 19, 0, 0, 0, 0, 0])
Transition([2, 0, 19, 0, 0, 0, 0, 0] -- startSafeCheck --> [2, 1, 19, 0, 1, 0, 0, 0])
Transition([2, 1, 19, 0, 1, 0, 0, 0] -- 0.getPos.5.6 --> [2, 1, 19, 0, 26, 0, 0, 0])
Transition([2, 1, 19, 0, 26, 0, 0, 0] -- 1.getPos.6.5 --> [2, 1, 19, 0, 4, 0, 0, 0])
Transition([2, 1, 19, 0, 4, 0, 0, 0] -- checkSafeOk --> [2, 2, 19, 0, 0, 0, 0, 0])
Transition([2, 2, 19, 0, 0, 0, 0, 0] -- startLiveCheck --> [2, 3, 19, 1, 0, 1, 0, 0])
Transition([2, 3, 19, 1, 0, 1, 0, 0] -- 1.getPos.6.5 --> [2, 3, 19, 2, 0, 2, 0, 0])
Transition([2, 3, 19, 2, 0, 2, 0, 0] -- checkLiveDone --> [2, 4, 19, 0, 0, 0, 0, 0])
Transition([2, 4, 20, 0, 0, 0, 0, 0] -- up --> [2, 5, 20, 0, 0, 0, 0, 0])
Transition([2, 5, 20, 0, 0, 0, 0, 0] -- 0.getPos.5.5 --> [2, 39, 20, 0, 0, 0, 0, 0])
Transition([2, 39, 20, 0, 0, 0, 0, 0] -- 0.setPos.4.5 --> [2, 0, 10, 0, 0, 0, 0, 0])
Transition([2, 0, 10, 0, 0, 0, 0, 0] -- startSafeCheck --> [2, 1, 10, 0, 1, 0, 0, 0])
Transition([2, 1, 10, 0, 1, 0, 0, 0] -- 0.getPos.4.5 --> [2, 1, 10, 0, 6, 0, 0, 0])
Transition([2, 1, 10, 0, 6, 0, 0, 0] -- 1.getPos.6.5 --> [2, 1, 10, 0, 4, 0, 0, 0])
Transition([2, 1, 10, 0, 4, 0, 0, 0] -- checkSafeOk --> [2, 2, 10, 0, 0, 0, 0, 0])
Transition([2, 2, 10, 0, 0, 0, 0, 0] -- startLiveCheck --> [2, 3, 10, 1, 0, 1, 0, 0])
Transition([2, 3, 10, 1, 0, 1, 0, 0] -- 1.getPos.6.5 --> [2, 3, 10, 2, 0, 2, 0, 0])
Transition([2, 3, 10, 2, 0, 2, 0, 0] -- checkLiveDone --> [2, 4, 10, 0, 0, 0, 0, 0])
Transition([19, 4, 20, 0, 0, 0, 0, 0] -- right --> [19, 175, 20, 0, 0, 0, 0, 0])
Transition([19, 175, 20, 0, 0, 0, 0, 0] -- 0.getPos.5.5 --> [19, 211, 20, 0, 0, 0, 0, 0])
Transition([19, 211, 20, 0, 0, 0, 0, 0] -- 0.setPos.5.6 --> [19, 0, 19, 0, 0, 0, 0, 0])
Transition([19, 0, 19, 0, 0, 0, 0, 0] -- startSafeCheck --> [19, 1, 19, 0, 1, 0, 0, 0])
Transition([19, 1, 19, 0, 1, 0, 0, 0] -- 0.getPos.5.6 --> [19, 1, 19, 0, 26, 0, 0, 0])
Transition([19, 1, 19, 0, 26, 0, 0, 0] -- 1.getPos.5.6 --> [19, 1, 19, 0, 3, 0, 0, 0])
Transition([19, 4, 20, 0, 0, 0, 0, 0] -- up --> [19, 5, 20, 0, 0, 0, 0, 0])
Transition([19, 5, 20, 0, 0, 0, 0, 0] -- 0.getPos.5.5 --> [19, 39, 20, 0, 0, 0, 0, 0])
Transition([19, 39, 20, 0, 0, 0, 0, 0] -- 0.setPos.4.5 --> [19, 0, 10, 0, 0, 0, 0, 0])
Transition([19, 0, 10, 0, 0, 0, 0, 0] -- startSafeCheck --> [19, 1, 10, 0, 1, 0, 0, 0])
Transition([19, 1, 10, 0, 1, 0, 0, 0] -- 0.getPos.4.5 --> [19, 1, 10, 0, 6, 0, 0, 0])
Transition([19, 1, 10, 0, 6, 0, 0, 0] -- 1.getPos.5.6 --> [19, 1, 10, 0, 4, 0, 0, 0])
Transition([19, 1, 10, 0, 4, 0, 0, 0] -- checkSafeOk --> [19, 2, 10, 0, 0, 0, 0, 0])
Transition([19, 2, 10, 0, 0, 0, 0, 0] -- startLiveCheck --> [19, 3, 10, 1, 0, 1, 0, 0])
Transition([19, 3, 10, 1, 0, 1, 0, 0] -- 1.getPos.5.6 --> [19, 3, 10, 2, 0, 2, 0, 0])
Transition([19, 3, 10, 2, 0, 2, 0, 0] -- checkLiveDone --> [19, 4, 10, 0, 0, 0, 0, 0])
Transition([0, 4, 19, 0, 0, 0, 0, 0] -- down --> [0, 90, 19, 0, 0, 0, 0, 0])
Transition([0, 90, 19, 0, 0, 0, 0, 0] -- 0.getPos.5.6 --> [0, 117, 19, 0, 0, 0, 0, 0])
Transition([0, 117, 19, 0, 0, 0, 0, 0] -- 0.setPos.6.6 --> [0, 0, 1, 0, 0, 0, 0, 0])
Transition([0, 0, 1, 0, 0, 0, 0, 0] -- startSafeCheck --> [0, 1, 1, 0, 1, 0, 0, 0])
Transition([0, 1, 1, 0, 1, 0, 0, 0] -- 0.getPos.6.6 --> [0, 1, 1, 0, 2, 0, 0, 0])
Transition([0, 1, 1, 0, 2, 0, 0, 0] -- 1.getPos.5.5 --> [0, 1, 1, 0, 4, 0, 0, 0])
Transition([0, 1, 1, 0, 4, 0, 0, 0] -- checkSafeOk --> [0, 2, 1, 0, 0, 0, 0, 0])
Transition([0, 2, 1, 0, 0, 0, 0, 0] -- startLiveCheck --> [0, 3, 1, 1, 0, 1, 0, 0])
Transition([0, 3, 1, 1, 0, 1, 0, 0] -- 1.getPos.5.5 --> [0, 3, 1, 2, 0, 2, 0, 0])
Transition([0, 3, 1, 2, 0, 2, 0, 0] -- checkLiveDone --> [0, 4, 1, 0, 0, 0, 0, 0])
Transition([0, 4, 2, 0, 0, 0, 0, 0] -- down --> [0, 90, 2, 0, 0, 0, 0, 0])
Transition([0, 90, 2, 0, 0, 0, 0, 0] -- 0.getPos.6.5 --> [0, 97, 2, 0, 0, 0, 0, 0])
Transition([0, 4, 19, 0, 0, 0, 0, 0] -- left --> [0, 260, 19, 0, 0, 0, 0, 0])
Transition([0, 260, 19, 0, 0, 0, 0, 0] -- 0.getPos.5.6 --> [0, 295, 19, 0, 0, 0, 0, 0])
Transition([0, 295, 19, 0, 0, 0, 0, 0] -- 0.setPos.5.5 --> [0, 0, 20, 0, 0, 0, 0, 0])
Transition([0, 295, 19, 0, 0, 0, 0, 0] -- 1.getPos.5.5 --> [0, 296, 19, 0, 0, 0, 0, 0])
Transition([0, 296, 19, 0, 0, 0, 0, 0] -- 1.setPos.5.4 --> [26, 297, 19, 0, 0, 0, 0, 0])
Transition([26, 297, 19, 0, 0, 0, 0, 0] -- 0.setPos.5.5 --> [26, 0, 20, 0, 0, 0, 0, 0])
Transition([26, 0, 20, 0, 0, 0, 0, 0] -- startSafeCheck --> [26, 1, 20, 0, 1, 0, 0, 0])
Transition([26, 1, 20, 0, 1, 0, 0, 0] -- 0.getPos.5.5 --> [26, 1, 20, 0, 27, 0, 0, 0])
Transition([26, 1, 20, 0, 27, 0, 0, 0] -- 1.getPos.5.4 --> [26, 1, 20, 0, 4, 0, 0, 0])
Transition([26, 1, 20, 0, 4, 0, 0, 0] -- checkSafeOk --> [26, 2, 20, 0, 0, 0, 0, 0])
Transition([26, 2, 20, 0, 0, 0, 0, 0] -- startLiveCheck --> [26, 3, 20, 1, 0, 1, 0, 0])
Transition([26, 3, 20, 1, 0, 1, 0, 0] -- 1.getPos.5.4 --> [26, 3, 20, 3, 0, 3, 0, 0])
Transition([26, 3, 20, 3, 0, 3, 0, 0] -- win --> [26, 3, 20, 3, 0, 3, 0, 1])
Transition([26, 3, 20, 3, 0, 3, 0, 1] -- win --> [26, 3, 20, 3, 0, 3, 0, 1])
