Transition([0, 0, 0, 0, 0, 0, 0, 0] -- startSafeCheck --> [0, 1, 0, 0, 1, 0, 0, 0])
Transition([0, 1, 0, 0, 1, 0, 0, 0] -- 0.getPos.1.1 --> [0, 1, 0, 0, 39, 0, 0, 0])
Transition([0, 1, 0, 0, 39, 0, 0, 0] -- 1.getPos.3.4 --> [0, 1, 0, 0, 4, 0, 0, 0])
Transition([0, 1, 0, 0, 4, 0, 0, 0] -- checkSafeOk --> [0, 2, 0, 0, 0, 0, 0, 0])
Transition([0, 2, 0, 0, 0, 0, 0, 0] -- startLiveCheck --> [0, 3, 0, 1, 0, 1, 0, 0])
Transition([0, 3, 0, 1, 0, 1, 0, 0] -- 1.getPos.3.4 --> [0, 3, 0, 2, 0, 2, 0, 0])
Transition([0, 3, 0, 2, 0, 2, 0, 0] -- checkLiveDone --> [0, 4, 0, 0, 0, 0, 0, 0])
Transition([0, 4, 0, 0, 0, 0, 0, 0] -- down --> [0, 90, 0, 0, 0, 0, 0, 0])
Transition([0, 90, 0, 0, 0, 0, 0, 0] -- 0.getPos.1.1 --> [0, 136, 0, 0, 0, 0, 0, 0])
Transition([0, 136, 0, 0, 0, 0, 0, 0] -- 0.setPos.2.1 --> [0, 0, 8, 0, 0, 0, 1, 0])
Transition([0, 0, 8, 0, 0, 0, 1, 0] -- illegalPosition --> [0, 0, 8, 0, 0, 0, 1, 0])
Transition([0, 4, 0, 0, 0, 0, 0, 0] -- left --> [0, 260, 0, 0, 0, 0, 0, 0])
Transition([0, 260, 0, 0, 0, 0, 0, 0] -- 0.getPos.1.1 --> [0, 316, 0, 0, 0, 0, 0, 0])
Transition([0, 4, 0, 0, 0, 0, 0, 0] -- right --> [0, 175, 0, 0, 0, 0, 0, 0])
Transition([0, 175, 0, 0, 0, 0, 0, 0] -- 0.getPos.1.1 --> [0, 229, 0, 0, 0, 0, 0, 0])
Transition([0, 229, 0, 0, 0, 0, 0, 0] -- 0.setPos.1.2 --> [0, 0, 25, 0, 0, 0, 0, 0])
Transition([0, 0, 25, 0, 0, 0, 0, 0] -- startSafeCheck --> [0, 1, 25, 0, 1, 0, 0, 0])
Transition([0, 1, 25, 0, 1, 0, 0, 0] -- 0.getPos.1.2 --> [0, 1, 25, 0, 38, 0, 0, 0])
Transition([0, 1, 25, 0, 38, 0, 0, 0] -- 1.getPos.3.4 --> [0, 1, 25, 0, 4, 0, 0, 0])
Transition([0, 1, 25, 0, 4, 0, 0, 0] -- checkSafeOk --> [0, 2, 25, 0, 0, 0, 0, 0])
Transition([0, 2, 25, 0, 0, 0, 0, 0] -- startLiveCheck --> [0, 3, 25, 1, 0, 1, 0, 0])
Transition([0, 3, 25, 1, 0, 1, 0, 0] -- 1.getPos.3.4 --> [0, 3, 25, 2, 0, 2, 0, 0])
Transition([0, 3, 25, 2, 0, 2, 0, 0] -- checkLiveDone --> [0, 4, 25, 0, 0, 0, 0, 0])
Transition([0, 4, 0, 0, 0, 0, 0, 0] -- up --> [0, 5, 0, 0, 0, 0, 0, 0])
Transition([0, 5, 0, 0, 0, 0, 0, 0] -- 0.getPos.1.1 --> [0, 53, 0, 0, 0, 0, 0, 0])
Transition([0, 4, 25, 0, 0, 0, 0, 0] -- down --> [0, 90, 25, 0, 0, 0, 0, 0])
Transition([0, 90, 25, 0, 0, 0, 0, 0] -- 0.getPos.1.2 --> [0, 133, 25, 0, 0, 0, 0, 0])
Transition([0, 133, 25, 0, 0, 0, 0, 0] -- 0.setPos.2.2 --> [0, 0, 7, 0, 0, 0, 0, 0])
Transition([0, 0, 7, 0, 0, 0, 0, 0] -- startSafeCheck --> [0, 1, 7, 0, 1, 0, 0, 0])
Transition([0, 1, 7, 0, 1, 0, 0, 0] -- 0.getPos.2.2 --> [0, 1, 7, 0, 15, 0, 0, 0])
Transition([0, 1, 7, 0, 15, 0, 0, 0] -- 1.getPos.3.4 --> [0, 1, 7, 0, 4, 0, 0, 0])
Transition([0, 1, 7, 0, 4, 0, 0, 0] -- checkSafeOk --> [0, 2, 7, 0, 0, 0, 0, 0])
Transition([0, 2, 7, 0, 0, 0, 0, 0] -- startLiveCheck --> [0, 3, 7, 1, 0, 1, 0, 0])
Transition([0, 3, 7, 1, 0, 1, 0, 0] -- 1.getPos.3.4 --> [0, 3, 7, 2, 0, 2, 0, 0])
Transition([0, 3, 7, 2, 0, 2, 0, 0] -- checkLiveDone --> [0, 4, 7, 0, 0, 0, 0, 0])
Transition([0, 4, 25, 0, 0, 0, 0, 0] -- left --> [0, 260, 25, 0, 0, 0, 0, 0])
Transition([0, 260, 25, 0, 0, 0, 0, 0] -- 0.getPos.1.2 --> [0, 315, 25, 0, 0, 0, 0, 0])
Transition([0, 315, 25, 0, 0, 0, 0, 0] -- 0.setPos.1.1 --> [0, 0, 0, 0, 0, 0, 0, 0])
Transition([0, 4, 25, 0, 0, 0, 0, 0] -- right --> [0, 175, 25, 0, 0, 0, 0, 0])
Transition([0, 175, 25, 0, 0, 0, 0, 0] -- 0.getPos.1.2 --> [0, 226, 25, 0, 0, 0, 0, 0])
Transition([0, 226, 25, 0, 0, 0, 0, 0] -- 0.setPos.1.3 --> [0, 0, 24, 0, 0, 0, 0, 0])
Transition([0, 0, 24, 0, 0, 0, 0, 0] -- startSafeCheck --> [0, 1, 24, 0, 1, 0, 0, 0])
Transition([0, 1, 24, 0, 1, 0, 0, 0] -- 0.getPos.1.3 --> [0, 1, 24, 0, 31, 0, 0, 0])
Transition([0, 1, 24, 0, 31, 0, 0, 0] -- 1.getPos.3.4 --> [0, 1, 24, 0, 4, 0, 0, 0])
Transition([0, 1, 24, 0, 4, 0, 0, 0] -- checkSafeOk --> [0, 2, 24, 0, 0, 0, 0, 0])
Transition([0, 2, 24, 0, 0, 0, 0, 0] -- startLiveCheck --> [0, 3, 24, 1, 0, 1, 0, 0])
Transition([0, 3, 24, 1, 0, 1, 0, 0] -- 1.getPos.3.4 --> [0, 3, 24, 2, 0, 2, 0, 0])
Transition([0, 3, 24, 2, 0, 2, 0, 0] -- checkLiveDone --> [0, 4, 24, 0, 0, 0, 0, 0])
Transition([0, 4, 25, 0, 0, 0, 0, 0] -- up --> [0, 5, 25, 0, 0, 0, 0, 0])
Transition([0, 5, 25, 0, 0, 0, 0, 0] -- 0.getPos.1.2 --> [0, 52, 25, 0, 0, 0, 0, 0])
Transition([0, 4, 24, 0, 0, 0, 0, 0] -- down --> [0, 90, 24, 0, 0, 0, 0, 0])
Transition([0, 90, 24, 0, 0, 0, 0, 0] -- 0.getPos.1.3 --> [0, 122, 24, 0, 0, 0, 0, 0])
Transition([0, 122, 24, 0, 0, 0, 0, 0] -- 0.setPos.2.3 --> [0, 0, 6, 0, 0, 0, 0, 0])
Transition([0, 0, 6, 0, 0, 0, 0, 0] -- startSafeCheck --> [0, 1, 6, 0, 1, 0, 0, 0])
Transition([0, 1, 6, 0, 1, 0, 0, 0] -- 0.getPos.2.3 --> [0, 1, 6, 0, 14, 0, 0, 0])
Transition([0, 1, 6, 0, 14, 0, 0, 0] -- 1.getPos.3.4 --> [0, 1, 6, 0, 4, 0, 0, 0])
Transition([0, 1, 6, 0, 4, 0, 0, 0] -- checkSafeOk --> [0, 2, 6, 0, 0, 0, 0, 0])
Transition([0, 2, 6, 0, 0, 0, 0, 0] -- startLiveCheck --> [0, 3, 6, 1, 0, 1, 0, 0])
Transition([0, 3, 6, 1, 0, 1, 0, 0] -- 1.getPos.3.4 --> [0, 3, 6, 2, 0, 2, 0, 0])
Transition([0, 3, 6, 2, 0, 2, 0, 0] -- checkLiveDone --> [0, 4, 6, 0, 0, 0, 0, 0])
Transition([0, 4, 24, 0, 0, 0, 0, 0] -- left --> [0, 260, 24, 0, 0, 0, 0, 0])
Transition([0, 260, 24, 0, 0, 0, 0, 0] -- 0.getPos.1.3 --> [0, 304, 24, 0, 0, 0, 0, 0])
Transition([0, 304, 24, 0, 0, 0, 0, 0] -- 0.setPos.1.2 --> [0, 0, 25, 0, 0, 0, 0, 0])
Transition([0, 4, 24, 0, 0, 0, 0, 0] -- right --> [0, 175, 24, 0, 0, 0, 0, 0])
Transition([0, 175, 24, 0, 0, 0, 0, 0] -- 0.getPos.1.3 --> [0, 215, 24, 0, 0, 0, 0, 0])
Transition([0, 215, 24, 0, 0, 0, 0, 0] -- 0.setPos.1.4 --> [0, 0, 22, 0, 0, 0, 0, 0])
Transition([0, 0, 22, 0, 0, 0, 0, 0] -- startSafeCheck --> [0, 1, 22, 0, 1, 0, 0, 0])
Transition([0, 1, 22, 0, 1, 0, 0, 0] -- 0.getPos.1.4 --> [0, 1, 22, 0, 29, 0, 0, 0])
Transition([0, 1, 22, 0, 29, 0, 0, 0] -- 1.getPos.3.4 --> [0, 1, 22, 0, 4, 0, 0, 0])
Transition([0, 1, 22, 0, 4, 0, 0, 0] -- checkSafeOk --> [0, 2, 22, 0, 0, 0, 0, 0])
Transition([0, 2, 22, 0, 0, 0, 0, 0] -- startLiveCheck --> [0, 3, 22, 1, 0, 1, 0, 0])
Transition([0, 3, 22, 1, 0, 1, 0, 0] -- 1.getPos.3.4 --> [0, 3, 22, 2, 0, 2, 0, 0])
Transition([0, 3, 22, 2, 0, 2, 0, 0] -- checkLiveDone --> [0, 4, 22, 0, 0, 0, 0, 0])
Transition([0, 4, 24, 0, 0, 0, 0, 0] -- up --> [0, 5, 24, 0, 0, 0, 0, 0])
Transition([0, 5, 24, 0, 0, 0, 0, 0] -- 0.getPos.1.3 --> [0, 43, 24, 0, 0, 0, 0, 0])
Transition([0, 4, 7, 0, 0, 0, 0, 0] -- down --> [0, 90, 7, 0, 0, 0, 0, 0])
Transition([0, 90, 7, 0, 0, 0, 0, 0] -- 0.getPos.2.2 --> [0, 102, 7, 0, 0, 0, 0, 0])
Transition([0, 102, 7, 0, 0, 0, 0, 0] -- 0.setPos.3.2 --> [0, 0, 21, 0, 0, 0, 0, 0])
Transition([0, 0, 21, 0, 0, 0, 0, 0] -- startSafeCheck --> [0, 1, 21, 0, 1, 0, 0, 0])
Transition([0, 1, 21, 0, 1, 0, 0, 0] -- 0.getPos.3.2 --> [0, 1, 21, 0, 28, 0, 0, 0])
Transition([0, 1, 21, 0, 28, 0, 0, 0] -- 1.getPos.3.4 --> [0, 1, 21, 0, 4, 0, 0, 0])
Transition([0, 1, 21, 0, 4, 0, 0, 0] -- checkSafeOk --> [0, 2, 21, 0, 0, 0, 0, 0])
Transition([0, 2, 21, 0, 0, 0, 0, 0] -- startLiveCheck --> [0, 3, 21, 1, 0, 1, 0, 0])
Transition([0, 3, 21, 1, 0, 1, 0, 0] -- 1.getPos.3.4 --> [0, 3, 21, 2, 0, 2, 0, 0])
Transition([0, 3, 21, 2, 0, 2, 0, 0] -- checkLiveDone --> [0, 4, 21, 0, 0, 0, 0, 0])
Transition([0, 4, 7, 0, 0, 0, 0, 0] -- left --> [0, 260, 7, 0, 0, 0, 0, 0])
Transition([0, 260, 7, 0, 0, 0, 0, 0] -- 0.getPos.2.2 --> [0, 280, 7, 0, 0, 0, 0, 0])
Transition([0, 280, 7, 0, 0, 0, 0, 0] -- 0.setPos.2.1 --> [0, 0, 8, 0, 0, 0, 1, 0])
Transition([0, 4, 7, 0, 0, 0, 0, 0] -- right --> [0, 175, 7, 0, 0, 0, 0, 0])
Transition([0, 175, 7, 0, 0, 0, 0, 0] -- 0.getPos.2.2 --> [0, 191, 7, 0, 0, 0, 0, 0])
Transition([0, 191, 7, 0, 0, 0, 0, 0] -- 0.setPos.2.3 --> [0, 0, 6, 0, 0, 0, 0, 0])
Transition([0, 4, 7, 0, 0, 0, 0, 0] -- up --> [0, 5, 7, 0, 0, 0, 0, 0])
Transition([0, 5, 7, 0, 0, 0, 0, 0] -- 0.getPos.2.2 --> [0, 23, 7, 0, 0, 0, 0, 0])
Transition([0, 23, 7, 0, 0, 0, 0, 0] -- 0.setPos.1.2 --> [0, 0, 25, 0, 0, 0, 0, 0])
Transition([0, 4, 21, 0, 0, 0, 0, 0] -- down --> [0, 90, 21, 0, 0, 0, 0, 0])
Transition([0, 90, 21, 0, 0, 0, 0, 0] -- 0.getPos.3.2 --> [0, 163, 21, 0, 0, 0, 0, 0])
Transition([0, 163, 21, 0, 0, 0, 0, 0] -- 0.setPos.4.2 --> [0, 0, 17, 0, 0, 0, 0, 0])
Transition([0, 0, 17, 0, 0, 0, 0, 0] -- startSafeCheck --> [0, 1, 17, 0, 1, 0, 0, 0])
Transition([0, 1, 17, 0, 1, 0, 0, 0] -- 0.getPos.4.2 --> [0, 1, 17, 0, 19, 0, 0, 0])
Transition([0, 1, 17, 0, 19, 0, 0, 0] -- 1.getPos.3.4 --> [0, 1, 17, 0, 4, 0, 0, 0])
Transition([0, 1, 17, 0, 4, 0, 0, 0] -- checkSafeOk --> [0, 2, 17, 0, 0, 0, 0, 0])
Transition([0, 2, 17, 0, 0, 0, 0, 0] -- startLiveCheck --> [0, 3, 17, 1, 0, 1, 0, 0])
Transition([0, 3, 17, 1, 0, 1, 0, 0] -- 1.getPos.3.4 --> [0, 3, 17, 2, 0, 2, 0, 0])
Transition([0, 3, 17, 2, 0, 2, 0, 0] -- checkLiveDone --> [0, 4, 17, 0, 0, 0, 0, 0])
Transition([0, 4, 21, 0, 0, 0, 0, 0] -- left --> [0, 260, 21, 0, 0, 0, 0, 0])
Transition([0, 260, 21, 0, 0, 0, 0, 0] -- 0.getPos.3.2 --> [0, 337, 21, 0, 0, 0, 0, 0])
Transition([0, 337, 21, 0, 0, 0, 0, 0] -- 0.setPos.3.1 --> [0, 0, 23, 0, 0, 0, 0, 0])
Transition([0, 0, 23, 0, 0, 0, 0, 0] -- startSafeCheck --> [0, 1, 23, 0, 1, 0, 0, 0])
Transition([0, 1, 23, 0, 1, 0, 0, 0] -- 0.getPos.3.1 --> [0, 1, 23, 0, 30, 0, 0, 0])
Transition([0, 1, 23, 0, 30, 0, 0, 0] -- 1.getPos.3.4 --> [0, 1, 23, 0, 4, 0, 0, 0])
Transition([0, 1, 23, 0, 4, 0, 0, 0] -- checkSafeOk --> [0, 2, 23, 0, 0, 0, 0, 0])
Transition([0, 2, 23, 0, 0, 0, 0, 0] -- startLiveCheck --> [0, 3, 23, 1, 0, 1, 0, 0])
Transition([0, 3, 23, 1, 0, 1, 0, 0] -- 1.getPos.3.4 --> [0, 3, 23, 2, 0, 2, 0, 0])
Transition([0, 3, 23, 2, 0, 2, 0, 0] -- checkLiveDone --> [0, 4, 23, 0, 0, 0, 0, 0])
Transition([0, 4, 21, 0, 0, 0, 0, 0] -- right --> [0, 175, 21, 0, 0, 0, 0, 0])
Transition([0, 175, 21, 0, 0, 0, 0, 0] -- 0.getPos.3.2 --> [0, 248, 21, 0, 0, 0, 0, 0])
Transition([0, 248, 21, 0, 0, 0, 0, 0] -- 0.setPos.3.3 --> [0, 0, 34, 0, 0, 0, 0, 0])
Transition([0, 0, 34, 0, 0, 0, 0, 0] -- startSafeCheck --> [0, 1, 34, 0, 1, 0, 0, 0])
Transition([0, 1, 34, 0, 1, 0, 0, 0] -- 0.getPos.3.3 --> [0, 1, 34, 0, 36, 0, 0, 0])
Transition([0, 1, 34, 0, 36, 0, 0, 0] -- 1.getPos.3.4 --> [0, 1, 34, 0, 4, 0, 0, 0])
Transition([0, 1, 34, 0, 4, 0, 0, 0] -- checkSafeOk --> [0, 2, 34, 0, 0, 0, 0, 0])
Transition([0, 2, 34, 0, 0, 0, 0, 0] -- startLiveCheck --> [0, 3, 34, 1, 0, 1, 0, 0])
Transition([0, 3, 34, 1, 0, 1, 0, 0] -- 1.getPos.3.4 --> [0, 3, 34, 2, 0, 2, 0, 0])
Transition([0, 3, 34, 2, 0, 2, 0, 0] -- checkLiveDone --> [0, 4, 34, 0, 0, 0, 0, 0])
Transition([0, 4, 21, 0, 0, 0, 0, 0] -- up --> [0, 5, 21, 0, 0, 0, 0, 0])
Transition([0, 5, 21, 0, 0, 0, 0, 0] -- 0.getPos.3.2 --> [0, 78, 21, 0, 0, 0, 0, 0])
Transition([0, 78, 21, 0, 0, 0, 0, 0] -- 0.setPos.2.2 --> [0, 0, 7, 0, 0, 0, 0, 0])
Transition([0, 4, 6, 0, 0, 0, 0, 0] -- down --> [0, 90, 6, 0, 0, 0, 0, 0])
Transition([0, 90, 6, 0, 0, 0, 0, 0] -- 0.getPos.2.3 --> [0, 99, 6, 0, 0, 0, 0, 0])
Transition([0, 99, 6, 0, 0, 0, 0, 0] -- 0.setPos.3.3 --> [0, 0, 34, 0, 0, 0, 0, 0])
Transition([0, 4, 6, 0, 0, 0, 0, 0] -- left --> [0, 260, 6, 0, 0, 0, 0, 0])
Transition([0, 260, 6, 0, 0, 0, 0, 0] -- 0.getPos.2.3 --> [0, 277, 6, 0, 0, 0, 0, 0])
Transition([0, 277, 6, 0, 0, 0, 0, 0] -- 0.setPos.2.2 --> [0, 0, 7, 0, 0, 0, 0, 0])
Transition([0, 4, 6, 0, 0, 0, 0, 0] -- right --> [0, 175, 6, 0, 0, 0, 0, 0])
Transition([0, 175, 6, 0, 0, 0, 0, 0] -- 0.getPos.2.3 --> [0, 188, 6, 0, 0, 0, 0, 0])
Transition([0, 188, 6, 0, 0, 0, 0, 0] -- 0.setPos.2.4 --> [0, 0, 18, 0, 0, 0, 0, 0])
Transition([0, 0, 18, 0, 0, 0, 0, 0] -- startSafeCheck --> [0, 1, 18, 0, 1, 0, 0, 0])
Transition([0, 1, 18, 0, 1, 0, 0, 0] -- 0.getPos.2.4 --> [0, 1, 18, 0, 20, 0, 0, 0])
Transition([0, 1, 18, 0, 20, 0, 0, 0] -- 1.getPos.3.4 --> [0, 1, 18, 0, 4, 0, 0, 0])
Transition([0, 1, 18, 0, 4, 0, 0, 0] -- checkSafeOk --> [0, 2, 18, 0, 0, 0, 0, 0])
Transition([0, 2, 18, 0, 0, 0, 0, 0] -- startLiveCheck --> [0, 3, 18, 1, 0, 1, 0, 0])
Transition([0, 3, 18, 1, 0, 1, 0, 0] -- 1.getPos.3.4 --> [0, 3, 18, 2, 0, 2, 0, 0])
Transition([0, 3, 18, 2, 0, 2, 0, 0] -- checkLiveDone --> [0, 4, 18, 0, 0, 0, 0, 0])
Transition([0, 4, 22, 0, 0, 0, 0, 0] -- down --> [0, 90, 22, 0, 0, 0, 0, 0])
Transition([0, 90, 22, 0, 0, 0, 0, 0] -- 0.getPos.1.4 --> [0, 119, 22, 0, 0, 0, 0, 0])
Transition([0, 119, 22, 0, 0, 0, 0, 0] -- 0.setPos.2.4 --> [0, 0, 18, 0, 0, 0, 0, 0])
Transition([0, 4, 6, 0, 0, 0, 0, 0] -- up --> [0, 5, 6, 0, 0, 0, 0, 0])
Transition([0, 5, 6, 0, 0, 0, 0, 0] -- 0.getPos.2.3 --> [0, 22, 6, 0, 0, 0, 0, 0])
Transition([0, 22, 6, 0, 0, 0, 0, 0] -- 0.setPos.1.3 --> [0, 0, 24, 0, 0, 0, 0, 0])
Transition([0, 4, 22, 0, 0, 0, 0, 0] -- left --> [0, 260, 22, 0, 0, 0, 0, 0])
Transition([0, 260, 22, 0, 0, 0, 0, 0] -- 0.getPos.1.4 --> [0, 301, 22, 0, 0, 0, 0, 0])
Transition([0, 301, 22, 0, 0, 0, 0, 0] -- 0.setPos.1.3 --> [0, 0, 24, 0, 0, 0, 0, 0])
Transition([0, 4, 22, 0, 0, 0, 0, 0] -- right --> [0, 175, 22, 0, 0, 0, 0, 0])
Transition([0, 175, 22, 0, 0, 0, 0, 0] -- 0.getPos.1.4 --> [0, 212, 22, 0, 0, 0, 0, 0])
Transition([0, 212, 22, 0, 0, 0, 0, 0] -- 0.setPos.1.5 --> [0, 0, 35, 0, 0, 0, 0, 0])
Transition([0, 0, 35, 0, 0, 0, 0, 0] -- startSafeCheck --> [0, 1, 35, 0, 1, 0, 0, 0])
Transition([0, 1, 35, 0, 1, 0, 0, 0] -- 0.getPos.1.5 --> [0, 1, 35, 0, 37, 0, 0, 0])
Transition([0, 1, 35, 0, 37, 0, 0, 0] -- 1.getPos.3.4 --> [0, 1, 35, 0, 4, 0, 0, 0])
Transition([0, 1, 35, 0, 4, 0, 0, 0] -- checkSafeOk --> [0, 2, 35, 0, 0, 0, 0, 0])
Transition([0, 2, 35, 0, 0, 0, 0, 0] -- startLiveCheck --> [0, 3, 35, 1, 0, 1, 0, 0])
Transition([0, 3, 35, 1, 0, 1, 0, 0] -- 1.getPos.3.4 --> [0, 3, 35, 2, 0, 2, 0, 0])
Transition([0, 3, 35, 2, 0, 2, 0, 0] -- checkLiveDone --> [0, 4, 35, 0, 0, 0, 0, 0])
Transition([0, 4, 22, 0, 0, 0, 0, 0] -- up --> [0, 5, 22, 0, 0, 0, 0, 0])
Transition([0, 5, 22, 0, 0, 0, 0, 0] -- 0.getPos.1.4 --> [0, 42, 22, 0, 0, 0, 0, 0])
Transition([0, 4, 18, 0, 0, 0, 0, 0] -- down --> [0, 90, 18, 0, 0, 0, 0, 0])
Transition([0, 90, 18, 0, 0, 0, 0, 0] -- 0.getPos.2.4 --> [0, 109, 18, 0, 0, 0, 0, 0])
Transition([0, 109, 18, 0, 0, 0, 0, 0] -- 0.setPos.3.4 --> [0, 0, 31, 0, 0, 0, 0, 0])
Transition([0, 0, 31, 0, 0, 0, 0, 0] -- startSafeCheck --> [0, 1, 31, 0, 1, 0, 0, 0])
Transition([0, 1, 31, 0, 1, 0, 0, 0] -- 0.getPos.3.4 --> [0, 1, 31, 0, 33, 0, 0, 0])
Transition([0, 1, 31, 0, 33, 0, 0, 0] -- 1.getPos.3.4 --> [0, 1, 31, 0, 3, 0, 0, 0])
Transition([0, 109, 18, 0, 0, 0, 0, 0] -- 1.getPos.3.4 --> [0, 110, 18, 0, 0, 0, 0, 0])
Transition([0, 110, 18, 0, 0, 0, 0, 0] -- 1.setPos.4.4 --> [12, 111, 18, 0, 0, 0, 0, 0])
Transition([12, 111, 18, 0, 0, 0, 0, 0] -- 0.setPos.3.4 --> [12, 0, 31, 0, 0, 0, 0, 0])
Transition([12, 0, 31, 0, 0, 0, 0, 0] -- startSafeCheck --> [12, 1, 31, 0, 1, 0, 0, 0])
Transition([12, 1, 31, 0, 1, 0, 0, 0] -- 0.getPos.3.4 --> [12, 1, 31, 0, 33, 0, 0, 0])
Transition([12, 1, 31, 0, 33, 0, 0, 0] -- 1.getPos.4.4 --> [12, 1, 31, 0, 4, 0, 0, 0])
Transition([12, 1, 31, 0, 4, 0, 0, 0] -- checkSafeOk --> [12, 2, 31, 0, 0, 0, 0, 0])
Transition([12, 2, 31, 0, 0, 0, 0, 0] -- startLiveCheck --> [12, 3, 31, 1, 0, 1, 0, 0])
Transition([12, 3, 31, 1, 0, 1, 0, 0] -- 1.getPos.4.4 --> [12, 3, 31, 2, 0, 2, 0, 0])
Transition([12, 3, 31, 2, 0, 2, 0, 0] -- checkLiveDone --> [12, 4, 31, 0, 0, 0, 0, 0])
Transition([0, 4, 35, 0, 0, 0, 0, 0] -- down --> [0, 90, 35, 0, 0, 0, 0, 0])
Transition([0, 90, 35, 0, 0, 0, 0, 0] -- 0.getPos.1.5 --> [0, 130, 35, 0, 0, 0, 0, 0])
Transition([0, 130, 35, 0, 0, 0, 0, 0] -- 0.setPos.2.5 --> [0, 0, 16, 0, 0, 0, 0, 0])
Transition([0, 0, 16, 0, 0, 0, 0, 0] -- startSafeCheck --> [0, 1, 16, 0, 1, 0, 0, 0])
Transition([0, 1, 16, 0, 1, 0, 0, 0] -- 0.getPos.2.5 --> [0, 1, 16, 0, 18, 0, 0, 0])
Transition([0, 1, 16, 0, 18, 0, 0, 0] -- 1.getPos.3.4 --> [0, 1, 16, 0, 4, 0, 0, 0])
Transition([0, 1, 16, 0, 4, 0, 0, 0] -- checkSafeOk --> [0, 2, 16, 0, 0, 0, 0, 0])
Transition([0, 2, 16, 0, 0, 0, 0, 0] -- startLiveCheck --> [0, 3, 16, 1, 0, 1, 0, 0])
Transition([0, 3, 16, 1, 0, 1, 0, 0] -- 1.getPos.3.4 --> [0, 3, 16, 2, 0, 2, 0, 0])
Transition([0, 3, 16, 2, 0, 2, 0, 0] -- checkLiveDone --> [0, 4, 16, 0, 0, 0, 0, 0])
Transition([0, 4, 35, 0, 0, 0, 0, 0] -- left --> [0, 260, 35, 0, 0, 0, 0, 0])
Transition([0, 260, 35, 0, 0, 0, 0, 0] -- 0.getPos.1.5 --> [0, 312, 35, 0, 0, 0, 0, 0])
Transition([0, 312, 35, 0, 0, 0, 0, 0] -- 0.setPos.1.4 --> [0, 0, 22, 0, 0, 0, 0, 0])
Transition([0, 4, 23, 0, 0, 0, 0, 0] -- down --> [0, 90, 23, 0, 0, 0, 0, 0])
Transition([0, 90, 23, 0, 0, 0, 0, 0] -- 0.getPos.3.1 --> [0, 166, 23, 0, 0, 0, 0, 0])
Transition([0, 166, 23, 0, 0, 0, 0, 0] -- 0.setPos.4.1 --> [0, 0, 5, 0, 0, 0, 0, 0])
Transition([0, 0, 5, 0, 0, 0, 0, 0] -- startSafeCheck --> [0, 1, 5, 0, 1, 0, 0, 0])
Transition([0, 1, 5, 0, 1, 0, 0, 0] -- 0.getPos.4.1 --> [0, 1, 5, 0, 13, 0, 0, 0])
Transition([0, 1, 5, 0, 13, 0, 0, 0] -- 1.getPos.3.4 --> [0, 1, 5, 0, 4, 0, 0, 0])
Transition([0, 1, 5, 0, 4, 0, 0, 0] -- checkSafeOk --> [0, 2, 5, 0, 0, 0, 0, 0])
Transition([0, 2, 5, 0, 0, 0, 0, 0] -- startLiveCheck --> [0, 3, 5, 1, 0, 1, 0, 0])
Transition([0, 3, 5, 1, 0, 1, 0, 0] -- 1.getPos.3.4 --> [0, 3, 5, 2, 0, 2, 0, 0])
Transition([0, 3, 5, 2, 0, 2, 0, 0] -- checkLiveDone --> [0, 4, 5, 0, 0, 0, 0, 0])
Transition([0, 4, 35, 0, 0, 0, 0, 0] -- right --> [0, 175, 35, 0, 0, 0, 0, 0])
Transition([0, 175, 35, 0, 0, 0, 0, 0] -- 0.getPos.1.5 --> [0, 225, 35, 0, 0, 0, 0, 0])
Transition([0, 225, 35, 0, 0, 0, 0, 0] -- 0.setPos.1.6 --> [0, 0, 32, 0, 0, 0, 1, 0])
Transition([0, 0, 32, 0, 0, 0, 1, 0] -- illegalPosition --> [0, 0, 32, 0, 0, 0, 1, 0])
Transition([0, 4, 23, 0, 0, 0, 0, 0] -- left --> [0, 260, 23, 0, 0, 0, 0, 0])
Transition([0, 260, 23, 0, 0, 0, 0, 0] -- 0.getPos.3.1 --> [0, 338, 23, 0, 0, 0, 0, 0])
Transition([0, 4, 35, 0, 0, 0, 0, 0] -- up --> [0, 5, 35, 0, 0, 0, 0, 0])
Transition([0, 5, 35, 0, 0, 0, 0, 0] -- 0.getPos.1.5 --> [0, 51, 35, 0, 0, 0, 0, 0])
Transition([0, 4, 23, 0, 0, 0, 0, 0] -- right --> [0, 175, 23, 0, 0, 0, 0, 0])
Transition([0, 175, 23, 0, 0, 0, 0, 0] -- 0.getPos.3.1 --> [0, 251, 23, 0, 0, 0, 0, 0])
Transition([0, 251, 23, 0, 0, 0, 0, 0] -- 0.setPos.3.2 --> [0, 0, 21, 0, 0, 0, 0, 0])
Transition([0, 4, 23, 0, 0, 0, 0, 0] -- up --> [0, 5, 23, 0, 0, 0, 0, 0])
Transition([0, 5, 23, 0, 0, 0, 0, 0] -- 0.getPos.3.1 --> [0, 81, 23, 0, 0, 0, 0, 0])
Transition([0, 81, 23, 0, 0, 0, 0, 0] -- 0.setPos.2.1 --> [0, 0, 8, 0, 0, 0, 1, 0])
Transition([0, 4, 34, 0, 0, 0, 0, 0] -- down --> [0, 90, 34, 0, 0, 0, 0, 0])
Transition([0, 90, 34, 0, 0, 0, 0, 0] -- 0.getPos.3.3 --> [0, 172, 34, 0, 0, 0, 0, 0])
Transition([0, 172, 34, 0, 0, 0, 0, 0] -- 0.setPos.4.3 --> [0, 0, 15, 0, 0, 0, 0, 0])
Transition([0, 0, 15, 0, 0, 0, 0, 0] -- startSafeCheck --> [0, 1, 15, 0, 1, 0, 0, 0])
Transition([0, 1, 15, 0, 1, 0, 0, 0] -- 0.getPos.4.3 --> [0, 1, 15, 0, 17, 0, 0, 0])
Transition([0, 1, 15, 0, 17, 0, 0, 0] -- 1.getPos.3.4 --> [0, 1, 15, 0, 4, 0, 0, 0])
Transition([0, 1, 15, 0, 4, 0, 0, 0] -- checkSafeOk --> [0, 2, 15, 0, 0, 0, 0, 0])
Transition([0, 2, 15, 0, 0, 0, 0, 0] -- startLiveCheck --> [0, 3, 15, 1, 0, 1, 0, 0])
Transition([0, 3, 15, 1, 0, 1, 0, 0] -- 1.getPos.3.4 --> [0, 3, 15, 2, 0, 2, 0, 0])
Transition([0, 3, 15, 2, 0, 2, 0, 0] -- checkLiveDone --> [0, 4, 15, 0, 0, 0, 0, 0])
Transition([0, 4, 34, 0, 0, 0, 0, 0] -- left --> [0, 260, 34, 0, 0, 0, 0, 0])
Transition([0, 260, 34, 0, 0, 0, 0, 0] -- 0.getPos.3.3 --> [0, 342, 34, 0, 0, 0, 0, 0])
Transition([0, 342, 34, 0, 0, 0, 0, 0] -- 0.setPos.3.2 --> [0, 0, 21, 0, 0, 0, 0, 0])
Transition([0, 4, 34, 0, 0, 0, 0, 0] -- right --> [0, 175, 34, 0, 0, 0, 0, 0])
Transition([0, 175, 34, 0, 0, 0, 0, 0] -- 0.getPos.3.3 --> [0, 257, 34, 0, 0, 0, 0, 0])
Transition([0, 257, 34, 0, 0, 0, 0, 0] -- 0.setPos.3.4 --> [0, 0, 31, 0, 0, 0, 0, 0])
Transition([0, 257, 34, 0, 0, 0, 0, 0] -- 1.getPos.3.4 --> [0, 258, 34, 0, 0, 0, 0, 0])
Transition([0, 258, 34, 0, 0, 0, 0, 0] -- 1.setPos.3.5 --> [30, 259, 34, 0, 0, 0, 0, 0])
Transition([30, 259, 34, 0, 0, 0, 0, 0] -- 0.setPos.3.4 --> [30, 0, 31, 0, 0, 0, 0, 0])
Transition([30, 0, 31, 0, 0, 0, 0, 0] -- startSafeCheck --> [30, 1, 31, 0, 1, 0, 0, 0])
Transition([30, 1, 31, 0, 1, 0, 0, 0] -- 0.getPos.3.4 --> [30, 1, 31, 0, 33, 0, 0, 0])
Transition([30, 1, 31, 0, 33, 0, 0, 0] -- 1.getPos.3.5 --> [30, 1, 31, 0, 4, 0, 0, 0])
Transition([30, 1, 31, 0, 4, 0, 0, 0] -- checkSafeOk --> [30, 2, 31, 0, 0, 0, 0, 0])
Transition([30, 2, 31, 0, 0, 0, 0, 0] -- startLiveCheck --> [30, 3, 31, 1, 0, 1, 0, 0])
Transition([30, 3, 31, 1, 0, 1, 0, 0] -- 1.getPos.3.5 --> [30, 3, 31, 2, 0, 2, 0, 0])
Transition([30, 3, 31, 2, 0, 2, 0, 0] -- checkLiveDone --> [30, 4, 31, 0, 0, 0, 0, 0])
Transition([0, 4, 34, 0, 0, 0, 0, 0] -- up --> [0, 5, 34, 0, 0, 0, 0, 0])
Transition([0, 5, 34, 0, 0, 0, 0, 0] -- 0.getPos.3.3 --> [0, 87, 34, 0, 0, 0, 0, 0])
Transition([0, 87, 34, 0, 0, 0, 0, 0] -- 0.setPos.2.3 --> [0, 0, 6, 0, 0, 0, 0, 0])
Transition([0, 4, 17, 0, 0, 0, 0, 0] -- down --> [0, 90, 17, 0, 0, 0, 0, 0])
Transition([0, 90, 17, 0, 0, 0, 0, 0] -- 0.getPos.4.2 --> [0, 154, 17, 0, 0, 0, 0, 0])
Transition([0, 154, 17, 0, 0, 0, 0, 0] -- 0.setPos.5.2 --> [0, 0, 30, 0, 0, 0, 0, 0])
Transition([0, 0, 30, 0, 0, 0, 0, 0] -- startSafeCheck --> [0, 1, 30, 0, 1, 0, 0, 0])
Transition([0, 1, 30, 0, 1, 0, 0, 0] -- 0.getPos.5.2 --> [0, 1, 30, 0, 32, 0, 0, 0])
Transition([0, 1, 30, 0, 32, 0, 0, 0] -- 1.getPos.3.4 --> [0, 1, 30, 0, 4, 0, 0, 0])
Transition([0, 1, 30, 0, 4, 0, 0, 0] -- checkSafeOk --> [0, 2, 30, 0, 0, 0, 0, 0])
Transition([0, 2, 30, 0, 0, 0, 0, 0] -- startLiveCheck --> [0, 3, 30, 1, 0, 1, 0, 0])
Transition([0, 3, 30, 1, 0, 1, 0, 0] -- 1.getPos.3.4 --> [0, 3, 30, 2, 0, 2, 0, 0])
Transition([0, 3, 30, 2, 0, 2, 0, 0] -- checkLiveDone --> [0, 4, 30, 0, 0, 0, 0, 0])
Transition([0, 4, 17, 0, 0, 0, 0, 0] -- left --> [0, 260, 17, 0, 0, 0, 0, 0])
Transition([0, 260, 17, 0, 0, 0, 0, 0] -- 0.getPos.4.2 --> [0, 330, 17, 0, 0, 0, 0, 0])
Transition([0, 330, 17, 0, 0, 0, 0, 0] -- 0.setPos.4.1 --> [0, 0, 5, 0, 0, 0, 0, 0])
Transition([0, 4, 18, 0, 0, 0, 0, 0] -- left --> [0, 260, 18, 0, 0, 0, 0, 0])
Transition([0, 260, 18, 0, 0, 0, 0, 0] -- 0.getPos.2.4 --> [0, 285, 18, 0, 0, 0, 0, 0])
Transition([0, 285, 18, 0, 0, 0, 0, 0] -- 0.setPos.2.3 --> [0, 0, 6, 0, 0, 0, 0, 0])
Transition([0, 4, 17, 0, 0, 0, 0, 0] -- right --> [0, 175, 17, 0, 0, 0, 0, 0])
Transition([0, 175, 17, 0, 0, 0, 0, 0] -- 0.getPos.4.2 --> [0, 243, 17, 0, 0, 0, 0, 0])
Transition([0, 243, 17, 0, 0, 0, 0, 0] -- 0.setPos.4.3 --> [0, 0, 15, 0, 0, 0, 0, 0])
Transition([0, 4, 18, 0, 0, 0, 0, 0] -- right --> [0, 175, 18, 0, 0, 0, 0, 0])
Transition([0, 175, 18, 0, 0, 0, 0, 0] -- 0.getPos.2.4 --> [0, 198, 18, 0, 0, 0, 0, 0])
Transition([0, 198, 18, 0, 0, 0, 0, 0] -- 0.setPos.2.5 --> [0, 0, 16, 0, 0, 0, 0, 0])
Transition([0, 4, 17, 0, 0, 0, 0, 0] -- up --> [0, 5, 17, 0, 0, 0, 0, 0])
Transition([0, 5, 17, 0, 0, 0, 0, 0] -- 0.getPos.4.2 --> [0, 69, 17, 0, 0, 0, 0, 0])
Transition([0, 69, 17, 0, 0, 0, 0, 0] -- 0.setPos.3.2 --> [0, 0, 21, 0, 0, 0, 0, 0])
Transition([0, 4, 18, 0, 0, 0, 0, 0] -- up --> [0, 5, 18, 0, 0, 0, 0, 0])
Transition([0, 5, 18, 0, 0, 0, 0, 0] -- 0.getPos.2.4 --> [0, 28, 18, 0, 0, 0, 0, 0])
Transition([0, 28, 18, 0, 0, 0, 0, 0] -- 0.setPos.1.4 --> [0, 0, 22, 0, 0, 0, 0, 0])
Transition([0, 4, 5, 0, 0, 0, 0, 0] -- down --> [0, 90, 5, 0, 0, 0, 0, 0])
Transition([0, 90, 5, 0, 0, 0, 0, 0] -- 0.getPos.4.1 --> [0, 148, 5, 0, 0, 0, 0, 0])
Transition([0, 148, 5, 0, 0, 0, 0, 0] -- 0.setPos.5.1 --> [0, 0, 33, 0, 0, 0, 0, 0])
Transition([0, 0, 33, 0, 0, 0, 0, 0] -- startSafeCheck --> [0, 1, 33, 0, 1, 0, 0, 0])
Transition([0, 1, 33, 0, 1, 0, 0, 0] -- 0.getPos.5.1 --> [0, 1, 33, 0, 35, 0, 0, 0])
Transition([0, 1, 33, 0, 35, 0, 0, 0] -- 1.getPos.3.4 --> [0, 1, 33, 0, 4, 0, 0, 0])
Transition([0, 1, 33, 0, 4, 0, 0, 0] -- checkSafeOk --> [0, 2, 33, 0, 0, 0, 0, 0])
Transition([0, 2, 33, 0, 0, 0, 0, 0] -- startLiveCheck --> [0, 3, 33, 1, 0, 1, 0, 0])
Transition([0, 3, 33, 1, 0, 1, 0, 0] -- 1.getPos.3.4 --> [0, 3, 33, 2, 0, 2, 0, 0])
Transition([0, 3, 33, 2, 0, 2, 0, 0] -- checkLiveDone --> [0, 4, 33, 0, 0, 0, 0, 0])
Transition([0, 4, 5, 0, 0, 0, 0, 0] -- left --> [0, 260, 5, 0, 0, 0, 0, 0])
Transition([0, 260, 5, 0, 0, 0, 0, 0] -- 0.getPos.4.1 --> [0, 326, 5, 0, 0, 0, 0, 0])
Transition([0, 4, 5, 0, 0, 0, 0, 0] -- right --> [0, 175, 5, 0, 0, 0, 0, 0])
Transition([0, 175, 5, 0, 0, 0, 0, 0] -- 0.getPos.4.1 --> [0, 237, 5, 0, 0, 0, 0, 0])
Transition([0, 237, 5, 0, 0, 0, 0, 0] -- 0.setPos.4.2 --> [0, 0, 17, 0, 0, 0, 0, 0])
Transition([0, 4, 5, 0, 0, 0, 0, 0] -- up --> [0, 5, 5, 0, 0, 0, 0, 0])
Transition([0, 5, 5, 0, 0, 0, 0, 0] -- 0.getPos.4.1 --> [0, 63, 5, 0, 0, 0, 0, 0])
Transition([0, 63, 5, 0, 0, 0, 0, 0] -- 0.setPos.3.1 --> [0, 0, 23, 0, 0, 0, 0, 0])
Transition([0, 4, 16, 0, 0, 0, 0, 0] -- down --> [0, 90, 16, 0, 0, 0, 0, 0])
Transition([0, 90, 16, 0, 0, 0, 0, 0] -- 0.getPos.2.5 --> [0, 106, 16, 0, 0, 0, 0, 0])
Transition([0, 106, 16, 0, 0, 0, 0, 0] -- 0.setPos.3.5 --> [0, 0, 29, 0, 0, 0, 0, 0])
Transition([0, 0, 29, 0, 0, 0, 0, 0] -- startSafeCheck --> [0, 1, 29, 0, 1, 0, 0, 0])
Transition([0, 1, 29, 0, 1, 0, 0, 0] -- 0.getPos.3.5 --> [0, 1, 29, 0, 25, 0, 0, 0])
Transition([0, 1, 29, 0, 25, 0, 0, 0] -- 1.getPos.3.4 --> [0, 1, 29, 0, 4, 0, 0, 0])
Transition([0, 1, 29, 0, 4, 0, 0, 0] -- checkSafeOk --> [0, 2, 29, 0, 0, 0, 0, 0])
Transition([0, 2, 29, 0, 0, 0, 0, 0] -- startLiveCheck --> [0, 3, 29, 1, 0, 1, 0, 0])
Transition([0, 3, 29, 1, 0, 1, 0, 0] -- 1.getPos.3.4 --> [0, 3, 29, 2, 0, 2, 0, 0])
Transition([0, 3, 29, 2, 0, 2, 0, 0] -- checkLiveDone --> [0, 4, 29, 0, 0, 0, 0, 0])
Transition([0, 4, 16, 0, 0, 0, 0, 0] -- left --> [0, 260, 16, 0, 0, 0, 0, 0])
Transition([0, 260, 16, 0, 0, 0, 0, 0] -- 0.getPos.2.5 --> [0, 282, 16, 0, 0, 0, 0, 0])
Transition([0, 282, 16, 0, 0, 0, 0, 0] -- 0.setPos.2.4 --> [0, 0, 18, 0, 0, 0, 0, 0])
Transition([0, 4, 16, 0, 0, 0, 0, 0] -- right --> [0, 175, 16, 0, 0, 0, 0, 0])
Transition([0, 175, 16, 0, 0, 0, 0, 0] -- 0.getPos.2.5 --> [0, 197, 16, 0, 0, 0, 0, 0])
Transition([0, 197, 16, 0, 0, 0, 0, 0] -- 0.setPos.2.6 --> [0, 0, 13, 0, 0, 0, 1, 0])
Transition([0, 0, 13, 0, 0, 0, 1, 0] -- illegalPosition --> [0, 0, 13, 0, 0, 0, 1, 0])
Transition([0, 4, 16, 0, 0, 0, 0, 0] -- up --> [0, 5, 16, 0, 0, 0, 0, 0])
Transition([0, 5, 16, 0, 0, 0, 0, 0] -- 0.getPos.2.5 --> [0, 27, 16, 0, 0, 0, 0, 0])
Transition([0, 27, 16, 0, 0, 0, 0, 0] -- 0.setPos.1.5 --> [0, 0, 35, 0, 0, 0, 0, 0])
Transition([0, 4, 15, 0, 0, 0, 0, 0] -- down --> [0, 90, 15, 0, 0, 0, 0, 0])
Transition([0, 90, 15, 0, 0, 0, 0, 0] -- 0.getPos.4.3 --> [0, 151, 15, 0, 0, 0, 0, 0])
Transition([0, 151, 15, 0, 0, 0, 0, 0] -- 0.setPos.5.3 --> [0, 0, 28, 0, 0, 0, 0, 0])
Transition([0, 0, 28, 0, 0, 0, 0, 0] -- startSafeCheck --> [0, 1, 28, 0, 1, 0, 0, 0])
Transition([0, 1, 28, 0, 1, 0, 0, 0] -- 0.getPos.5.3 --> [0, 1, 28, 0, 24, 0, 0, 0])
Transition([0, 1, 28, 0, 24, 0, 0, 0] -- 1.getPos.3.4 --> [0, 1, 28, 0, 4, 0, 0, 0])
Transition([0, 1, 28, 0, 4, 0, 0, 0] -- checkSafeOk --> [0, 2, 28, 0, 0, 0, 0, 0])
Transition([0, 2, 28, 0, 0, 0, 0, 0] -- startLiveCheck --> [0, 3, 28, 1, 0, 1, 0, 0])
Transition([0, 3, 28, 1, 0, 1, 0, 0] -- 1.getPos.3.4 --> [0, 3, 28, 2, 0, 2, 0, 0])
Transition([0, 3, 28, 2, 0, 2, 0, 0] -- checkLiveDone --> [0, 4, 28, 0, 0, 0, 0, 0])
Transition([0, 4, 15, 0, 0, 0, 0, 0] -- left --> [0, 260, 15, 0, 0, 0, 0, 0])
Transition([0, 260, 15, 0, 0, 0, 0, 0] -- 0.getPos.4.3 --> [0, 327, 15, 0, 0, 0, 0, 0])
Transition([0, 327, 15, 0, 0, 0, 0, 0] -- 0.setPos.4.2 --> [0, 0, 17, 0, 0, 0, 0, 0])
Transition([0, 4, 15, 0, 0, 0, 0, 0] -- right --> [0, 175, 15, 0, 0, 0, 0, 0])
Transition([0, 175, 15, 0, 0, 0, 0, 0] -- 0.getPos.4.3 --> [0, 240, 15, 0, 0, 0, 0, 0])
Transition([0, 240, 15, 0, 0, 0, 0, 0] -- 0.setPos.4.4 --> [0, 0, 12, 0, 0, 0, 0, 0])
Transition([0, 0, 12, 0, 0, 0, 0, 0] -- startSafeCheck --> [0, 1, 12, 0, 1, 0, 0, 0])
Transition([0, 1, 12, 0, 1, 0, 0, 0] -- 0.getPos.4.4 --> [0, 1, 12, 0, 8, 0, 0, 0])
Transition([0, 1, 12, 0, 8, 0, 0, 0] -- 1.getPos.3.4 --> [0, 1, 12, 0, 4, 0, 0, 0])
Transition([0, 1, 12, 0, 4, 0, 0, 0] -- checkSafeOk --> [0, 2, 12, 0, 0, 0, 0, 0])
Transition([0, 2, 12, 0, 0, 0, 0, 0] -- startLiveCheck --> [0, 3, 12, 1, 0, 1, 0, 0])
Transition([0, 3, 12, 1, 0, 1, 0, 0] -- 1.getPos.3.4 --> [0, 3, 12, 2, 0, 2, 0, 0])
Transition([0, 3, 12, 2, 0, 2, 0, 0] -- checkLiveDone --> [0, 4, 12, 0, 0, 0, 0, 0])
Transition([0, 4, 15, 0, 0, 0, 0, 0] -- up --> [0, 5, 15, 0, 0, 0, 0, 0])
Transition([0, 5, 15, 0, 0, 0, 0, 0] -- 0.getPos.4.3 --> [0, 66, 15, 0, 0, 0, 0, 0])
Transition([0, 66, 15, 0, 0, 0, 0, 0] -- 0.setPos.3.3 --> [0, 0, 34, 0, 0, 0, 0, 0])
Transition([0, 4, 30, 0, 0, 0, 0, 0] -- down --> [0, 90, 30, 0, 0, 0, 0, 0])
Transition([0, 90, 30, 0, 0, 0, 0, 0] -- 0.getPos.5.2 --> [0, 125, 30, 0, 0, 0, 0, 0])
Transition([0, 125, 30, 0, 0, 0, 0, 0] -- 0.setPos.6.2 --> [0, 0, 11, 0, 0, 0, 0, 0])
Transition([0, 0, 11, 0, 0, 0, 0, 0] -- startSafeCheck --> [0, 1, 11, 0, 1, 0, 0, 0])
Transition([0, 1, 11, 0, 1, 0, 0, 0] -- 0.getPos.6.2 --> [0, 1, 11, 0, 7, 0, 0, 0])
Transition([0, 1, 11, 0, 7, 0, 0, 0] -- 1.getPos.3.4 --> [0, 1, 11, 0, 4, 0, 0, 0])
Transition([0, 1, 11, 0, 4, 0, 0, 0] -- checkSafeOk --> [0, 2, 11, 0, 0, 0, 0, 0])
Transition([0, 2, 11, 0, 0, 0, 0, 0] -- startLiveCheck --> [0, 3, 11, 1, 0, 1, 0, 0])
Transition([0, 3, 11, 1, 0, 1, 0, 0] -- 1.getPos.3.4 --> [0, 3, 11, 2, 0, 2, 0, 0])
Transition([0, 3, 11, 2, 0, 2, 0, 0] -- checkLiveDone --> [0, 4, 11, 0, 0, 0, 0, 0])
Transition([0, 4, 30, 0, 0, 0, 0, 0] -- left --> [0, 260, 30, 0, 0, 0, 0, 0])
Transition([0, 260, 30, 0, 0, 0, 0, 0] -- 0.getPos.5.2 --> [0, 307, 30, 0, 0, 0, 0, 0])
Transition([0, 307, 30, 0, 0, 0, 0, 0] -- 0.setPos.5.1 --> [0, 0, 33, 0, 0, 0, 0, 0])
Transition([0, 4, 30, 0, 0, 0, 0, 0] -- right --> [0, 175, 30, 0, 0, 0, 0, 0])
Transition([0, 175, 30, 0, 0, 0, 0, 0] -- 0.getPos.5.2 --> [0, 218, 30, 0, 0, 0, 0, 0])
Transition([0, 218, 30, 0, 0, 0, 0, 0] -- 0.setPos.5.3 --> [0, 0, 28, 0, 0, 0, 0, 0])
Transition([0, 4, 30, 0, 0, 0, 0, 0] -- up --> [0, 5, 30, 0, 0, 0, 0, 0])
Transition([0, 5, 30, 0, 0, 0, 0, 0] -- 0.getPos.5.2 --> [0, 44, 30, 0, 0, 0, 0, 0])
Transition([0, 44, 30, 0, 0, 0, 0, 0] -- 0.setPos.4.2 --> [0, 0, 17, 0, 0, 0, 0, 0])
Transition([30, 4, 31, 0, 0, 0, 0, 0] -- down --> [30, 90, 31, 0, 0, 0, 0, 0])
Transition([30, 90, 31, 0, 0, 0, 0, 0] -- 0.getPos.3.4 --> [30, 169, 31, 0, 0, 0, 0, 0])
Transition([30, 169, 31, 0, 0, 0, 0, 0] -- 0.setPos.4.4 --> [30, 0, 12, 0, 0, 0, 0, 0])
Transition([30, 0, 12, 0, 0, 0, 0, 0] -- startSafeCheck --> [30, 1, 12, 0, 1, 0, 0, 0])
Transition([30, 1, 12, 0, 1, 0, 0, 0] -- 0.getPos.4.4 --> [30, 1, 12, 0, 8, 0, 0, 0])
Transition([30, 1, 12, 0, 8, 0, 0, 0] -- 1.getPos.3.5 --> [30, 1, 12, 0, 4, 0, 0, 0])
Transition([30, 1, 12, 0, 4, 0, 0, 0] -- checkSafeOk --> [30, 2, 12, 0, 0, 0, 0, 0])
Transition([30, 2, 12, 0, 0, 0, 0, 0] -- startLiveCheck --> [30, 3, 12, 1, 0, 1, 0, 0])
Transition([30, 3, 12, 1, 0, 1, 0, 0] -- 1.getPos.3.5 --> [30, 3, 12, 2, 0, 2, 0, 0])
Transition([30, 3, 12, 2, 0, 2, 0, 0] -- checkLiveDone --> [30, 4, 12, 0, 0, 0, 0, 0])
Transition([30, 4, 31, 0, 0, 0, 0, 0] -- left --> [30, 260, 31, 0, 0, 0, 0, 0])
Transition([30, 260, 31, 0, 0, 0, 0, 0] -- 0.getPos.3.4 --> [30, 339, 31, 0, 0, 0, 0, 0])
Transition([30, 339, 31, 0, 0, 0, 0, 0] -- 0.setPos.3.3 --> [30, 0, 34, 0, 0, 0, 0, 0])
Transition([30, 0, 34, 0, 0, 0, 0, 0] -- startSafeCheck --> [30, 1, 34, 0, 1, 0, 0, 0])
Transition([30, 1, 34, 0, 1, 0, 0, 0] -- 0.getPos.3.3 --> [30, 1, 34, 0, 36, 0, 0, 0])
Transition([30, 1, 34, 0, 36, 0, 0, 0] -- 1.getPos.3.5 --> [30, 1, 34, 0, 4, 0, 0, 0])
Transition([30, 1, 34, 0, 4, 0, 0, 0] -- checkSafeOk --> [30, 2, 34, 0, 0, 0, 0, 0])
Transition([30, 2, 34, 0, 0, 0, 0, 0] -- startLiveCheck --> [30, 3, 34, 1, 0, 1, 0, 0])
Transition([30, 3, 34, 1, 0, 1, 0, 0] -- 1.getPos.3.5 --> [30, 3, 34, 2, 0, 2, 0, 0])
Transition([30, 3, 34, 2, 0, 2, 0, 0] -- checkLiveDone --> [30, 4, 34, 0, 0, 0, 0, 0])
Transition([12, 4, 31, 0, 0, 0, 0, 0] -- down --> [12, 90, 31, 0, 0, 0, 0, 0])
Transition([12, 90, 31, 0, 0, 0, 0, 0] -- 0.getPos.3.4 --> [12, 169, 31, 0, 0, 0, 0, 0])
Transition([12, 169, 31, 0, 0, 0, 0, 0] -- 0.setPos.4.4 --> [12, 0, 12, 0, 0, 0, 0, 0])
Transition([12, 0, 12, 0, 0, 0, 0, 0] -- startSafeCheck --> [12, 1, 12, 0, 1, 0, 0, 0])
Transition([12, 1, 12, 0, 1, 0, 0, 0] -- 0.getPos.4.4 --> [12, 1, 12, 0, 8, 0, 0, 0])
Transition([12, 1, 12, 0, 8, 0, 0, 0] -- 1.getPos.4.4 --> [12, 1, 12, 0, 3, 0, 0, 0])
Transition([12, 169, 31, 0, 0, 0, 0, 0] -- 1.getPos.4.4 --> [12, 170, 31, 0, 0, 0, 0, 0])
Transition([12, 170, 31, 0, 0, 0, 0, 0] -- 1.setPos.5.4 --> [27, 171, 31, 0, 0, 0, 0, 0])
Transition([27, 171, 31, 0, 0, 0, 0, 0] -- 0.setPos.4.4 --> [27, 0, 12, 0, 0, 0, 0, 0])
Transition([27, 0, 12, 0, 0, 0, 0, 0] -- startSafeCheck --> [27, 1, 12, 0, 1, 0, 0, 0])
Transition([27, 1, 12, 0, 1, 0, 0, 0] -- 0.getPos.4.4 --> [27, 1, 12, 0, 8, 0, 0, 0])
Transition([27, 1, 12, 0, 8, 0, 0, 0] -- 1.getPos.5.4 --> [27, 1, 12, 0, 4, 0, 0, 0])
Transition([27, 1, 12, 0, 4, 0, 0, 0] -- checkSafeOk --> [27, 2, 12, 0, 0, 0, 0, 0])
Transition([27, 2, 12, 0, 0, 0, 0, 0] -- startLiveCheck --> [27, 3, 12, 1, 0, 1, 0, 0])
Transition([27, 3, 12, 1, 0, 1, 0, 0] -- 1.getPos.5.4 --> [27, 3, 12, 2, 0, 2, 0, 0])
Transition([27, 3, 12, 2, 0, 2, 0, 0] -- checkLiveDone --> [27, 4, 12, 0, 0, 0, 0, 0])
Transition([12, 4, 31, 0, 0, 0, 0, 0] -- left --> [12, 260, 31, 0, 0, 0, 0, 0])
Transition([12, 260, 31, 0, 0, 0, 0, 0] -- 0.getPos.3.4 --> [12, 339, 31, 0, 0, 0, 0, 0])
Transition([12, 339, 31, 0, 0, 0, 0, 0] -- 0.setPos.3.3 --> [12, 0, 34, 0, 0, 0, 0, 0])
Transition([12, 0, 34, 0, 0, 0, 0, 0] -- startSafeCheck --> [12, 1, 34, 0, 1, 0, 0, 0])
Transition([12, 1, 34, 0, 1, 0, 0, 0] -- 0.getPos.3.3 --> [12, 1, 34, 0, 36, 0, 0, 0])
Transition([12, 1, 34, 0, 36, 0, 0, 0] -- 1.getPos.4.4 --> [12, 1, 34, 0, 4, 0, 0, 0])
Transition([12, 1, 34, 0, 4, 0, 0, 0] -- checkSafeOk --> [12, 2, 34, 0, 0, 0, 0, 0])
Transition([12, 2, 34, 0, 0, 0, 0, 0] -- startLiveCheck --> [12, 3, 34, 1, 0, 1, 0, 0])
Transition([12, 3, 34, 1, 0, 1, 0, 0] -- 1.getPos.4.4 --> [12, 3, 34, 2, 0, 2, 0, 0])
Transition([12, 3, 34, 2, 0, 2, 0, 0] -- checkLiveDone --> [12, 4, 34, 0, 0, 0, 0, 0])
Transition([30, 4, 31, 0, 0, 0, 0, 0] -- right --> [30, 175, 31, 0, 0, 0, 0, 0])
Transition([30, 175, 31, 0, 0, 0, 0, 0] -- 0.getPos.3.4 --> [30, 254, 31, 0, 0, 0, 0, 0])
Transition([30, 254, 31, 0, 0, 0, 0, 0] -- 0.setPos.3.5 --> [30, 0, 29, 0, 0, 0, 0, 0])
Transition([30, 0, 29, 0, 0, 0, 0, 0] -- startSafeCheck --> [30, 1, 29, 0, 1, 0, 0, 0])
Transition([30, 1, 29, 0, 1, 0, 0, 0] -- 0.getPos.3.5 --> [30, 1, 29, 0, 25, 0, 0, 0])
Transition([30, 1, 29, 0, 25, 0, 0, 0] -- 1.getPos.3.5 --> [30, 1, 29, 0, 3, 0, 0, 0])
Transition([30, 254, 31, 0, 0, 0, 0, 0] -- 1.getPos.3.5 --> [30, 255, 31, 0, 0, 0, 0, 0])
Transition([30, 255, 31, 0, 0, 0, 0, 0] -- 1.setPos.3.6 --> [28, 256, 31, 0, 0, 0, 0, 0])
Transition([28, 256, 31, 0, 0, 0, 0, 0] -- 0.setPos.3.5 --> [28, 0, 29, 0, 0, 0, 0, 0])
Transition([28, 0, 29, 0, 0, 0, 0, 0] -- startSafeCheck --> [28, 1, 29, 0, 1, 0, 0, 0])
Transition([28, 1, 29, 0, 1, 0, 0, 0] -- 0.getPos.3.5 --> [28, 1, 29, 0, 25, 0, 0, 0])
Transition([28, 1, 29, 0, 25, 0, 0, 0] -- 1.getPos.3.6 --> [28, 1, 29, 0, 4, 0, 0, 0])
Transition([28, 1, 29, 0, 4, 0, 0, 0] -- checkSafeOk --> [28, 2, 29, 0, 0, 0, 0, 0])
Transition([28, 2, 29, 0, 0, 0, 0, 0] -- startLiveCheck --> [28, 3, 29, 1, 0, 1, 0, 0])
Transition([28, 3, 29, 1, 0, 1, 0, 0] -- 1.getPos.3.6 --> [28, 3, 29, 2, 0, 2, 0, 0])
Transition([28, 3, 29, 2, 0, 2, 0, 0] -- checkLiveDone --> [28, 4, 29, 0, 0, 0, 0, 0])
Transition([30, 4, 31, 0, 0, 0, 0, 0] -- up --> [30, 5, 31, 0, 0, 0, 0, 0])
Transition([30, 5, 31, 0, 0, 0, 0, 0] -- 0.getPos.3.4 --> [30, 84, 31, 0, 0, 0, 0, 0])
Transition([30, 84, 31, 0, 0, 0, 0, 0] -- 0.setPos.2.4 --> [30, 0, 18, 0, 0, 0, 0, 0])
Transition([30, 0, 18, 0, 0, 0, 0, 0] -- startSafeCheck --> [30, 1, 18, 0, 1, 0, 0, 0])
Transition([30, 1, 18, 0, 1, 0, 0, 0] -- 0.getPos.2.4 --> [30, 1, 18, 0, 20, 0, 0, 0])
Transition([30, 1, 18, 0, 20, 0, 0, 0] -- 1.getPos.3.5 --> [30, 1, 18, 0, 4, 0, 0, 0])
Transition([30, 1, 18, 0, 4, 0, 0, 0] -- checkSafeOk --> [30, 2, 18, 0, 0, 0, 0, 0])
Transition([30, 2, 18, 0, 0, 0, 0, 0] -- startLiveCheck --> [30, 3, 18, 1, 0, 1, 0, 0])
Transition([30, 3, 18, 1, 0, 1, 0, 0] -- 1.getPos.3.5 --> [30, 3, 18, 2, 0, 2, 0, 0])
Transition([30, 3, 18, 2, 0, 2, 0, 0] -- checkLiveDone --> [30, 4, 18, 0, 0, 0, 0, 0])
Transition([12, 4, 31, 0, 0, 0, 0, 0] -- right --> [12, 175, 31, 0, 0, 0, 0, 0])
Transition([12, 175, 31, 0, 0, 0, 0, 0] -- 0.getPos.3.4 --> [12, 254, 31, 0, 0, 0, 0, 0])
Transition([12, 254, 31, 0, 0, 0, 0, 0] -- 0.setPos.3.5 --> [12, 0, 29, 0, 0, 0, 0, 0])
Transition([12, 0, 29, 0, 0, 0, 0, 0] -- startSafeCheck --> [12, 1, 29, 0, 1, 0, 0, 0])
Transition([12, 1, 29, 0, 1, 0, 0, 0] -- 0.getPos.3.5 --> [12, 1, 29, 0, 25, 0, 0, 0])
Transition([12, 1, 29, 0, 25, 0, 0, 0] -- 1.getPos.4.4 --> [12, 1, 29, 0, 4, 0, 0, 0])
Transition([12, 1, 29, 0, 4, 0, 0, 0] -- checkSafeOk --> [12, 2, 29, 0, 0, 0, 0, 0])
Transition([12, 2, 29, 0, 0, 0, 0, 0] -- startLiveCheck --> [12, 3, 29, 1, 0, 1, 0, 0])
Transition([12, 3, 29, 1, 0, 1, 0, 0] -- 1.getPos.4.4 --> [12, 3, 29, 2, 0, 2, 0, 0])
Transition([12, 3, 29, 2, 0, 2, 0, 0] -- checkLiveDone --> [12, 4, 29, 0, 0, 0, 0, 0])
Transition([12, 4, 31, 0, 0, 0, 0, 0] -- up --> [12, 5, 31, 0, 0, 0, 0, 0])
Transition([12, 5, 31, 0, 0, 0, 0, 0] -- 0.getPos.3.4 --> [12, 84, 31, 0, 0, 0, 0, 0])
Transition([12, 84, 31, 0, 0, 0, 0, 0] -- 0.setPos.2.4 --> [12, 0, 18, 0, 0, 0, 0, 0])
Transition([12, 0, 18, 0, 0, 0, 0, 0] -- startSafeCheck --> [12, 1, 18, 0, 1, 0, 0, 0])
Transition([12, 1, 18, 0, 1, 0, 0, 0] -- 0.getPos.2.4 --> [12, 1, 18, 0, 20, 0, 0, 0])
Transition([12, 1, 18, 0, 20, 0, 0, 0] -- 1.getPos.4.4 --> [12, 1, 18, 0, 4, 0, 0, 0])
Transition([12, 1, 18, 0, 4, 0, 0, 0] -- checkSafeOk --> [12, 2, 18, 0, 0, 0, 0, 0])
Transition([12, 2, 18, 0, 0, 0, 0, 0] -- startLiveCheck --> [12, 3, 18, 1, 0, 1, 0, 0])
Transition([12, 3, 18, 1, 0, 1, 0, 0] -- 1.getPos.4.4 --> [12, 3, 18, 2, 0, 2, 0, 0])
Transition([12, 3, 18, 2, 0, 2, 0, 0] -- checkLiveDone --> [12, 4, 18, 0, 0, 0, 0, 0])
Transition([0, 4, 28, 0, 0, 0, 0, 0] -- down --> [0, 90, 28, 0, 0, 0, 0, 0])
Transition([0, 90, 28, 0, 0, 0, 0, 0] -- 0.getPos.5.3 --> [0, 116, 28, 0, 0, 0, 0, 0])
Transition([0, 116, 28, 0, 0, 0, 0, 0] -- 0.setPos.6.3 --> [0, 0, 9, 0, 0, 0, 0, 0])
Transition([0, 0, 9, 0, 0, 0, 0, 0] -- startSafeCheck --> [0, 1, 9, 0, 1, 0, 0, 0])
Transition([0, 1, 9, 0, 1, 0, 0, 0] -- 0.getPos.6.3 --> [0, 1, 9, 0, 5, 0, 0, 0])
Transition([0, 1, 9, 0, 5, 0, 0, 0] -- 1.getPos.3.4 --> [0, 1, 9, 0, 4, 0, 0, 0])
Transition([0, 1, 9, 0, 4, 0, 0, 0] -- checkSafeOk --> [0, 2, 9, 0, 0, 0, 0, 0])
Transition([0, 2, 9, 0, 0, 0, 0, 0] -- startLiveCheck --> [0, 3, 9, 1, 0, 1, 0, 0])
Transition([0, 3, 9, 1, 0, 1, 0, 0] -- 1.getPos.3.4 --> [0, 3, 9, 2, 0, 2, 0, 0])
Transition([0, 3, 9, 2, 0, 2, 0, 0] -- checkLiveDone --> [0, 4, 9, 0, 0, 0, 0, 0])
Transition([0, 4, 33, 0, 0, 0, 0, 0] -- down --> [0, 90, 33, 0, 0, 0, 0, 0])
Transition([0, 90, 33, 0, 0, 0, 0, 0] -- 0.getPos.5.1 --> [0, 129, 33, 0, 0, 0, 0, 0])
Transition([0, 129, 33, 0, 0, 0, 0, 0] -- 0.setPos.6.1 --> [0, 0, 14, 0, 0, 0, 0, 0])
Transition([0, 0, 14, 0, 0, 0, 0, 0] -- startSafeCheck --> [0, 1, 14, 0, 1, 0, 0, 0])
Transition([0, 1, 14, 0, 1, 0, 0, 0] -- 0.getPos.6.1 --> [0, 1, 14, 0, 16, 0, 0, 0])
Transition([0, 1, 14, 0, 16, 0, 0, 0] -- 1.getPos.3.4 --> [0, 1, 14, 0, 4, 0, 0, 0])
Transition([0, 1, 14, 0, 4, 0, 0, 0] -- checkSafeOk --> [0, 2, 14, 0, 0, 0, 0, 0])
Transition([0, 2, 14, 0, 0, 0, 0, 0] -- startLiveCheck --> [0, 3, 14, 1, 0, 1, 0, 0])
Transition([0, 3, 14, 1, 0, 1, 0, 0] -- 1.getPos.3.4 --> [0, 3, 14, 2, 0, 2, 0, 0])
Transition([0, 3, 14, 2, 0, 2, 0, 0] -- checkLiveDone --> [0, 4, 14, 0, 0, 0, 0, 0])
Transition([0, 4, 12, 0, 0, 0, 0, 0] -- down --> [0, 90, 12, 0, 0, 0, 0, 0])
Transition([0, 90, 12, 0, 0, 0, 0, 0] -- 0.getPos.4.4 --> [0, 142, 12, 0, 0, 0, 0, 0])
Transition([0, 142, 12, 0, 0, 0, 0, 0] -- 0.setPos.5.4 --> [0, 0, 26, 0, 0, 0, 0, 0])
Transition([0, 0, 26, 0, 0, 0, 0, 0] -- startSafeCheck --> [0, 1, 26, 0, 1, 0, 0, 0])
Transition([0, 1, 26, 0, 1, 0, 0, 0] -- 0.getPos.5.4 --> [0, 1, 26, 0, 22, 0, 0, 0])
Transition([0, 1, 26, 0, 22, 0, 0, 0] -- 1.getPos.3.4 --> [0, 1, 26, 0, 4, 0, 0, 0])
Transition([0, 1, 26, 0, 4, 0, 0, 0] -- checkSafeOk --> [0, 2, 26, 0, 0, 0, 0, 0])
Transition([0, 2, 26, 0, 0, 0, 0, 0] -- startLiveCheck --> [0, 3, 26, 1, 0, 1, 0, 0])
Transition([0, 3, 26, 1, 0, 1, 0, 0] -- 1.getPos.3.4 --> [0, 3, 26, 2, 0, 2, 0, 0])
Transition([0, 3, 26, 2, 0, 2, 0, 0] -- checkLiveDone --> [0, 4, 26, 0, 0, 0, 0, 0])
Transition([0, 4, 12, 0, 0, 0, 0, 0] -- left --> [0, 260, 12, 0, 0, 0, 0, 0])
Transition([0, 260, 12, 0, 0, 0, 0, 0] -- 0.getPos.4.4 --> [0, 320, 12, 0, 0, 0, 0, 0])
Transition([0, 320, 12, 0, 0, 0, 0, 0] -- 0.setPos.4.3 --> [0, 0, 15, 0, 0, 0, 0, 0])
Transition([0, 4, 29, 0, 0, 0, 0, 0] -- down --> [0, 90, 29, 0, 0, 0, 0, 0])
Transition([0, 90, 29, 0, 0, 0, 0, 0] -- 0.getPos.3.5 --> [0, 160, 29, 0, 0, 0, 0, 0])
Transition([0, 160, 29, 0, 0, 0, 0, 0] -- 0.setPos.4.5 --> [0, 0, 10, 0, 0, 0, 0, 0])
Transition([0, 0, 10, 0, 0, 0, 0, 0] -- startSafeCheck --> [0, 1, 10, 0, 1, 0, 0, 0])
Transition([0, 1, 10, 0, 1, 0, 0, 0] -- 0.getPos.4.5 --> [0, 1, 10, 0, 6, 0, 0, 0])
Transition([0, 1, 10, 0, 6, 0, 0, 0] -- 1.getPos.3.4 --> [0, 1, 10, 0, 4, 0, 0, 0])
Transition([0, 1, 10, 0, 4, 0, 0, 0] -- checkSafeOk --> [0, 2, 10, 0, 0, 0, 0, 0])
Transition([0, 2, 10, 0, 0, 0, 0, 0] -- startLiveCheck --> [0, 3, 10, 1, 0, 1, 0, 0])
Transition([0, 3, 10, 1, 0, 1, 0, 0] -- 1.getPos.3.4 --> [0, 3, 10, 2, 0, 2, 0, 0])
Transition([0, 3, 10, 2, 0, 2, 0, 0] -- checkLiveDone --> [0, 4, 10, 0, 0, 0, 0, 0])
Transition([0, 4, 12, 0, 0, 0, 0, 0] -- right --> [0, 175, 12, 0, 0, 0, 0, 0])
Transition([0, 175, 12, 0, 0, 0, 0, 0] -- 0.getPos.4.4 --> [0, 233, 12, 0, 0, 0, 0, 0])
Transition([0, 233, 12, 0, 0, 0, 0, 0] -- 0.setPos.4.5 --> [0, 0, 10, 0, 0, 0, 0, 0])
Transition([0, 4, 29, 0, 0, 0, 0, 0] -- left --> [0, 260, 29, 0, 0, 0, 0, 0])
Transition([0, 260, 29, 0, 0, 0, 0, 0] -- 0.getPos.3.5 --> [0, 334, 29, 0, 0, 0, 0, 0])
Transition([0, 334, 29, 0, 0, 0, 0, 0] -- 0.setPos.3.4 --> [0, 0, 31, 0, 0, 0, 0, 0])
Transition([0, 334, 29, 0, 0, 0, 0, 0] -- 1.getPos.3.4 --> [0, 335, 29, 0, 0, 0, 0, 0])
Transition([0, 335, 29, 0, 0, 0, 0, 0] -- 1.setPos.3.3 --> [34, 336, 29, 0, 0, 0, 0, 0])
Transition([34, 336, 29, 0, 0, 0, 0, 0] -- 0.setPos.3.4 --> [34, 0, 31, 0, 0, 0, 0, 0])
Transition([34, 0, 31, 0, 0, 0, 0, 0] -- startSafeCheck --> [34, 1, 31, 0, 1, 0, 0, 0])
Transition([34, 1, 31, 0, 1, 0, 0, 0] -- 0.getPos.3.4 --> [34, 1, 31, 0, 33, 0, 0, 0])
Transition([34, 1, 31, 0, 33, 0, 0, 0] -- 1.getPos.3.3 --> [34, 1, 31, 0, 4, 0, 0, 0])
Transition([34, 1, 31, 0, 4, 0, 0, 0] -- checkSafeOk --> [34, 2, 31, 0, 0, 0, 0, 0])
Transition([34, 2, 31, 0, 0, 0, 0, 0] -- startLiveCheck --> [34, 3, 31, 1, 0, 1, 0, 0])
Transition([34, 3, 31, 1, 0, 1, 0, 0] -- 1.getPos.3.3 --> [34, 3, 31, 2, 0, 2, 0, 0])
Transition([34, 3, 31, 2, 0, 2, 0, 0] -- checkLiveDone --> [34, 4, 31, 0, 0, 0, 0, 0])
Transition([0, 4, 12, 0, 0, 0, 0, 0] -- up --> [0, 5, 12, 0, 0, 0, 0, 0])
Transition([0, 5, 12, 0, 0, 0, 0, 0] -- 0.getPos.4.4 --> [0, 57, 12, 0, 0, 0, 0, 0])
Transition([0, 57, 12, 0, 0, 0, 0, 0] -- 0.setPos.3.4 --> [0, 0, 31, 0, 0, 0, 0, 0])
Transition([0, 57, 12, 0, 0, 0, 0, 0] -- 1.getPos.3.4 --> [0, 58, 12, 0, 0, 0, 0, 0])
Transition([0, 58, 12, 0, 0, 0, 0, 0] -- 1.setPos.2.4 --> [18, 59, 12, 0, 0, 0, 0, 0])
Transition([18, 59, 12, 0, 0, 0, 0, 0] -- 0.setPos.3.4 --> [18, 0, 31, 0, 0, 0, 0, 0])
Transition([18, 0, 31, 0, 0, 0, 0, 0] -- startSafeCheck --> [18, 1, 31, 0, 1, 0, 0, 0])
Transition([18, 1, 31, 0, 1, 0, 0, 0] -- 0.getPos.3.4 --> [18, 1, 31, 0, 33, 0, 0, 0])
Transition([18, 1, 31, 0, 33, 0, 0, 0] -- 1.getPos.2.4 --> [18, 1, 31, 0, 4, 0, 0, 0])
Transition([18, 1, 31, 0, 4, 0, 0, 0] -- checkSafeOk --> [18, 2, 31, 0, 0, 0, 0, 0])
Transition([18, 2, 31, 0, 0, 0, 0, 0] -- startLiveCheck --> [18, 3, 31, 1, 0, 1, 0, 0])
Transition([18, 3, 31, 1, 0, 1, 0, 0] -- 1.getPos.2.4 --> [18, 3, 31, 2, 0, 2, 0, 0])
Transition([18, 3, 31, 2, 0, 2, 0, 0] -- checkLiveDone --> [18, 4, 31, 0, 0, 0, 0, 0])
Transition([0, 4, 29, 0, 0, 0, 0, 0] -- right --> [0, 175, 29, 0, 0, 0, 0, 0])
Transition([0, 175, 29, 0, 0, 0, 0, 0] -- 0.getPos.3.5 --> [0, 247, 29, 0, 0, 0, 0, 0])
Transition([0, 247, 29, 0, 0, 0, 0, 0] -- 0.setPos.3.6 --> [0, 0, 27, 0, 0, 0, 0, 0])
Transition([0, 0, 27, 0, 0, 0, 0, 0] -- startSafeCheck --> [0, 1, 27, 0, 1, 0, 0, 0])
Transition([0, 1, 27, 0, 1, 0, 0, 0] -- 0.getPos.3.6 --> [0, 1, 27, 0, 23, 0, 0, 0])
Transition([0, 1, 27, 0, 23, 0, 0, 0] -- 1.getPos.3.4 --> [0, 1, 27, 0, 4, 0, 0, 0])
Transition([0, 1, 27, 0, 4, 0, 0, 0] -- checkSafeOk --> [0, 2, 27, 0, 0, 0, 0, 0])
Transition([0, 2, 27, 0, 0, 0, 0, 0] -- startLiveCheck --> [0, 3, 27, 1, 0, 1, 0, 0])
Transition([0, 3, 27, 1, 0, 1, 0, 0] -- 1.getPos.3.4 --> [0, 3, 27, 2, 0, 2, 0, 0])
Transition([0, 3, 27, 2, 0, 2, 0, 0] -- checkLiveDone --> [0, 4, 27, 0, 0, 0, 0, 0])
Transition([0, 4, 11, 0, 0, 0, 0, 0] -- down --> [0, 90, 11, 0, 0, 0, 0, 0])
Transition([0, 90, 11, 0, 0, 0, 0, 0] -- 0.getPos.6.2 --> [0, 93, 11, 0, 0, 0, 0, 0])
Transition([0, 4, 29, 0, 0, 0, 0, 0] -- up --> [0, 5, 29, 0, 0, 0, 0, 0])
Transition([0, 5, 29, 0, 0, 0, 0, 0] -- 0.getPos.3.5 --> [0, 75, 29, 0, 0, 0, 0, 0])
Transition([0, 75, 29, 0, 0, 0, 0, 0] -- 0.setPos.2.5 --> [0, 0, 16, 0, 0, 0, 0, 0])
Transition([0, 4, 11, 0, 0, 0, 0, 0] -- left --> [0, 260, 11, 0, 0, 0, 0, 0])
Transition([0, 260, 11, 0, 0, 0, 0, 0] -- 0.getPos.6.2 --> [0, 267, 11, 0, 0, 0, 0, 0])
Transition([0, 267, 11, 0, 0, 0, 0, 0] -- 0.setPos.6.1 --> [0, 0, 14, 0, 0, 0, 0, 0])
Transition([0, 4, 28, 0, 0, 0, 0, 0] -- left --> [0, 260, 28, 0, 0, 0, 0, 0])
Transition([0, 260, 28, 0, 0, 0, 0, 0] -- 0.getPos.5.3 --> [0, 292, 28, 0, 0, 0, 0, 0])
Transition([0, 292, 28, 0, 0, 0, 0, 0] -- 0.setPos.5.2 --> [0, 0, 30, 0, 0, 0, 0, 0])
Transition([0, 4, 11, 0, 0, 0, 0, 0] -- right --> [0, 175, 11, 0, 0, 0, 0, 0])
Transition([0, 175, 11, 0, 0, 0, 0, 0] -- 0.getPos.6.2 --> [0, 180, 11, 0, 0, 0, 0, 0])
Transition([0, 180, 11, 0, 0, 0, 0, 0] -- 0.setPos.6.3 --> [0, 0, 9, 0, 0, 0, 0, 0])
Transition([0, 4, 28, 0, 0, 0, 0, 0] -- right --> [0, 175, 28, 0, 0, 0, 0, 0])
Transition([0, 175, 28, 0, 0, 0, 0, 0] -- 0.getPos.5.3 --> [0, 207, 28, 0, 0, 0, 0, 0])
Transition([0, 207, 28, 0, 0, 0, 0, 0] -- 0.setPos.5.4 --> [0, 0, 26, 0, 0, 0, 0, 0])
Transition([0, 4, 11, 0, 0, 0, 0, 0] -- up --> [0, 5, 11, 0, 0, 0, 0, 0])
Transition([0, 5, 11, 0, 0, 0, 0, 0] -- 0.getPos.6.2 --> [0, 12, 11, 0, 0, 0, 0, 0])
Transition([0, 12, 11, 0, 0, 0, 0, 0] -- 0.setPos.5.2 --> [0, 0, 30, 0, 0, 0, 0, 0])
Transition([0, 4, 28, 0, 0, 0, 0, 0] -- up --> [0, 5, 28, 0, 0, 0, 0, 0])
Transition([0, 5, 28, 0, 0, 0, 0, 0] -- 0.getPos.5.3 --> [0, 33, 28, 0, 0, 0, 0, 0])
Transition([0, 33, 28, 0, 0, 0, 0, 0] -- 0.setPos.4.3 --> [0, 0, 15, 0, 0, 0, 0, 0])
Transition([0, 4, 33, 0, 0, 0, 0, 0] -- left --> [0, 260, 33, 0, 0, 0, 0, 0])
Transition([0, 260, 33, 0, 0, 0, 0, 0] -- 0.getPos.5.1 --> [0, 311, 33, 0, 0, 0, 0, 0])
Transition([0, 4, 33, 0, 0, 0, 0, 0] -- right --> [0, 175, 33, 0, 0, 0, 0, 0])
Transition([0, 175, 33, 0, 0, 0, 0, 0] -- 0.getPos.5.1 --> [0, 222, 33, 0, 0, 0, 0, 0])
Transition([0, 222, 33, 0, 0, 0, 0, 0] -- 0.setPos.5.2 --> [0, 0, 30, 0, 0, 0, 0, 0])
Transition([0, 4, 33, 0, 0, 0, 0, 0] -- up --> [0, 5, 33, 0, 0, 0, 0, 0])
Transition([0, 5, 33, 0, 0, 0, 0, 0] -- 0.getPos.5.1 --> [0, 48, 33, 0, 0, 0, 0, 0])
Transition([0, 48, 33, 0, 0, 0, 0, 0] -- 0.setPos.4.1 --> [0, 0, 5, 0, 0, 0, 0, 0])
Transition([12, 4, 34, 0, 0, 0, 0, 0] -- down --> [12, 90, 34, 0, 0, 0, 0, 0])
Transition([12, 90, 34, 0, 0, 0, 0, 0] -- 0.getPos.3.3 --> [12, 172, 34, 0, 0, 0, 0, 0])
Transition([12, 172, 34, 0, 0, 0, 0, 0] -- 0.setPos.4.3 --> [12, 0, 15, 0, 0, 0, 0, 0])
Transition([12, 0, 15, 0, 0, 0, 0, 0] -- startSafeCheck --> [12, 1, 15, 0, 1, 0, 0, 0])
Transition([12, 1, 15, 0, 1, 0, 0, 0] -- 0.getPos.4.3 --> [12, 1, 15, 0, 17, 0, 0, 0])
Transition([12, 1, 15, 0, 17, 0, 0, 0] -- 1.getPos.4.4 --> [12, 1, 15, 0, 4, 0, 0, 0])
Transition([12, 1, 15, 0, 4, 0, 0, 0] -- checkSafeOk --> [12, 2, 15, 0, 0, 0, 0, 0])
Transition([12, 2, 15, 0, 0, 0, 0, 0] -- startLiveCheck --> [12, 3, 15, 1, 0, 1, 0, 0])
Transition([12, 3, 15, 1, 0, 1, 0, 0] -- 1.getPos.4.4 --> [12, 3, 15, 2, 0, 2, 0, 0])
Transition([12, 3, 15, 2, 0, 2, 0, 0] -- checkLiveDone --> [12, 4, 15, 0, 0, 0, 0, 0])
Transition([30, 4, 34, 0, 0, 0, 0, 0] -- down --> [30, 90, 34, 0, 0, 0, 0, 0])
Transition([30, 90, 34, 0, 0, 0, 0, 0] -- 0.getPos.3.3 --> [30, 172, 34, 0, 0, 0, 0, 0])
Transition([30, 172, 34, 0, 0, 0, 0, 0] -- 0.setPos.4.3 --> [30, 0, 15, 0, 0, 0, 0, 0])
Transition([30, 0, 15, 0, 0, 0, 0, 0] -- startSafeCheck --> [30, 1, 15, 0, 1, 0, 0, 0])
Transition([30, 1, 15, 0, 1, 0, 0, 0] -- 0.getPos.4.3 --> [30, 1, 15, 0, 17, 0, 0, 0])
Transition([30, 1, 15, 0, 17, 0, 0, 0] -- 1.getPos.3.5 --> [30, 1, 15, 0, 4, 0, 0, 0])
Transition([30, 1, 15, 0, 4, 0, 0, 0] -- checkSafeOk --> [30, 2, 15, 0, 0, 0, 0, 0])
Transition([30, 2, 15, 0, 0, 0, 0, 0] -- startLiveCheck --> [30, 3, 15, 1, 0, 1, 0, 0])
Transition([30, 3, 15, 1, 0, 1, 0, 0] -- 1.getPos.3.5 --> [30, 3, 15, 2, 0, 2, 0, 0])
Transition([30, 3, 15, 2, 0, 2, 0, 0] -- checkLiveDone --> [30, 4, 15, 0, 0, 0, 0, 0])
Transition([12, 4, 34, 0, 0, 0, 0, 0] -- left --> [12, 260, 34, 0, 0, 0, 0, 0])
Transition([12, 260, 34, 0, 0, 0, 0, 0] -- 0.getPos.3.3 --> [12, 342, 34, 0, 0, 0, 0, 0])
Transition([12, 342, 34, 0, 0, 0, 0, 0] -- 0.setPos.3.2 --> [12, 0, 21, 0, 0, 0, 0, 0])
Transition([12, 0, 21, 0, 0, 0, 0, 0] -- startSafeCheck --> [12, 1, 21, 0, 1, 0, 0, 0])
Transition([12, 1, 21, 0, 1, 0, 0, 0] -- 0.getPos.3.2 --> [12, 1, 21, 0, 28, 0, 0, 0])
Transition([12, 1, 21, 0, 28, 0, 0, 0] -- 1.getPos.4.4 --> [12, 1, 21, 0, 4, 0, 0, 0])
Transition([12, 1, 21, 0, 4, 0, 0, 0] -- checkSafeOk --> [12, 2, 21, 0, 0, 0, 0, 0])
Transition([12, 2, 21, 0, 0, 0, 0, 0] -- startLiveCheck --> [12, 3, 21, 1, 0, 1, 0, 0])
Transition([12, 3, 21, 1, 0, 1, 0, 0] -- 1.getPos.4.4 --> [12, 3, 21, 2, 0, 2, 0, 0])
Transition([12, 3, 21, 2, 0, 2, 0, 0] -- checkLiveDone --> [12, 4, 21, 0, 0, 0, 0, 0])
Transition([30, 4, 12, 0, 0, 0, 0, 0] -- down --> [30, 90, 12, 0, 0, 0, 0, 0])
Transition([30, 90, 12, 0, 0, 0, 0, 0] -- 0.getPos.4.4 --> [30, 142, 12, 0, 0, 0, 0, 0])
Transition([30, 142, 12, 0, 0, 0, 0, 0] -- 0.setPos.5.4 --> [30, 0, 26, 0, 0, 0, 0, 0])
Transition([30, 0, 26, 0, 0, 0, 0, 0] -- startSafeCheck --> [30, 1, 26, 0, 1, 0, 0, 0])
Transition([30, 1, 26, 0, 1, 0, 0, 0] -- 0.getPos.5.4 --> [30, 1, 26, 0, 22, 0, 0, 0])
Transition([30, 1, 26, 0, 22, 0, 0, 0] -- 1.getPos.3.5 --> [30, 1, 26, 0, 4, 0, 0, 0])
Transition([30, 1, 26, 0, 4, 0, 0, 0] -- checkSafeOk --> [30, 2, 26, 0, 0, 0, 0, 0])
Transition([30, 2, 26, 0, 0, 0, 0, 0] -- startLiveCheck --> [30, 3, 26, 1, 0, 1, 0, 0])
Transition([30, 3, 26, 1, 0, 1, 0, 0] -- 1.getPos.3.5 --> [30, 3, 26, 2, 0, 2, 0, 0])
Transition([30, 3, 26, 2, 0, 2, 0, 0] -- checkLiveDone --> [30, 4, 26, 0, 0, 0, 0, 0])
Transition([30, 4, 34, 0, 0, 0, 0, 0] -- left --> [30, 260, 34, 0, 0, 0, 0, 0])
Transition([30, 260, 34, 0, 0, 0, 0, 0] -- 0.getPos.3.3 --> [30, 342, 34, 0, 0, 0, 0, 0])
Transition([30, 342, 34, 0, 0, 0, 0, 0] -- 0.setPos.3.2 --> [30, 0, 21, 0, 0, 0, 0, 0])
Transition([30, 0, 21, 0, 0, 0, 0, 0] -- startSafeCheck --> [30, 1, 21, 0, 1, 0, 0, 0])
Transition([30, 1, 21, 0, 1, 0, 0, 0] -- 0.getPos.3.2 --> [30, 1, 21, 0, 28, 0, 0, 0])
Transition([30, 1, 21, 0, 28, 0, 0, 0] -- 1.getPos.3.5 --> [30, 1, 21, 0, 4, 0, 0, 0])
Transition([30, 1, 21, 0, 4, 0, 0, 0] -- checkSafeOk --> [30, 2, 21, 0, 0, 0, 0, 0])
Transition([30, 2, 21, 0, 0, 0, 0, 0] -- startLiveCheck --> [30, 3, 21, 1, 0, 1, 0, 0])
Transition([30, 3, 21, 1, 0, 1, 0, 0] -- 1.getPos.3.5 --> [30, 3, 21, 2, 0, 2, 0, 0])
Transition([30, 3, 21, 2, 0, 2, 0, 0] -- checkLiveDone --> [30, 4, 21, 0, 0, 0, 0, 0])
Transition([12, 4, 34, 0, 0, 0, 0, 0] -- right --> [12, 175, 34, 0, 0, 0, 0, 0])
Transition([12, 175, 34, 0, 0, 0, 0, 0] -- 0.getPos.3.3 --> [12, 257, 34, 0, 0, 0, 0, 0])
Transition([12, 257, 34, 0, 0, 0, 0, 0] -- 0.setPos.3.4 --> [12, 0, 31, 0, 0, 0, 0, 0])
Transition([30, 4, 34, 0, 0, 0, 0, 0] -- right --> [30, 175, 34, 0, 0, 0, 0, 0])
Transition([30, 175, 34, 0, 0, 0, 0, 0] -- 0.getPos.3.3 --> [30, 257, 34, 0, 0, 0, 0, 0])
Transition([30, 257, 34, 0, 0, 0, 0, 0] -- 0.setPos.3.4 --> [30, 0, 31, 0, 0, 0, 0, 0])
Transition([12, 4, 29, 0, 0, 0, 0, 0] -- down --> [12, 90, 29, 0, 0, 0, 0, 0])
Transition([12, 90, 29, 0, 0, 0, 0, 0] -- 0.getPos.3.5 --> [12, 160, 29, 0, 0, 0, 0, 0])
Transition([12, 160, 29, 0, 0, 0, 0, 0] -- 0.setPos.4.5 --> [12, 0, 10, 0, 0, 0, 0, 0])
Transition([12, 0, 10, 0, 0, 0, 0, 0] -- startSafeCheck --> [12, 1, 10, 0, 1, 0, 0, 0])
Transition([12, 1, 10, 0, 1, 0, 0, 0] -- 0.getPos.4.5 --> [12, 1, 10, 0, 6, 0, 0, 0])
Transition([12, 1, 10, 0, 6, 0, 0, 0] -- 1.getPos.4.4 --> [12, 1, 10, 0, 4, 0, 0, 0])
Transition([12, 1, 10, 0, 4, 0, 0, 0] -- checkSafeOk --> [12, 2, 10, 0, 0, 0, 0, 0])
Transition([12, 2, 10, 0, 0, 0, 0, 0] -- startLiveCheck --> [12, 3, 10, 1, 0, 1, 0, 0])
Transition([12, 3, 10, 1, 0, 1, 0, 0] -- 1.getPos.4.4 --> [12, 3, 10, 2, 0, 2, 0, 0])
Transition([12, 3, 10, 2, 0, 2, 0, 0] -- checkLiveDone --> [12, 4, 10, 0, 0, 0, 0, 0])
Transition([12, 4, 29, 0, 0, 0, 0, 0] -- left --> [12, 260, 29, 0, 0, 0, 0, 0])
Transition([12, 260, 29, 0, 0, 0, 0, 0] -- 0.getPos.3.5 --> [12, 334, 29, 0, 0, 0, 0, 0])
Transition([12, 334, 29, 0, 0, 0, 0, 0] -- 0.setPos.3.4 --> [12, 0, 31, 0, 0, 0, 0, 0])
Transition([12, 4, 29, 0, 0, 0, 0, 0] -- right --> [12, 175, 29, 0, 0, 0, 0, 0])
Transition([12, 175, 29, 0, 0, 0, 0, 0] -- 0.getPos.3.5 --> [12, 247, 29, 0, 0, 0, 0, 0])
Transition([12, 247, 29, 0, 0, 0, 0, 0] -- 0.setPos.3.6 --> [12, 0, 27, 0, 0, 0, 0, 0])
Transition([12, 0, 27, 0, 0, 0, 0, 0] -- startSafeCheck --> [12, 1, 27, 0, 1, 0, 0, 0])
Transition([12, 1, 27, 0, 1, 0, 0, 0] -- 0.getPos.3.6 --> [12, 1, 27, 0, 23, 0, 0, 0])
Transition([12, 1, 27, 0, 23, 0, 0, 0] -- 1.getPos.4.4 --> [12, 1, 27, 0, 4, 0, 0, 0])
Transition([12, 1, 27, 0, 4, 0, 0, 0] -- checkSafeOk --> [12, 2, 27, 0, 0, 0, 0, 0])
Transition([12, 2, 27, 0, 0, 0, 0, 0] -- startLiveCheck --> [12, 3, 27, 1, 0, 1, 0, 0])
Transition([12, 3, 27, 1, 0, 1, 0, 0] -- 1.getPos.4.4 --> [12, 3, 27, 2, 0, 2, 0, 0])
Transition([12, 3, 27, 2, 0, 2, 0, 0] -- checkLiveDone --> [12, 4, 27, 0, 0, 0, 0, 0])
Transition([30, 4, 34, 0, 0, 0, 0, 0] -- up --> [30, 5, 34, 0, 0, 0, 0, 0])
Transition([30, 5, 34, 0, 0, 0, 0, 0] -- 0.getPos.3.3 --> [30, 87, 34, 0, 0, 0, 0, 0])
Transition([30, 87, 34, 0, 0, 0, 0, 0] -- 0.setPos.2.3 --> [30, 0, 6, 0, 0, 0, 0, 0])
Transition([30, 0, 6, 0, 0, 0, 0, 0] -- startSafeCheck --> [30, 1, 6, 0, 1, 0, 0, 0])
Transition([30, 1, 6, 0, 1, 0, 0, 0] -- 0.getPos.2.3 --> [30, 1, 6, 0, 14, 0, 0, 0])
Transition([30, 1, 6, 0, 14, 0, 0, 0] -- 1.getPos.3.5 --> [30, 1, 6, 0, 4, 0, 0, 0])
Transition([30, 1, 6, 0, 4, 0, 0, 0] -- checkSafeOk --> [30, 2, 6, 0, 0, 0, 0, 0])
Transition([30, 2, 6, 0, 0, 0, 0, 0] -- startLiveCheck --> [30, 3, 6, 1, 0, 1, 0, 0])
Transition([30, 3, 6, 1, 0, 1, 0, 0] -- 1.getPos.3.5 --> [30, 3, 6, 2, 0, 2, 0, 0])
Transition([30, 3, 6, 2, 0, 2, 0, 0] -- checkLiveDone --> [30, 4, 6, 0, 0, 0, 0, 0])
Transition([12, 4, 34, 0, 0, 0, 0, 0] -- up --> [12, 5, 34, 0, 0, 0, 0, 0])
Transition([12, 5, 34, 0, 0, 0, 0, 0] -- 0.getPos.3.3 --> [12, 87, 34, 0, 0, 0, 0, 0])
Transition([12, 87, 34, 0, 0, 0, 0, 0] -- 0.setPos.2.3 --> [12, 0, 6, 0, 0, 0, 0, 0])
Transition([12, 0, 6, 0, 0, 0, 0, 0] -- startSafeCheck --> [12, 1, 6, 0, 1, 0, 0, 0])
Transition([12, 1, 6, 0, 1, 0, 0, 0] -- 0.getPos.2.3 --> [12, 1, 6, 0, 14, 0, 0, 0])
Transition([12, 1, 6, 0, 14, 0, 0, 0] -- 1.getPos.4.4 --> [12, 1, 6, 0, 4, 0, 0, 0])
Transition([12, 1, 6, 0, 4, 0, 0, 0] -- checkSafeOk --> [12, 2, 6, 0, 0, 0, 0, 0])
Transition([12, 2, 6, 0, 0, 0, 0, 0] -- startLiveCheck --> [12, 3, 6, 1, 0, 1, 0, 0])
Transition([12, 3, 6, 1, 0, 1, 0, 0] -- 1.getPos.4.4 --> [12, 3, 6, 2, 0, 2, 0, 0])
Transition([12, 3, 6, 2, 0, 2, 0, 0] -- checkLiveDone --> [12, 4, 6, 0, 0, 0, 0, 0])
Transition([30, 4, 12, 0, 0, 0, 0, 0] -- left --> [30, 260, 12, 0, 0, 0, 0, 0])
Transition([30, 260, 12, 0, 0, 0, 0, 0] -- 0.getPos.4.4 --> [30, 320, 12, 0, 0, 0, 0, 0])
Transition([30, 320, 12, 0, 0, 0, 0, 0] -- 0.setPos.4.3 --> [30, 0, 15, 0, 0, 0, 0, 0])
Transition([12, 4, 29, 0, 0, 0, 0, 0] -- up --> [12, 5, 29, 0, 0, 0, 0, 0])
Transition([12, 5, 29, 0, 0, 0, 0, 0] -- 0.getPos.3.5 --> [12, 75, 29, 0, 0, 0, 0, 0])
Transition([12, 75, 29, 0, 0, 0, 0, 0] -- 0.setPos.2.5 --> [12, 0, 16, 0, 0, 0, 0, 0])
Transition([12, 0, 16, 0, 0, 0, 0, 0] -- startSafeCheck --> [12, 1, 16, 0, 1, 0, 0, 0])
Transition([12, 1, 16, 0, 1, 0, 0, 0] -- 0.getPos.2.5 --> [12, 1, 16, 0, 18, 0, 0, 0])
Transition([12, 1, 16, 0, 18, 0, 0, 0] -- 1.getPos.4.4 --> [12, 1, 16, 0, 4, 0, 0, 0])
Transition([12, 1, 16, 0, 4, 0, 0, 0] -- checkSafeOk --> [12, 2, 16, 0, 0, 0, 0, 0])
Transition([12, 2, 16, 0, 0, 0, 0, 0] -- startLiveCheck --> [12, 3, 16, 1, 0, 1, 0, 0])
Transition([12, 3, 16, 1, 0, 1, 0, 0] -- 1.getPos.4.4 --> [12, 3, 16, 2, 0, 2, 0, 0])
Transition([12, 3, 16, 2, 0, 2, 0, 0] -- checkLiveDone --> [12, 4, 16, 0, 0, 0, 0, 0])
Transition([30, 4, 12, 0, 0, 0, 0, 0] -- right --> [30, 175, 12, 0, 0, 0, 0, 0])
Transition([30, 175, 12, 0, 0, 0, 0, 0] -- 0.getPos.4.4 --> [30, 233, 12, 0, 0, 0, 0, 0])
Transition([30, 233, 12, 0, 0, 0, 0, 0] -- 0.setPos.4.5 --> [30, 0, 10, 0, 0, 0, 0, 0])
Transition([30, 0, 10, 0, 0, 0, 0, 0] -- startSafeCheck --> [30, 1, 10, 0, 1, 0, 0, 0])
Transition([30, 1, 10, 0, 1, 0, 0, 0] -- 0.getPos.4.5 --> [30, 1, 10, 0, 6, 0, 0, 0])
Transition([30, 1, 10, 0, 6, 0, 0, 0] -- 1.getPos.3.5 --> [30, 1, 10, 0, 4, 0, 0, 0])
Transition([30, 1, 10, 0, 4, 0, 0, 0] -- checkSafeOk --> [30, 2, 10, 0, 0, 0, 0, 0])
Transition([30, 2, 10, 0, 0, 0, 0, 0] -- startLiveCheck --> [30, 3, 10, 1, 0, 1, 0, 0])
Transition([30, 3, 10, 1, 0, 1, 0, 0] -- 1.getPos.3.5 --> [30, 3, 10, 2, 0, 2, 0, 0])
Transition([30, 3, 10, 2, 0, 2, 0, 0] -- checkLiveDone --> [30, 4, 10, 0, 0, 0, 0, 0])
Transition([12, 4, 18, 0, 0, 0, 0, 0] -- down --> [12, 90, 18, 0, 0, 0, 0, 0])
Transition([12, 90, 18, 0, 0, 0, 0, 0] -- 0.getPos.2.4 --> [12, 109, 18, 0, 0, 0, 0, 0])
Transition([12, 109, 18, 0, 0, 0, 0, 0] -- 0.setPos.3.4 --> [12, 0, 31, 0, 0, 0, 0, 0])
Transition([30, 4, 12, 0, 0, 0, 0, 0] -- up --> [30, 5, 12, 0, 0, 0, 0, 0])
Transition([30, 5, 12, 0, 0, 0, 0, 0] -- 0.getPos.4.4 --> [30, 57, 12, 0, 0, 0, 0, 0])
Transition([30, 57, 12, 0, 0, 0, 0, 0] -- 0.setPos.3.4 --> [30, 0, 31, 0, 0, 0, 0, 0])
Transition([30, 4, 18, 0, 0, 0, 0, 0] -- down --> [30, 90, 18, 0, 0, 0, 0, 0])
Transition([30, 90, 18, 0, 0, 0, 0, 0] -- 0.getPos.2.4 --> [30, 109, 18, 0, 0, 0, 0, 0])
Transition([30, 109, 18, 0, 0, 0, 0, 0] -- 0.setPos.3.4 --> [30, 0, 31, 0, 0, 0, 0, 0])
Transition([12, 4, 18, 0, 0, 0, 0, 0] -- left --> [12, 260, 18, 0, 0, 0, 0, 0])
Transition([12, 260, 18, 0, 0, 0, 0, 0] -- 0.getPos.2.4 --> [12, 285, 18, 0, 0, 0, 0, 0])
Transition([12, 285, 18, 0, 0, 0, 0, 0] -- 0.setPos.2.3 --> [12, 0, 6, 0, 0, 0, 0, 0])
Transition([30, 4, 18, 0, 0, 0, 0, 0] -- left --> [30, 260, 18, 0, 0, 0, 0, 0])
Transition([30, 260, 18, 0, 0, 0, 0, 0] -- 0.getPos.2.4 --> [30, 285, 18, 0, 0, 0, 0, 0])
Transition([30, 285, 18, 0, 0, 0, 0, 0] -- 0.setPos.2.3 --> [30, 0, 6, 0, 0, 0, 0, 0])
Transition([12, 4, 18, 0, 0, 0, 0, 0] -- right --> [12, 175, 18, 0, 0, 0, 0, 0])
Transition([12, 175, 18, 0, 0, 0, 0, 0] -- 0.getPos.2.4 --> [12, 198, 18, 0, 0, 0, 0, 0])
Transition([12, 198, 18, 0, 0, 0, 0, 0] -- 0.setPos.2.5 --> [12, 0, 16, 0, 0, 0, 0, 0])
Transition([30, 4, 18, 0, 0, 0, 0, 0] -- right --> [30, 175, 18, 0, 0, 0, 0, 0])
Transition([30, 175, 18, 0, 0, 0, 0, 0] -- 0.getPos.2.4 --> [30, 198, 18, 0, 0, 0, 0, 0])
Transition([30, 198, 18, 0, 0, 0, 0, 0] -- 0.setPos.2.5 --> [30, 0, 16, 0, 0, 0, 0, 0])
Transition([30, 0, 16, 0, 0, 0, 0, 0] -- startSafeCheck --> [30, 1, 16, 0, 1, 0, 0, 0])
Transition([30, 1, 16, 0, 1, 0, 0, 0] -- 0.getPos.2.5 --> [30, 1, 16, 0, 18, 0, 0, 0])
Transition([30, 1, 16, 0, 18, 0, 0, 0] -- 1.getPos.3.5 --> [30, 1, 16, 0, 4, 0, 0, 0])
Transition([30, 1, 16, 0, 4, 0, 0, 0] -- checkSafeOk --> [30, 2, 16, 0, 0, 0, 0, 0])
Transition([30, 2, 16, 0, 0, 0, 0, 0] -- startLiveCheck --> [30, 3, 16, 1, 0, 1, 0, 0])
Transition([30, 3, 16, 1, 0, 1, 0, 0] -- 1.getPos.3.5 --> [30, 3, 16, 2, 0, 2, 0, 0])
Transition([30, 3, 16, 2, 0, 2, 0, 0] -- checkLiveDone --> [30, 4, 16, 0, 0, 0, 0, 0])
Transition([12, 4, 18, 0, 0, 0, 0, 0] -- up --> [12, 5, 18, 0, 0, 0, 0, 0])
Transition([12, 5, 18, 0, 0, 0, 0, 0] -- 0.getPos.2.4 --> [12, 28, 18, 0, 0, 0, 0, 0])
Transition([12, 28, 18, 0, 0, 0, 0, 0] -- 0.setPos.1.4 --> [12, 0, 22, 0, 0, 0, 0, 0])
Transition([12, 0, 22, 0, 0, 0, 0, 0] -- startSafeCheck --> [12, 1, 22, 0, 1, 0, 0, 0])
Transition([12, 1, 22, 0, 1, 0, 0, 0] -- 0.getPos.1.4 --> [12, 1, 22, 0, 29, 0, 0, 0])
Transition([12, 1, 22, 0, 29, 0, 0, 0] -- 1.getPos.4.4 --> [12, 1, 22, 0, 4, 0, 0, 0])
Transition([12, 1, 22, 0, 4, 0, 0, 0] -- checkSafeOk --> [12, 2, 22, 0, 0, 0, 0, 0])
Transition([12, 2, 22, 0, 0, 0, 0, 0] -- startLiveCheck --> [12, 3, 22, 1, 0, 1, 0, 0])
Transition([12, 3, 22, 1, 0, 1, 0, 0] -- 1.getPos.4.4 --> [12, 3, 22, 2, 0, 2, 0, 0])
Transition([12, 3, 22, 2, 0, 2, 0, 0] -- checkLiveDone --> [12, 4, 22, 0, 0, 0, 0, 0])
Transition([30, 4, 18, 0, 0, 0, 0, 0] -- up --> [30, 5, 18, 0, 0, 0, 0, 0])
Transition([30, 5, 18, 0, 0, 0, 0, 0] -- 0.getPos.2.4 --> [30, 28, 18, 0, 0, 0, 0, 0])
Transition([30, 28, 18, 0, 0, 0, 0, 0] -- 0.setPos.1.4 --> [30, 0, 22, 0, 0, 0, 0, 0])
Transition([30, 0, 22, 0, 0, 0, 0, 0] -- startSafeCheck --> [30, 1, 22, 0, 1, 0, 0, 0])
Transition([30, 1, 22, 0, 1, 0, 0, 0] -- 0.getPos.1.4 --> [30, 1, 22, 0, 29, 0, 0, 0])
Transition([30, 1, 22, 0, 29, 0, 0, 0] -- 1.getPos.3.5 --> [30, 1, 22, 0, 4, 0, 0, 0])
Transition([30, 1, 22, 0, 4, 0, 0, 0] -- checkSafeOk --> [30, 2, 22, 0, 0, 0, 0, 0])
Transition([30, 2, 22, 0, 0, 0, 0, 0] -- startLiveCheck --> [30, 3, 22, 1, 0, 1, 0, 0])
Transition([30, 3, 22, 1, 0, 1, 0, 0] -- 1.getPos.3.5 --> [30, 3, 22, 2, 0, 2, 0, 0])
Transition([30, 3, 22, 2, 0, 2, 0, 0] -- checkLiveDone --> [30, 4, 22, 0, 0, 0, 0, 0])
Transition([27, 4, 12, 0, 0, 0, 0, 0] -- down --> [27, 90, 12, 0, 0, 0, 0, 0])
Transition([27, 90, 12, 0, 0, 0, 0, 0] -- 0.getPos.4.4 --> [27, 142, 12, 0, 0, 0, 0, 0])
Transition([27, 142, 12, 0, 0, 0, 0, 0] -- 0.setPos.5.4 --> [27, 0, 26, 0, 0, 0, 0, 0])
Transition([27, 0, 26, 0, 0, 0, 0, 0] -- startSafeCheck --> [27, 1, 26, 0, 1, 0, 0, 0])
Transition([27, 1, 26, 0, 1, 0, 0, 0] -- 0.getPos.5.4 --> [27, 1, 26, 0, 22, 0, 0, 0])
Transition([27, 1, 26, 0, 22, 0, 0, 0] -- 1.getPos.5.4 --> [27, 1, 26, 0, 3, 0, 0, 0])
Transition([27, 142, 12, 0, 0, 0, 0, 0] -- 1.getPos.5.4 --> [27, 143, 12, 0, 0, 0, 0, 0])
Transition([27, 143, 12, 0, 0, 0, 0, 0] -- 1.setPos.6.4 --> [3, 144, 12, 0, 0, 0, 0, 0])
Transition([3, 144, 12, 0, 0, 0, 0, 0] -- 0.setPos.5.4 --> [3, 0, 26, 0, 0, 0, 0, 0])
Transition([3, 0, 26, 0, 0, 0, 0, 0] -- startSafeCheck --> [3, 1, 26, 0, 1, 0, 0, 0])
Transition([3, 1, 26, 0, 1, 0, 0, 0] -- 0.getPos.5.4 --> [3, 1, 26, 0, 22, 0, 0, 0])
Transition([3, 1, 26, 0, 22, 0, 0, 0] -- 1.getPos.6.4 --> [3, 1, 26, 0, 4, 0, 0, 0])
Transition([3, 1, 26, 0, 4, 0, 0, 0] -- checkSafeOk --> [3, 2, 26, 0, 0, 0, 0, 0])
Transition([3, 2, 26, 0, 0, 0, 0, 0] -- startLiveCheck --> [3, 3, 26, 1, 0, 1, 0, 0])
Transition([3, 3, 26, 1, 0, 1, 0, 0] -- 1.getPos.6.4 --> [3, 3, 26, 3, 0, 3, 0, 0])
Transition([3, 3, 26, 3, 0, 3, 0, 0] -- win --> [3, 3, 26, 3, 0, 3, 0, 1])
Transition([3, 3, 26, 3, 0, 3, 0, 1] -- win --> [3, 3, 26, 3, 0, 3, 0, 1])
