Transition([0, 0, 0, 0, 0, 0, 0, 0] -- startSafeCheck --> [0, 1, 0, 0, 1, 0, 0, 0])
Transition([0, 1, 0, 0, 1, 0, 0, 0] -- 0.getPos.1.1 --> [0, 1, 0, 0, 39, 0, 0, 0])
Transition([0, 1, 0, 0, 39, 0, 0, 0] -- 1.getPos.5.4 --> [0, 1, 0, 0, 4, 0, 0, 0])
Transition([0, 1, 0, 0, 4, 0, 0, 0] -- checkSafeOk --> [0, 2, 0, 0, 0, 0, 0, 0])
Transition([0, 2, 0, 0, 0, 0, 0, 0] -- startLiveCheck --> [0, 3, 0, 1, 0, 1, 0, 0])
Transition([0, 3, 0, 1, 0, 1, 0, 0] -- 1.getPos.5.4 --> [0, 3, 0, 2, 0, 2, 0, 0])
Transition([0, 3, 0, 2, 0, 2, 0, 0] -- checkLiveDone --> [0, 4, 0, 0, 0, 0, 0, 0])
Transition([0, 4, 0, 0, 0, 0, 0, 0] -- down --> [0, 90, 0, 0, 0, 0, 0, 0])
Transition([0, 90, 0, 0, 0, 0, 0, 0] -- 0.getPos.1.1 --> [0, 136, 0, 0, 0, 0, 0, 0])
Transition([0, 136, 0, 0, 0, 0, 0, 0] -- 0.setPos.2.1 --> [0, 0, 8, 0, 0, 0, 0, 0])
Transition([0, 0, 8, 0, 0, 0, 0, 0] -- startSafeCheck --> [0, 1, 8, 0, 1, 0, 0, 0])
Transition([0, 1, 8, 0, 1, 0, 0, 0] -- 0.getPos.2.1 --> [0, 1, 8, 0, 21, 0, 0, 0])
Transition([0, 1, 8, 0, 21, 0, 0, 0] -- 1.getPos.5.4 --> [0, 1, 8, 0, 4, 0, 0, 0])
Transition([0, 1, 8, 0, 4, 0, 0, 0] -- checkSafeOk --> [0, 2, 8, 0, 0, 0, 0, 0])
Transition([0, 2, 8, 0, 0, 0, 0, 0] -- startLiveCheck --> [0, 3, 8, 1, 0, 1, 0, 0])
Transition([0, 3, 8, 1, 0, 1, 0, 0] -- 1.getPos.5.4 --> [0, 3, 8, 2, 0, 2, 0, 0])
Transition([0, 3, 8, 2, 0, 2, 0, 0] -- checkLiveDone --> [0, 4, 8, 0, 0, 0, 0, 0])
Transition([0, 4, 0, 0, 0, 0, 0, 0] -- left --> [0, 260, 0, 0, 0, 0, 0, 0])
Transition([0, 260, 0, 0, 0, 0, 0, 0] -- 0.getPos.1.1 --> [0, 316, 0, 0, 0, 0, 0, 0])
Transition([0, 4, 0, 0, 0, 0, 0, 0] -- right --> [0, 175, 0, 0, 0, 0, 0, 0])
Transition([0, 175, 0, 0, 0, 0, 0, 0] -- 0.getPos.1.1 --> [0, 229, 0, 0, 0, 0, 0, 0])
Transition([0, 229, 0, 0, 0, 0, 0, 0] -- 0.setPos.1.2 --> [0, 0, 25, 0, 0, 0, 0, 0])
Transition([0, 0, 25, 0, 0, 0, 0, 0] -- startSafeCheck --> [0, 1, 25, 0, 1, 0, 0, 0])
Transition([0, 1, 25, 0, 1, 0, 0, 0] -- 0.getPos.1.2 --> [0, 1, 25, 0, 38, 0, 0, 0])
Transition([0, 1, 25, 0, 38, 0, 0, 0] -- 1.getPos.5.4 --> [0, 1, 25, 0, 4, 0, 0, 0])
Transition([0, 1, 25, 0, 4, 0, 0, 0] -- checkSafeOk --> [0, 2, 25, 0, 0, 0, 0, 0])
Transition([0, 2, 25, 0, 0, 0, 0, 0] -- startLiveCheck --> [0, 3, 25, 1, 0, 1, 0, 0])
Transition([0, 3, 25, 1, 0, 1, 0, 0] -- 1.getPos.5.4 --> [0, 3, 25, 2, 0, 2, 0, 0])
Transition([0, 3, 25, 2, 0, 2, 0, 0] -- checkLiveDone --> [0, 4, 25, 0, 0, 0, 0, 0])
Transition([0, 4, 0, 0, 0, 0, 0, 0] -- up --> [0, 5, 0, 0, 0, 0, 0, 0])
Transition([0, 5, 0, 0, 0, 0, 0, 0] -- 0.getPos.1.1 --> [0, 53, 0, 0, 0, 0, 0, 0])
Transition([0, 4, 25, 0, 0, 0, 0, 0] -- down --> [0, 90, 25, 0, 0, 0, 0, 0])
Transition([0, 90, 25, 0, 0, 0, 0, 0] -- 0.getPos.1.2 --> [0, 133, 25, 0, 0, 0, 0, 0])
Transition([0, 133, 25, 0, 0, 0, 0, 0] -- 0.setPos.2.2 --> [0, 0, 7, 0, 0, 0, 0, 0])
Transition([0, 0, 7, 0, 0, 0, 0, 0] -- startSafeCheck --> [0, 1, 7, 0, 1, 0, 0, 0])
Transition([0, 1, 7, 0, 1, 0, 0, 0] -- 0.getPos.2.2 --> [0, 1, 7, 0, 15, 0, 0, 0])
Transition([0, 1, 7, 0, 15, 0, 0, 0] -- 1.getPos.5.4 --> [0, 1, 7, 0, 4, 0, 0, 0])
Transition([0, 1, 7, 0, 4, 0, 0, 0] -- checkSafeOk --> [0, 2, 7, 0, 0, 0, 0, 0])
Transition([0, 2, 7, 0, 0, 0, 0, 0] -- startLiveCheck --> [0, 3, 7, 1, 0, 1, 0, 0])
Transition([0, 3, 7, 1, 0, 1, 0, 0] -- 1.getPos.5.4 --> [0, 3, 7, 2, 0, 2, 0, 0])
Transition([0, 3, 7, 2, 0, 2, 0, 0] -- checkLiveDone --> [0, 4, 7, 0, 0, 0, 0, 0])
Transition([0, 4, 25, 0, 0, 0, 0, 0] -- left --> [0, 260, 25, 0, 0, 0, 0, 0])
Transition([0, 260, 25, 0, 0, 0, 0, 0] -- 0.getPos.1.2 --> [0, 315, 25, 0, 0, 0, 0, 0])
Transition([0, 315, 25, 0, 0, 0, 0, 0] -- 0.setPos.1.1 --> [0, 0, 0, 0, 0, 0, 0, 0])
Transition([0, 4, 25, 0, 0, 0, 0, 0] -- right --> [0, 175, 25, 0, 0, 0, 0, 0])
Transition([0, 175, 25, 0, 0, 0, 0, 0] -- 0.getPos.1.2 --> [0, 226, 25, 0, 0, 0, 0, 0])
Transition([0, 226, 25, 0, 0, 0, 0, 0] -- 0.setPos.1.3 --> [0, 0, 24, 0, 0, 0, 0, 0])
Transition([0, 0, 24, 0, 0, 0, 0, 0] -- startSafeCheck --> [0, 1, 24, 0, 1, 0, 0, 0])
Transition([0, 1, 24, 0, 1, 0, 0, 0] -- 0.getPos.1.3 --> [0, 1, 24, 0, 31, 0, 0, 0])
Transition([0, 1, 24, 0, 31, 0, 0, 0] -- 1.getPos.5.4 --> [0, 1, 24, 0, 4, 0, 0, 0])
Transition([0, 1, 24, 0, 4, 0, 0, 0] -- checkSafeOk --> [0, 2, 24, 0, 0, 0, 0, 0])
Transition([0, 2, 24, 0, 0, 0, 0, 0] -- startLiveCheck --> [0, 3, 24, 1, 0, 1, 0, 0])
Transition([0, 3, 24, 1, 0, 1, 0, 0] -- 1.getPos.5.4 --> [0, 3, 24, 2, 0, 2, 0, 0])
Transition([0, 3, 24, 2, 0, 2, 0, 0] -- checkLiveDone --> [0, 4, 24, 0, 0, 0, 0, 0])
Transition([0, 4, 25, 0, 0, 0, 0, 0] -- up --> [0, 5, 25, 0, 0, 0, 0, 0])
Transition([0, 5, 25, 0, 0, 0, 0, 0] -- 0.getPos.1.2 --> [0, 52, 25, 0, 0, 0, 0, 0])
Transition([0, 4, 8, 0, 0, 0, 0, 0] -- down --> [0, 90, 8, 0, 0, 0, 0, 0])
Transition([0, 90, 8, 0, 0, 0, 0, 0] -- 0.getPos.2.1 --> [0, 112, 8, 0, 0, 0, 0, 0])
Transition([0, 112, 8, 0, 0, 0, 0, 0] -- 0.setPos.3.1 --> [0, 0, 23, 0, 0, 0, 0, 0])
Transition([0, 0, 23, 0, 0, 0, 0, 0] -- startSafeCheck --> [0, 1, 23, 0, 1, 0, 0, 0])
Transition([0, 1, 23, 0, 1, 0, 0, 0] -- 0.getPos.3.1 --> [0, 1, 23, 0, 30, 0, 0, 0])
Transition([0, 1, 23, 0, 30, 0, 0, 0] -- 1.getPos.5.4 --> [0, 1, 23, 0, 4, 0, 0, 0])
Transition([0, 1, 23, 0, 4, 0, 0, 0] -- checkSafeOk --> [0, 2, 23, 0, 0, 0, 0, 0])
Transition([0, 2, 23, 0, 0, 0, 0, 0] -- startLiveCheck --> [0, 3, 23, 1, 0, 1, 0, 0])
Transition([0, 3, 23, 1, 0, 1, 0, 0] -- 1.getPos.5.4 --> [0, 3, 23, 2, 0, 2, 0, 0])
Transition([0, 3, 23, 2, 0, 2, 0, 0] -- checkLiveDone --> [0, 4, 23, 0, 0, 0, 0, 0])
Transition([0, 4, 8, 0, 0, 0, 0, 0] -- left --> [0, 260, 8, 0, 0, 0, 0, 0])
Transition([0, 260, 8, 0, 0, 0, 0, 0] -- 0.getPos.2.1 --> [0, 288, 8, 0, 0, 0, 0, 0])
Transition([0, 4, 8, 0, 0, 0, 0, 0] -- right --> [0, 175, 8, 0, 0, 0, 0, 0])
Transition([0, 175, 8, 0, 0, 0, 0, 0] -- 0.getPos.2.1 --> [0, 201, 8, 0, 0, 0, 0, 0])
Transition([0, 201, 8, 0, 0, 0, 0, 0] -- 0.setPos.2.2 --> [0, 0, 7, 0, 0, 0, 0, 0])
Transition([0, 4, 8, 0, 0, 0, 0, 0] -- up --> [0, 5, 8, 0, 0, 0, 0, 0])
Transition([0, 5, 8, 0, 0, 0, 0, 0] -- 0.getPos.2.1 --> [0, 29, 8, 0, 0, 0, 0, 0])
Transition([0, 29, 8, 0, 0, 0, 0, 0] -- 0.setPos.1.1 --> [0, 0, 0, 0, 0, 0, 0, 0])
Transition([0, 4, 23, 0, 0, 0, 0, 0] -- down --> [0, 90, 23, 0, 0, 0, 0, 0])
Transition([0, 90, 23, 0, 0, 0, 0, 0] -- 0.getPos.3.1 --> [0, 166, 23, 0, 0, 0, 0, 0])
Transition([0, 166, 23, 0, 0, 0, 0, 0] -- 0.setPos.4.1 --> [0, 0, 5, 0, 0, 0, 0, 0])
Transition([0, 0, 5, 0, 0, 0, 0, 0] -- startSafeCheck --> [0, 1, 5, 0, 1, 0, 0, 0])
Transition([0, 1, 5, 0, 1, 0, 0, 0] -- 0.getPos.4.1 --> [0, 1, 5, 0, 13, 0, 0, 0])
Transition([0, 1, 5, 0, 13, 0, 0, 0] -- 1.getPos.5.4 --> [0, 1, 5, 0, 4, 0, 0, 0])
Transition([0, 1, 5, 0, 4, 0, 0, 0] -- checkSafeOk --> [0, 2, 5, 0, 0, 0, 0, 0])
Transition([0, 2, 5, 0, 0, 0, 0, 0] -- startLiveCheck --> [0, 3, 5, 1, 0, 1, 0, 0])
Transition([0, 3, 5, 1, 0, 1, 0, 0] -- 1.getPos.5.4 --> [0, 3, 5, 2, 0, 2, 0, 0])
Transition([0, 3, 5, 2, 0, 2, 0, 0] -- checkLiveDone --> [0, 4, 5, 0, 0, 0, 0, 0])
Transition([0, 4, 23, 0, 0, 0, 0, 0] -- left --> [0, 260, 23, 0, 0, 0, 0, 0])
Transition([0, 260, 23, 0, 0, 0, 0, 0] -- 0.getPos.3.1 --> [0, 338, 23, 0, 0, 0, 0, 0])
Transition([0, 4, 23, 0, 0, 0, 0, 0] -- right --> [0, 175, 23, 0, 0, 0, 0, 0])
Transition([0, 175, 23, 0, 0, 0, 0, 0] -- 0.getPos.3.1 --> [0, 251, 23, 0, 0, 0, 0, 0])
Transition([0, 251, 23, 0, 0, 0, 0, 0] -- 0.setPos.3.2 --> [0, 0, 21, 0, 0, 0, 0, 0])
Transition([0, 0, 21, 0, 0, 0, 0, 0] -- startSafeCheck --> [0, 1, 21, 0, 1, 0, 0, 0])
Transition([0, 1, 21, 0, 1, 0, 0, 0] -- 0.getPos.3.2 --> [0, 1, 21, 0, 28, 0, 0, 0])
Transition([0, 1, 21, 0, 28, 0, 0, 0] -- 1.getPos.5.4 --> [0, 1, 21, 0, 4, 0, 0, 0])
Transition([0, 1, 21, 0, 4, 0, 0, 0] -- checkSafeOk --> [0, 2, 21, 0, 0, 0, 0, 0])
Transition([0, 2, 21, 0, 0, 0, 0, 0] -- startLiveCheck --> [0, 3, 21, 1, 0, 1, 0, 0])
Transition([0, 3, 21, 1, 0, 1, 0, 0] -- 1.getPos.5.4 --> [0, 3, 21, 2, 0, 2, 0, 0])
Transition([0, 3, 21, 2, 0, 2, 0, 0] -- checkLiveDone --> [0, 4, 21, 0, 0, 0, 0, 0])
Transition([0, 4, 23, 0, 0, 0, 0, 0] -- up --> [0, 5, 23, 0, 0, 0, 0, 0])
Transition([0, 5, 23, 0, 0, 0, 0, 0] -- 0.getPos.3.1 --> [0, 81, 23, 0, 0, 0, 0, 0])
Transition([0, 81, 23, 0, 0, 0, 0, 0] -- 0.setPos.2.1 --> [0, 0, 8, 0, 0, 0, 0, 0])
Transition([0, 4, 7, 0, 0, 0, 0, 0] -- down --> [0, 90, 7, 0, 0, 0, 0, 0])
Transition([0, 90, 7, 0, 0, 0, 0, 0] -- 0.getPos.2.2 --> [0, 102, 7, 0, 0, 0, 0, 0])
Transition([0, 102, 7, 0, 0, 0, 0, 0] -- 0.setPos.3.2 --> [0, 0, 21, 0, 0, 0, 0, 0])
Transition([0, 4, 24, 0, 0, 0, 0, 0] -- down --> [0, 90, 24, 0, 0, 0, 0, 0])
Transition([0, 90, 24, 0, 0, 0, 0, 0] -- 0.getPos.1.3 --> [0, 122, 24, 0, 0, 0, 0, 0])
Transition([0, 122, 24, 0, 0, 0, 0, 0] -- 0.setPos.2.3 --> [0, 0, 6, 0, 0, 0, 0, 0])
Transition([0, 0, 6, 0, 0, 0, 0, 0] -- startSafeCheck --> [0, 1, 6, 0, 1, 0, 0, 0])
Transition([0, 1, 6, 0, 1, 0, 0, 0] -- 0.getPos.2.3 --> [0, 1, 6, 0, 14, 0, 0, 0])
Transition([0, 1, 6, 0, 14, 0, 0, 0] -- 1.getPos.5.4 --> [0, 1, 6, 0, 4, 0, 0, 0])
Transition([0, 1, 6, 0, 4, 0, 0, 0] -- checkSafeOk --> [0, 2, 6, 0, 0, 0, 0, 0])
Transition([0, 2, 6, 0, 0, 0, 0, 0] -- startLiveCheck --> [0, 3, 6, 1, 0, 1, 0, 0])
Transition([0, 3, 6, 1, 0, 1, 0, 0] -- 1.getPos.5.4 --> [0, 3, 6, 2, 0, 2, 0, 0])
Transition([0, 3, 6, 2, 0, 2, 0, 0] -- checkLiveDone --> [0, 4, 6, 0, 0, 0, 0, 0])
Transition([0, 4, 24, 0, 0, 0, 0, 0] -- left --> [0, 260, 24, 0, 0, 0, 0, 0])
Transition([0, 260, 24, 0, 0, 0, 0, 0] -- 0.getPos.1.3 --> [0, 304, 24, 0, 0, 0, 0, 0])
Transition([0, 304, 24, 0, 0, 0, 0, 0] -- 0.setPos.1.2 --> [0, 0, 25, 0, 0, 0, 0, 0])
Transition([0, 4, 24, 0, 0, 0, 0, 0] -- right --> [0, 175, 24, 0, 0, 0, 0, 0])
Transition([0, 175, 24, 0, 0, 0, 0, 0] -- 0.getPos.1.3 --> [0, 215, 24, 0, 0, 0, 0, 0])
Transition([0, 215, 24, 0, 0, 0, 0, 0] -- 0.setPos.1.4 --> [0, 0, 22, 0, 0, 0, 0, 0])
Transition([0, 0, 22, 0, 0, 0, 0, 0] -- startSafeCheck --> [0, 1, 22, 0, 1, 0, 0, 0])
Transition([0, 1, 22, 0, 1, 0, 0, 0] -- 0.getPos.1.4 --> [0, 1, 22, 0, 29, 0, 0, 0])
Transition([0, 1, 22, 0, 29, 0, 0, 0] -- 1.getPos.5.4 --> [0, 1, 22, 0, 4, 0, 0, 0])
Transition([0, 1, 22, 0, 4, 0, 0, 0] -- checkSafeOk --> [0, 2, 22, 0, 0, 0, 0, 0])
Transition([0, 2, 22, 0, 0, 0, 0, 0] -- startLiveCheck --> [0, 3, 22, 1, 0, 1, 0, 0])
Transition([0, 3, 22, 1, 0, 1, 0, 0] -- 1.getPos.5.4 --> [0, 3, 22, 2, 0, 2, 0, 0])
Transition([0, 3, 22, 2, 0, 2, 0, 0] -- checkLiveDone --> [0, 4, 22, 0, 0, 0, 0, 0])
Transition([0, 4, 7, 0, 0, 0, 0, 0] -- left --> [0, 260, 7, 0, 0, 0, 0, 0])
Transition([0, 260, 7, 0, 0, 0, 0, 0] -- 0.getPos.2.2 --> [0, 280, 7, 0, 0, 0, 0, 0])
Transition([0, 280, 7, 0, 0, 0, 0, 0] -- 0.setPos.2.1 --> [0, 0, 8, 0, 0, 0, 0, 0])
Transition([0, 4, 24, 0, 0, 0, 0, 0] -- up --> [0, 5, 24, 0, 0, 0, 0, 0])
Transition([0, 5, 24, 0, 0, 0, 0, 0] -- 0.getPos.1.3 --> [0, 43, 24, 0, 0, 0, 0, 0])
Transition([0, 4, 7, 0, 0, 0, 0, 0] -- right --> [0, 175, 7, 0, 0, 0, 0, 0])
Transition([0, 175, 7, 0, 0, 0, 0, 0] -- 0.getPos.2.2 --> [0, 191, 7, 0, 0, 0, 0, 0])
Transition([0, 191, 7, 0, 0, 0, 0, 0] -- 0.setPos.2.3 --> [0, 0, 6, 0, 0, 0, 0, 0])
Transition([0, 4, 7, 0, 0, 0, 0, 0] -- up --> [0, 5, 7, 0, 0, 0, 0, 0])
Transition([0, 5, 7, 0, 0, 0, 0, 0] -- 0.getPos.2.2 --> [0, 23, 7, 0, 0, 0, 0, 0])
Transition([0, 23, 7, 0, 0, 0, 0, 0] -- 0.setPos.1.2 --> [0, 0, 25, 0, 0, 0, 0, 0])
Transition([0, 4, 6, 0, 0, 0, 0, 0] -- down --> [0, 90, 6, 0, 0, 0, 0, 0])
Transition([0, 90, 6, 0, 0, 0, 0, 0] -- 0.getPos.2.3 --> [0, 99, 6, 0, 0, 0, 0, 0])
Transition([0, 99, 6, 0, 0, 0, 0, 0] -- 0.setPos.3.3 --> [0, 0, 34, 0, 0, 0, 1, 0])
Transition([0, 0, 34, 0, 0, 0, 1, 0] -- illegalPosition --> [0, 0, 34, 0, 0, 0, 1, 0])
Transition([0, 4, 6, 0, 0, 0, 0, 0] -- left --> [0, 260, 6, 0, 0, 0, 0, 0])
Transition([0, 260, 6, 0, 0, 0, 0, 0] -- 0.getPos.2.3 --> [0, 277, 6, 0, 0, 0, 0, 0])
Transition([0, 277, 6, 0, 0, 0, 0, 0] -- 0.setPos.2.2 --> [0, 0, 7, 0, 0, 0, 0, 0])
Transition([0, 4, 5, 0, 0, 0, 0, 0] -- down --> [0, 90, 5, 0, 0, 0, 0, 0])
Transition([0, 90, 5, 0, 0, 0, 0, 0] -- 0.getPos.4.1 --> [0, 148, 5, 0, 0, 0, 0, 0])
Transition([0, 148, 5, 0, 0, 0, 0, 0] -- 0.setPos.5.1 --> [0, 0, 33, 0, 0, 0, 0, 0])
Transition([0, 0, 33, 0, 0, 0, 0, 0] -- startSafeCheck --> [0, 1, 33, 0, 1, 0, 0, 0])
Transition([0, 1, 33, 0, 1, 0, 0, 0] -- 0.getPos.5.1 --> [0, 1, 33, 0, 35, 0, 0, 0])
Transition([0, 1, 33, 0, 35, 0, 0, 0] -- 1.getPos.5.4 --> [0, 1, 33, 0, 4, 0, 0, 0])
Transition([0, 1, 33, 0, 4, 0, 0, 0] -- checkSafeOk --> [0, 2, 33, 0, 0, 0, 0, 0])
Transition([0, 2, 33, 0, 0, 0, 0, 0] -- startLiveCheck --> [0, 3, 33, 1, 0, 1, 0, 0])
Transition([0, 3, 33, 1, 0, 1, 0, 0] -- 1.getPos.5.4 --> [0, 3, 33, 2, 0, 2, 0, 0])
Transition([0, 3, 33, 2, 0, 2, 0, 0] -- checkLiveDone --> [0, 4, 33, 0, 0, 0, 0, 0])
Transition([0, 4, 5, 0, 0, 0, 0, 0] -- left --> [0, 260, 5, 0, 0, 0, 0, 0])
Transition([0, 260, 5, 0, 0, 0, 0, 0] -- 0.getPos.4.1 --> [0, 326, 5, 0, 0, 0, 0, 0])
Transition([0, 4, 5, 0, 0, 0, 0, 0] -- right --> [0, 175, 5, 0, 0, 0, 0, 0])
Transition([0, 175, 5, 0, 0, 0, 0, 0] -- 0.getPos.4.1 --> [0, 237, 5, 0, 0, 0, 0, 0])
Transition([0, 237, 5, 0, 0, 0, 0, 0] -- 0.setPos.4.2 --> [0, 0, 17, 0, 0, 0, 0, 0])
Transition([0, 0, 17, 0, 0, 0, 0, 0] -- startSafeCheck --> [0, 1, 17, 0, 1, 0, 0, 0])
Transition([0, 1, 17, 0, 1, 0, 0, 0] -- 0.getPos.4.2 --> [0, 1, 17, 0, 19, 0, 0, 0])
Transition([0, 1, 17, 0, 19, 0, 0, 0] -- 1.getPos.5.4 --> [0, 1, 17, 0, 4, 0, 0, 0])
Transition([0, 1, 17, 0, 4, 0, 0, 0] -- checkSafeOk --> [0, 2, 17, 0, 0, 0, 0, 0])
Transition([0, 2, 17, 0, 0, 0, 0, 0] -- startLiveCheck --> [0, 3, 17, 1, 0, 1, 0, 0])
Transition([0, 3, 17, 1, 0, 1, 0, 0] -- 1.getPos.5.4 --> [0, 3, 17, 2, 0, 2, 0, 0])
Transition([0, 3, 17, 2, 0, 2, 0, 0] -- checkLiveDone --> [0, 4, 17, 0, 0, 0, 0, 0])
Transition([0, 4, 5, 0, 0, 0, 0, 0] -- up --> [0, 5, 5, 0, 0, 0, 0, 0])
Transition([0, 5, 5, 0, 0, 0, 0, 0] -- 0.getPos.4.1 --> [0, 63, 5, 0, 0, 0, 0, 0])
Transition([0, 63, 5, 0, 0, 0, 0, 0] -- 0.setPos.3.1 --> [0, 0, 23, 0, 0, 0, 0, 0])
Transition([0, 4, 6, 0, 0, 0, 0, 0] -- right --> [0, 175, 6, 0, 0, 0, 0, 0])
Transition([0, 175, 6, 0, 0, 0, 0, 0] -- 0.getPos.2.3 --> [0, 188, 6, 0, 0, 0, 0, 0])
Transition([0, 188, 6, 0, 0, 0, 0, 0] -- 0.setPos.2.4 --> [0, 0, 18, 0, 0, 0, 0, 0])
Transition([0, 0, 18, 0, 0, 0, 0, 0] -- startSafeCheck --> [0, 1, 18, 0, 1, 0, 0, 0])
Transition([0, 1, 18, 0, 1, 0, 0, 0] -- 0.getPos.2.4 --> [0, 1, 18, 0, 20, 0, 0, 0])
Transition([0, 1, 18, 0, 20, 0, 0, 0] -- 1.getPos.5.4 --> [0, 1, 18, 0, 4, 0, 0, 0])
Transition([0, 1, 18, 0, 4, 0, 0, 0] -- checkSafeOk --> [0, 2, 18, 0, 0, 0, 0, 0])
Transition([0, 2, 18, 0, 0, 0, 0, 0] -- startLiveCheck --> [0, 3, 18, 1, 0, 1, 0, 0])
Transition([0, 3, 18, 1, 0, 1, 0, 0] -- 1.getPos.5.4 --> [0, 3, 18, 2, 0, 2, 0, 0])
Transition([0, 3, 18, 2, 0, 2, 0, 0] -- checkLiveDone --> [0, 4, 18, 0, 0, 0, 0, 0])
Transition([0, 4, 6, 0, 0, 0, 0, 0] -- up --> [0, 5, 6, 0, 0, 0, 0, 0])
Transition([0, 5, 6, 0, 0, 0, 0, 0] -- 0.getPos.2.3 --> [0, 22, 6, 0, 0, 0, 0, 0])
Transition([0, 22, 6, 0, 0, 0, 0, 0] -- 0.setPos.1.3 --> [0, 0, 24, 0, 0, 0, 0, 0])
Transition([0, 4, 21, 0, 0, 0, 0, 0] -- down --> [0, 90, 21, 0, 0, 0, 0, 0])
Transition([0, 90, 21, 0, 0, 0, 0, 0] -- 0.getPos.3.2 --> [0, 163, 21, 0, 0, 0, 0, 0])
Transition([0, 163, 21, 0, 0, 0, 0, 0] -- 0.setPos.4.2 --> [0, 0, 17, 0, 0, 0, 0, 0])
Transition([0, 4, 21, 0, 0, 0, 0, 0] -- left --> [0, 260, 21, 0, 0, 0, 0, 0])
Transition([0, 260, 21, 0, 0, 0, 0, 0] -- 0.getPos.3.2 --> [0, 337, 21, 0, 0, 0, 0, 0])
Transition([0, 337, 21, 0, 0, 0, 0, 0] -- 0.setPos.3.1 --> [0, 0, 23, 0, 0, 0, 0, 0])
Transition([0, 4, 21, 0, 0, 0, 0, 0] -- right --> [0, 175, 21, 0, 0, 0, 0, 0])
Transition([0, 175, 21, 0, 0, 0, 0, 0] -- 0.getPos.3.2 --> [0, 248, 21, 0, 0, 0, 0, 0])
Transition([0, 248, 21, 0, 0, 0, 0, 0] -- 0.setPos.3.3 --> [0, 0, 34, 0, 0, 0, 1, 0])
Transition([0, 4, 21, 0, 0, 0, 0, 0] -- up --> [0, 5, 21, 0, 0, 0, 0, 0])
Transition([0, 5, 21, 0, 0, 0, 0, 0] -- 0.getPos.3.2 --> [0, 78, 21, 0, 0, 0, 0, 0])
Transition([0, 78, 21, 0, 0, 0, 0, 0] -- 0.setPos.2.2 --> [0, 0, 7, 0, 0, 0, 0, 0])
Transition([0, 4, 22, 0, 0, 0, 0, 0] -- down --> [0, 90, 22, 0, 0, 0, 0, 0])
Transition([0, 90, 22, 0, 0, 0, 0, 0] -- 0.getPos.1.4 --> [0, 119, 22, 0, 0, 0, 0, 0])
Transition([0, 119, 22, 0, 0, 0, 0, 0] -- 0.setPos.2.4 --> [0, 0, 18, 0, 0, 0, 0, 0])
Transition([0, 4, 22, 0, 0, 0, 0, 0] -- left --> [0, 260, 22, 0, 0, 0, 0, 0])
Transition([0, 260, 22, 0, 0, 0, 0, 0] -- 0.getPos.1.4 --> [0, 301, 22, 0, 0, 0, 0, 0])
Transition([0, 301, 22, 0, 0, 0, 0, 0] -- 0.setPos.1.3 --> [0, 0, 24, 0, 0, 0, 0, 0])
Transition([0, 4, 22, 0, 0, 0, 0, 0] -- right --> [0, 175, 22, 0, 0, 0, 0, 0])
Transition([0, 175, 22, 0, 0, 0, 0, 0] -- 0.getPos.1.4 --> [0, 212, 22, 0, 0, 0, 0, 0])
Transition([0, 212, 22, 0, 0, 0, 0, 0] -- 0.setPos.1.5 --> [0, 0, 35, 0, 0, 0, 0, 0])
Transition([0, 0, 35, 0, 0, 0, 0, 0] -- startSafeCheck --> [0, 1, 35, 0, 1, 0, 0, 0])
Transition([0, 1, 35, 0, 1, 0, 0, 0] -- 0.getPos.1.5 --> [0, 1, 35, 0, 37, 0, 0, 0])
Transition([0, 1, 35, 0, 37, 0, 0, 0] -- 1.getPos.5.4 --> [0, 1, 35, 0, 4, 0, 0, 0])
Transition([0, 1, 35, 0, 4, 0, 0, 0] -- checkSafeOk --> [0, 2, 35, 0, 0, 0, 0, 0])
Transition([0, 2, 35, 0, 0, 0, 0, 0] -- startLiveCheck --> [0, 3, 35, 1, 0, 1, 0, 0])
Transition([0, 3, 35, 1, 0, 1, 0, 0] -- 1.getPos.5.4 --> [0, 3, 35, 2, 0, 2, 0, 0])
Transition([0, 3, 35, 2, 0, 2, 0, 0] -- checkLiveDone --> [0, 4, 35, 0, 0, 0, 0, 0])
Transition([0, 4, 22, 0, 0, 0, 0, 0] -- up --> [0, 5, 22, 0, 0, 0, 0, 0])
Transition([0, 5, 22, 0, 0, 0, 0, 0] -- 0.getPos.1.4 --> [0, 42, 22, 0, 0, 0, 0, 0])
Transition([0, 4, 33, 0, 0, 0, 0, 0] -- down --> [0, 90, 33, 0, 0, 0, 0, 0])
Transition([0, 90, 33, 0, 0, 0, 0, 0] -- 0.getPos.5.1 --> [0, 129, 33, 0, 0, 0, 0, 0])
Transition([0, 129, 33, 0, 0, 0, 0, 0] -- 0.setPos.6.1 --> [0, 0, 14, 0, 0, 0, 0, 0])
Transition([0, 0, 14, 0, 0, 0, 0, 0] -- startSafeCheck --> [0, 1, 14, 0, 1, 0, 0, 0])
Transition([0, 1, 14, 0, 1, 0, 0, 0] -- 0.getPos.6.1 --> [0, 1, 14, 0, 16, 0, 0, 0])
Transition([0, 1, 14, 0, 16, 0, 0, 0] -- 1.getPos.5.4 --> [0, 1, 14, 0, 4, 0, 0, 0])
Transition([0, 1, 14, 0, 4, 0, 0, 0] -- checkSafeOk --> [0, 2, 14, 0, 0, 0, 0, 0])
Transition([0, 2, 14, 0, 0, 0, 0, 0] -- startLiveCheck --> [0, 3, 14, 1, 0, 1, 0, 0])
Transition([0, 3, 14, 1, 0, 1, 0, 0] -- 1.getPos.5.4 --> [0, 3, 14, 2, 0, 2, 0, 0])
Transition([0, 3, 14, 2, 0, 2, 0, 0] -- checkLiveDone --> [0, 4, 14, 0, 0, 0, 0, 0])
Transition([0, 4, 33, 0, 0, 0, 0, 0] -- left --> [0, 260, 33, 0, 0, 0, 0, 0])
Transition([0, 260, 33, 0, 0, 0, 0, 0] -- 0.getPos.5.1 --> [0, 311, 33, 0, 0, 0, 0, 0])
Transition([0, 4, 33, 0, 0, 0, 0, 0] -- right --> [0, 175, 33, 0, 0, 0, 0, 0])
Transition([0, 175, 33, 0, 0, 0, 0, 0] -- 0.getPos.5.1 --> [0, 222, 33, 0, 0, 0, 0, 0])
Transition([0, 222, 33, 0, 0, 0, 0, 0] -- 0.setPos.5.2 --> [0, 0, 30, 0, 0, 0, 0, 0])
Transition([0, 0, 30, 0, 0, 0, 0, 0] -- startSafeCheck --> [0, 1, 30, 0, 1, 0, 0, 0])
Transition([0, 1, 30, 0, 1, 0, 0, 0] -- 0.getPos.5.2 --> [0, 1, 30, 0, 32, 0, 0, 0])
Transition([0, 1, 30, 0, 32, 0, 0, 0] -- 1.getPos.5.4 --> [0, 1, 30, 0, 4, 0, 0, 0])
Transition([0, 1, 30, 0, 4, 0, 0, 0] -- checkSafeOk --> [0, 2, 30, 0, 0, 0, 0, 0])
Transition([0, 2, 30, 0, 0, 0, 0, 0] -- startLiveCheck --> [0, 3, 30, 1, 0, 1, 0, 0])
Transition([0, 3, 30, 1, 0, 1, 0, 0] -- 1.getPos.5.4 --> [0, 3, 30, 2, 0, 2, 0, 0])
Transition([0, 3, 30, 2, 0, 2, 0, 0] -- checkLiveDone --> [0, 4, 30, 0, 0, 0, 0, 0])
Transition([0, 4, 33, 0, 0, 0, 0, 0] -- up --> [0, 5, 33, 0, 0, 0, 0, 0])
Transition([0, 5, 33, 0, 0, 0, 0, 0] -- 0.getPos.5.1 --> [0, 48, 33, 0, 0, 0, 0, 0])
Transition([0, 48, 33, 0, 0, 0, 0, 0] -- 0.setPos.4.1 --> [0, 0, 5, 0, 0, 0, 0, 0])
Transition([0, 4, 35, 0, 0, 0, 0, 0] -- down --> [0, 90, 35, 0, 0, 0, 0, 0])
Transition([0, 90, 35, 0, 0, 0, 0, 0] -- 0.getPos.1.5 --> [0, 130, 35, 0, 0, 0, 0, 0])
Transition([0, 130, 35, 0, 0, 0, 0, 0] -- 0.setPos.2.5 --> [0, 0, 16, 0, 0, 0, 1, 0])
Transition([0, 0, 16, 0, 0, 0, 1, 0] -- illegalPosition --> [0, 0, 16, 0, 0, 0, 1, 0])
Transition([0, 4, 35, 0, 0, 0, 0, 0] -- left --> [0, 260, 35, 0, 0, 0, 0, 0])
Transition([0, 260, 35, 0, 0, 0, 0, 0] -- 0.getPos.1.5 --> [0, 312, 35, 0, 0, 0, 0, 0])
Transition([0, 312, 35, 0, 0, 0, 0, 0] -- 0.setPos.1.4 --> [0, 0, 22, 0, 0, 0, 0, 0])
Transition([0, 4, 18, 0, 0, 0, 0, 0] -- down --> [0, 90, 18, 0, 0, 0, 0, 0])
Transition([0, 90, 18, 0, 0, 0, 0, 0] -- 0.getPos.2.4 --> [0, 109, 18, 0, 0, 0, 0, 0])
Transition([0, 109, 18, 0, 0, 0, 0, 0] -- 0.setPos.3.4 --> [0, 0, 31, 0, 0, 0, 0, 0])
Transition([0, 0, 31, 0, 0, 0, 0, 0] -- startSafeCheck --> [0, 1, 31, 0, 1, 0, 0, 0])
Transition([0, 1, 31, 0, 1, 0, 0, 0] -- 0.getPos.3.4 --> [0, 1, 31, 0, 33, 0, 0, 0])
Transition([0, 1, 31, 0, 33, 0, 0, 0] -- 1.getPos.5.4 --> [0, 1, 31, 0, 4, 0, 0, 0])
Transition([0, 1, 31, 0, 4, 0, 0, 0] -- checkSafeOk --> [0, 2, 31, 0, 0, 0, 0, 0])
Transition([0, 2, 31, 0, 0, 0, 0, 0] -- startLiveCheck --> [0, 3, 31, 1, 0, 1, 0, 0])
Transition([0, 3, 31, 1, 0, 1, 0, 0] -- 1.getPos.5.4 --> [0, 3, 31, 2, 0, 2, 0, 0])
Transition([0, 3, 31, 2, 0, 2, 0, 0] -- checkLiveDone --> [0, 4, 31, 0, 0, 0, 0, 0])
Transition([0, 4, 18, 0, 0, 0, 0, 0] -- left --> [0, 260, 18, 0, 0, 0, 0, 0])
Transition([0, 260, 18, 0, 0, 0, 0, 0] -- 0.getPos.2.4 --> [0, 285, 18, 0, 0, 0, 0, 0])
Transition([0, 285, 18, 0, 0, 0, 0, 0] -- 0.setPos.2.3 --> [0, 0, 6, 0, 0, 0, 0, 0])
Transition([0, 4, 17, 0, 0, 0, 0, 0] -- down --> [0, 90, 17, 0, 0, 0, 0, 0])
Transition([0, 90, 17, 0, 0, 0, 0, 0] -- 0.getPos.4.2 --> [0, 154, 17, 0, 0, 0, 0, 0])
Transition([0, 154, 17, 0, 0, 0, 0, 0] -- 0.setPos.5.2 --> [0, 0, 30, 0, 0, 0, 0, 0])
Transition([0, 4, 35, 0, 0, 0, 0, 0] -- right --> [0, 175, 35, 0, 0, 0, 0, 0])
Transition([0, 175, 35, 0, 0, 0, 0, 0] -- 0.getPos.1.5 --> [0, 225, 35, 0, 0, 0, 0, 0])
Transition([0, 225, 35, 0, 0, 0, 0, 0] -- 0.setPos.1.6 --> [0, 0, 32, 0, 0, 0, 0, 0])
Transition([0, 0, 32, 0, 0, 0, 0, 0] -- startSafeCheck --> [0, 1, 32, 0, 1, 0, 0, 0])
Transition([0, 1, 32, 0, 1, 0, 0, 0] -- 0.getPos.1.6 --> [0, 1, 32, 0, 34, 0, 0, 0])
Transition([0, 1, 32, 0, 34, 0, 0, 0] -- 1.getPos.5.4 --> [0, 1, 32, 0, 4, 0, 0, 0])
Transition([0, 1, 32, 0, 4, 0, 0, 0] -- checkSafeOk --> [0, 2, 32, 0, 0, 0, 0, 0])
Transition([0, 2, 32, 0, 0, 0, 0, 0] -- startLiveCheck --> [0, 3, 32, 1, 0, 1, 0, 0])
Transition([0, 3, 32, 1, 0, 1, 0, 0] -- 1.getPos.5.4 --> [0, 3, 32, 2, 0, 2, 0, 0])
Transition([0, 3, 32, 2, 0, 2, 0, 0] -- checkLiveDone --> [0, 4, 32, 0, 0, 0, 0, 0])
Transition([0, 4, 35, 0, 0, 0, 0, 0] -- up --> [0, 5, 35, 0, 0, 0, 0, 0])
Transition([0, 5, 35, 0, 0, 0, 0, 0] -- 0.getPos.1.5 --> [0, 51, 35, 0, 0, 0, 0, 0])
Transition([0, 4, 17, 0, 0, 0, 0, 0] -- left --> [0, 260, 17, 0, 0, 0, 0, 0])
Transition([0, 260, 17, 0, 0, 0, 0, 0] -- 0.getPos.4.2 --> [0, 330, 17, 0, 0, 0, 0, 0])
Transition([0, 330, 17, 0, 0, 0, 0, 0] -- 0.setPos.4.1 --> [0, 0, 5, 0, 0, 0, 0, 0])
Transition([0, 4, 18, 0, 0, 0, 0, 0] -- right --> [0, 175, 18, 0, 0, 0, 0, 0])
Transition([0, 175, 18, 0, 0, 0, 0, 0] -- 0.getPos.2.4 --> [0, 198, 18, 0, 0, 0, 0, 0])
Transition([0, 198, 18, 0, 0, 0, 0, 0] -- 0.setPos.2.5 --> [0, 0, 16, 0, 0, 0, 1, 0])
Transition([0, 4, 17, 0, 0, 0, 0, 0] -- right --> [0, 175, 17, 0, 0, 0, 0, 0])
Transition([0, 175, 17, 0, 0, 0, 0, 0] -- 0.getPos.4.2 --> [0, 243, 17, 0, 0, 0, 0, 0])
Transition([0, 243, 17, 0, 0, 0, 0, 0] -- 0.setPos.4.3 --> [0, 0, 15, 0, 0, 0, 0, 0])
Transition([0, 0, 15, 0, 0, 0, 0, 0] -- startSafeCheck --> [0, 1, 15, 0, 1, 0, 0, 0])
Transition([0, 1, 15, 0, 1, 0, 0, 0] -- 0.getPos.4.3 --> [0, 1, 15, 0, 17, 0, 0, 0])
Transition([0, 1, 15, 0, 17, 0, 0, 0] -- 1.getPos.5.4 --> [0, 1, 15, 0, 4, 0, 0, 0])
Transition([0, 1, 15, 0, 4, 0, 0, 0] -- checkSafeOk --> [0, 2, 15, 0, 0, 0, 0, 0])
Transition([0, 2, 15, 0, 0, 0, 0, 0] -- startLiveCheck --> [0, 3, 15, 1, 0, 1, 0, 0])
Transition([0, 3, 15, 1, 0, 1, 0, 0] -- 1.getPos.5.4 --> [0, 3, 15, 2, 0, 2, 0, 0])
Transition([0, 3, 15, 2, 0, 2, 0, 0] -- checkLiveDone --> [0, 4, 15, 0, 0, 0, 0, 0])
Transition([0, 4, 17, 0, 0, 0, 0, 0] -- up --> [0, 5, 17, 0, 0, 0, 0, 0])
Transition([0, 5, 17, 0, 0, 0, 0, 0] -- 0.getPos.4.2 --> [0, 69, 17, 0, 0, 0, 0, 0])
Transition([0, 69, 17, 0, 0, 0, 0, 0] -- 0.setPos.3.2 --> [0, 0, 21, 0, 0, 0, 0, 0])
Transition([0, 4, 18, 0, 0, 0, 0, 0] -- up --> [0, 5, 18, 0, 0, 0, 0, 0])
Transition([0, 5, 18, 0, 0, 0, 0, 0] -- 0.getPos.2.4 --> [0, 28, 18, 0, 0, 0, 0, 0])
Transition([0, 28, 18, 0, 0, 0, 0, 0] -- 0.setPos.1.4 --> [0, 0, 22, 0, 0, 0, 0, 0])
Transition([0, 4, 32, 0, 0, 0, 0, 0] -- down --> [0, 90, 32, 0, 0, 0, 0, 0])
Transition([0, 90, 32, 0, 0, 0, 0, 0] -- 0.getPos.1.6 --> [0, 126, 32, 0, 0, 0, 0, 0])
Transition([0, 126, 32, 0, 0, 0, 0, 0] -- 0.setPos.2.6 --> [0, 0, 13, 0, 0, 0, 0, 0])
Transition([0, 0, 13, 0, 0, 0, 0, 0] -- startSafeCheck --> [0, 1, 13, 0, 1, 0, 0, 0])
Transition([0, 1, 13, 0, 1, 0, 0, 0] -- 0.getPos.2.6 --> [0, 1, 13, 0, 9, 0, 0, 0])
Transition([0, 1, 13, 0, 9, 0, 0, 0] -- 1.getPos.5.4 --> [0, 1, 13, 0, 4, 0, 0, 0])
Transition([0, 1, 13, 0, 4, 0, 0, 0] -- checkSafeOk --> [0, 2, 13, 0, 0, 0, 0, 0])
Transition([0, 2, 13, 0, 0, 0, 0, 0] -- startLiveCheck --> [0, 3, 13, 1, 0, 1, 0, 0])
Transition([0, 3, 13, 1, 0, 1, 0, 0] -- 1.getPos.5.4 --> [0, 3, 13, 2, 0, 2, 0, 0])
Transition([0, 3, 13, 2, 0, 2, 0, 0] -- checkLiveDone --> [0, 4, 13, 0, 0, 0, 0, 0])
Transition([0, 4, 32, 0, 0, 0, 0, 0] -- left --> [0, 260, 32, 0, 0, 0, 0, 0])
Transition([0, 260, 32, 0, 0, 0, 0, 0] -- 0.getPos.1.6 --> [0, 308, 32, 0, 0, 0, 0, 0])
Transition([0, 308, 32, 0, 0, 0, 0, 0] -- 0.setPos.1.5 --> [0, 0, 35, 0, 0, 0, 0, 0])
Transition([0, 4, 30, 0, 0, 0, 0, 0] -- down --> [0, 90, 30, 0, 0, 0, 0, 0])
Transition([0, 90, 30, 0, 0, 0, 0, 0] -- 0.getPos.5.2 --> [0, 125, 30, 0, 0, 0, 0, 0])
Transition([0, 125, 30, 0, 0, 0, 0, 0] -- 0.setPos.6.2 --> [0, 0, 11, 0, 0, 0, 0, 0])
Transition([0, 0, 11, 0, 0, 0, 0, 0] -- startSafeCheck --> [0, 1, 11, 0, 1, 0, 0, 0])
Transition([0, 1, 11, 0, 1, 0, 0, 0] -- 0.getPos.6.2 --> [0, 1, 11, 0, 7, 0, 0, 0])
Transition([0, 1, 11, 0, 7, 0, 0, 0] -- 1.getPos.5.4 --> [0, 1, 11, 0, 4, 0, 0, 0])
Transition([0, 1, 11, 0, 4, 0, 0, 0] -- checkSafeOk --> [0, 2, 11, 0, 0, 0, 0, 0])
Transition([0, 2, 11, 0, 0, 0, 0, 0] -- startLiveCheck --> [0, 3, 11, 1, 0, 1, 0, 0])
Transition([0, 3, 11, 1, 0, 1, 0, 0] -- 1.getPos.5.4 --> [0, 3, 11, 2, 0, 2, 0, 0])
Transition([0, 3, 11, 2, 0, 2, 0, 0] -- checkLiveDone --> [0, 4, 11, 0, 0, 0, 0, 0])
Transition([0, 4, 30, 0, 0, 0, 0, 0] -- left --> [0, 260, 30, 0, 0, 0, 0, 0])
Transition([0, 260, 30, 0, 0, 0, 0, 0] -- 0.getPos.5.2 --> [0, 307, 30, 0, 0, 0, 0, 0])
Transition([0, 307, 30, 0, 0, 0, 0, 0] -- 0.setPos.5.1 --> [0, 0, 33, 0, 0, 0, 0, 0])
Transition([0, 4, 31, 0, 0, 0, 0, 0] -- down --> [0, 90, 31, 0, 0, 0, 0, 0])
Transition([0, 90, 31, 0, 0, 0, 0, 0] -- 0.getPos.3.4 --> [0, 169, 31, 0, 0, 0, 0, 0])
Transition([0, 169, 31, 0, 0, 0, 0, 0] -- 0.setPos.4.4 --> [0, 0, 12, 0, 0, 0, 0, 0])
Transition([0, 0, 12, 0, 0, 0, 0, 0] -- startSafeCheck --> [0, 1, 12, 0, 1, 0, 0, 0])
Transition([0, 1, 12, 0, 1, 0, 0, 0] -- 0.getPos.4.4 --> [0, 1, 12, 0, 8, 0, 0, 0])
Transition([0, 1, 12, 0, 8, 0, 0, 0] -- 1.getPos.5.4 --> [0, 1, 12, 0, 4, 0, 0, 0])
Transition([0, 1, 12, 0, 4, 0, 0, 0] -- checkSafeOk --> [0, 2, 12, 0, 0, 0, 0, 0])
Transition([0, 2, 12, 0, 0, 0, 0, 0] -- startLiveCheck --> [0, 3, 12, 1, 0, 1, 0, 0])
Transition([0, 3, 12, 1, 0, 1, 0, 0] -- 1.getPos.5.4 --> [0, 3, 12, 2, 0, 2, 0, 0])
Transition([0, 3, 12, 2, 0, 2, 0, 0] -- checkLiveDone --> [0, 4, 12, 0, 0, 0, 0, 0])
Transition([0, 4, 30, 0, 0, 0, 0, 0] -- right --> [0, 175, 30, 0, 0, 0, 0, 0])
Transition([0, 175, 30, 0, 0, 0, 0, 0] -- 0.getPos.5.2 --> [0, 218, 30, 0, 0, 0, 0, 0])
Transition([0, 218, 30, 0, 0, 0, 0, 0] -- 0.setPos.5.3 --> [0, 0, 28, 0, 0, 0, 0, 0])
Transition([0, 0, 28, 0, 0, 0, 0, 0] -- startSafeCheck --> [0, 1, 28, 0, 1, 0, 0, 0])
Transition([0, 1, 28, 0, 1, 0, 0, 0] -- 0.getPos.5.3 --> [0, 1, 28, 0, 24, 0, 0, 0])
Transition([0, 1, 28, 0, 24, 0, 0, 0] -- 1.getPos.5.4 --> [0, 1, 28, 0, 4, 0, 0, 0])
Transition([0, 1, 28, 0, 4, 0, 0, 0] -- checkSafeOk --> [0, 2, 28, 0, 0, 0, 0, 0])
Transition([0, 2, 28, 0, 0, 0, 0, 0] -- startLiveCheck --> [0, 3, 28, 1, 0, 1, 0, 0])
Transition([0, 3, 28, 1, 0, 1, 0, 0] -- 1.getPos.5.4 --> [0, 3, 28, 2, 0, 2, 0, 0])
Transition([0, 3, 28, 2, 0, 2, 0, 0] -- checkLiveDone --> [0, 4, 28, 0, 0, 0, 0, 0])
Transition([0, 4, 31, 0, 0, 0, 0, 0] -- left --> [0, 260, 31, 0, 0, 0, 0, 0])
Transition([0, 260, 31, 0, 0, 0, 0, 0] -- 0.getPos.3.4 --> [0, 339, 31, 0, 0, 0, 0, 0])
Transition([0, 339, 31, 0, 0, 0, 0, 0] -- 0.setPos.3.3 --> [0, 0, 34, 0, 0, 0, 1, 0])
Transition([0, 4, 30, 0, 0, 0, 0, 0] -- up --> [0, 5, 30, 0, 0, 0, 0, 0])
Transition([0, 5, 30, 0, 0, 0, 0, 0] -- 0.getPos.5.2 --> [0, 44, 30, 0, 0, 0, 0, 0])
Transition([0, 44, 30, 0, 0, 0, 0, 0] -- 0.setPos.4.2 --> [0, 0, 17, 0, 0, 0, 0, 0])
Transition([0, 4, 31, 0, 0, 0, 0, 0] -- right --> [0, 175, 31, 0, 0, 0, 0, 0])
Transition([0, 175, 31, 0, 0, 0, 0, 0] -- 0.getPos.3.4 --> [0, 254, 31, 0, 0, 0, 0, 0])
Transition([0, 254, 31, 0, 0, 0, 0, 0] -- 0.setPos.3.5 --> [0, 0, 29, 0, 0, 0, 0, 0])
Transition([0, 0, 29, 0, 0, 0, 0, 0] -- startSafeCheck --> [0, 1, 29, 0, 1, 0, 0, 0])
Transition([0, 1, 29, 0, 1, 0, 0, 0] -- 0.getPos.3.5 --> [0, 1, 29, 0, 25, 0, 0, 0])
Transition([0, 1, 29, 0, 25, 0, 0, 0] -- 1.getPos.5.4 --> [0, 1, 29, 0, 4, 0, 0, 0])
Transition([0, 1, 29, 0, 4, 0, 0, 0] -- checkSafeOk --> [0, 2, 29, 0, 0, 0, 0, 0])
Transition([0, 2, 29, 0, 0, 0, 0, 0] -- startLiveCheck --> [0, 3, 29, 1, 0, 1, 0, 0])
Transition([0, 3, 29, 1, 0, 1, 0, 0] -- 1.getPos.5.4 --> [0, 3, 29, 2, 0, 2, 0, 0])
Transition([0, 3, 29, 2, 0, 2, 0, 0] -- checkLiveDone --> [0, 4, 29, 0, 0, 0, 0, 0])
Transition([0, 4, 15, 0, 0, 0, 0, 0] -- down --> [0, 90, 15, 0, 0, 0, 0, 0])
Transition([0, 90, 15, 0, 0, 0, 0, 0] -- 0.getPos.4.3 --> [0, 151, 15, 0, 0, 0, 0, 0])
Transition([0, 151, 15, 0, 0, 0, 0, 0] -- 0.setPos.5.3 --> [0, 0, 28, 0, 0, 0, 0, 0])
Transition([0, 4, 31, 0, 0, 0, 0, 0] -- up --> [0, 5, 31, 0, 0, 0, 0, 0])
Transition([0, 5, 31, 0, 0, 0, 0, 0] -- 0.getPos.3.4 --> [0, 84, 31, 0, 0, 0, 0, 0])
Transition([0, 84, 31, 0, 0, 0, 0, 0] -- 0.setPos.2.4 --> [0, 0, 18, 0, 0, 0, 0, 0])
Transition([0, 4, 15, 0, 0, 0, 0, 0] -- left --> [0, 260, 15, 0, 0, 0, 0, 0])
Transition([0, 260, 15, 0, 0, 0, 0, 0] -- 0.getPos.4.3 --> [0, 327, 15, 0, 0, 0, 0, 0])
Transition([0, 327, 15, 0, 0, 0, 0, 0] -- 0.setPos.4.2 --> [0, 0, 17, 0, 0, 0, 0, 0])
Transition([0, 4, 32, 0, 0, 0, 0, 0] -- right --> [0, 175, 32, 0, 0, 0, 0, 0])
Transition([0, 175, 32, 0, 0, 0, 0, 0] -- 0.getPos.1.6 --> [0, 221, 32, 0, 0, 0, 0, 0])
Transition([0, 4, 15, 0, 0, 0, 0, 0] -- right --> [0, 175, 15, 0, 0, 0, 0, 0])
Transition([0, 175, 15, 0, 0, 0, 0, 0] -- 0.getPos.4.3 --> [0, 240, 15, 0, 0, 0, 0, 0])
Transition([0, 240, 15, 0, 0, 0, 0, 0] -- 0.setPos.4.4 --> [0, 0, 12, 0, 0, 0, 0, 0])
Transition([0, 4, 32, 0, 0, 0, 0, 0] -- up --> [0, 5, 32, 0, 0, 0, 0, 0])
Transition([0, 5, 32, 0, 0, 0, 0, 0] -- 0.getPos.1.6 --> [0, 47, 32, 0, 0, 0, 0, 0])
Transition([0, 4, 15, 0, 0, 0, 0, 0] -- up --> [0, 5, 15, 0, 0, 0, 0, 0])
Transition([0, 5, 15, 0, 0, 0, 0, 0] -- 0.getPos.4.3 --> [0, 66, 15, 0, 0, 0, 0, 0])
Transition([0, 66, 15, 0, 0, 0, 0, 0] -- 0.setPos.3.3 --> [0, 0, 34, 0, 0, 0, 1, 0])
Transition([0, 4, 14, 0, 0, 0, 0, 0] -- down --> [0, 90, 14, 0, 0, 0, 0, 0])
Transition([0, 90, 14, 0, 0, 0, 0, 0] -- 0.getPos.6.1 --> [0, 105, 14, 0, 0, 0, 0, 0])
Transition([0, 4, 14, 0, 0, 0, 0, 0] -- left --> [0, 260, 14, 0, 0, 0, 0, 0])
Transition([0, 260, 14, 0, 0, 0, 0, 0] -- 0.getPos.6.1 --> [0, 281, 14, 0, 0, 0, 0, 0])
Transition([0, 4, 14, 0, 0, 0, 0, 0] -- right --> [0, 175, 14, 0, 0, 0, 0, 0])
Transition([0, 175, 14, 0, 0, 0, 0, 0] -- 0.getPos.6.1 --> [0, 194, 14, 0, 0, 0, 0, 0])
Transition([0, 194, 14, 0, 0, 0, 0, 0] -- 0.setPos.6.2 --> [0, 0, 11, 0, 0, 0, 0, 0])
Transition([0, 4, 14, 0, 0, 0, 0, 0] -- up --> [0, 5, 14, 0, 0, 0, 0, 0])
Transition([0, 5, 14, 0, 0, 0, 0, 0] -- 0.getPos.6.1 --> [0, 24, 14, 0, 0, 0, 0, 0])
Transition([0, 24, 14, 0, 0, 0, 0, 0] -- 0.setPos.5.1 --> [0, 0, 33, 0, 0, 0, 0, 0])
Transition([0, 4, 28, 0, 0, 0, 0, 0] -- down --> [0, 90, 28, 0, 0, 0, 0, 0])
Transition([0, 90, 28, 0, 0, 0, 0, 0] -- 0.getPos.5.3 --> [0, 116, 28, 0, 0, 0, 0, 0])
Transition([0, 116, 28, 0, 0, 0, 0, 0] -- 0.setPos.6.3 --> [0, 0, 9, 0, 0, 0, 1, 0])
Transition([0, 0, 9, 0, 0, 0, 1, 0] -- illegalPosition --> [0, 0, 9, 0, 0, 0, 1, 0])
Transition([0, 4, 28, 0, 0, 0, 0, 0] -- left --> [0, 260, 28, 0, 0, 0, 0, 0])
Transition([0, 260, 28, 0, 0, 0, 0, 0] -- 0.getPos.5.3 --> [0, 292, 28, 0, 0, 0, 0, 0])
Transition([0, 292, 28, 0, 0, 0, 0, 0] -- 0.setPos.5.2 --> [0, 0, 30, 0, 0, 0, 0, 0])
Transition([0, 4, 13, 0, 0, 0, 0, 0] -- down --> [0, 90, 13, 0, 0, 0, 0, 0])
Transition([0, 90, 13, 0, 0, 0, 0, 0] -- 0.getPos.2.6 --> [0, 94, 13, 0, 0, 0, 0, 0])
Transition([0, 94, 13, 0, 0, 0, 0, 0] -- 0.setPos.3.6 --> [0, 0, 27, 0, 0, 0, 1, 0])
Transition([0, 0, 27, 0, 0, 0, 1, 0] -- illegalPosition --> [0, 0, 27, 0, 0, 0, 1, 0])
Transition([0, 4, 13, 0, 0, 0, 0, 0] -- left --> [0, 260, 13, 0, 0, 0, 0, 0])
Transition([0, 260, 13, 0, 0, 0, 0, 0] -- 0.getPos.2.6 --> [0, 268, 13, 0, 0, 0, 0, 0])
Transition([0, 268, 13, 0, 0, 0, 0, 0] -- 0.setPos.2.5 --> [0, 0, 16, 0, 0, 0, 1, 0])
Transition([0, 4, 28, 0, 0, 0, 0, 0] -- right --> [0, 175, 28, 0, 0, 0, 0, 0])
Transition([0, 175, 28, 0, 0, 0, 0, 0] -- 0.getPos.5.3 --> [0, 207, 28, 0, 0, 0, 0, 0])
Transition([0, 207, 28, 0, 0, 0, 0, 0] -- 0.setPos.5.4 --> [0, 0, 26, 0, 0, 0, 0, 0])
Transition([0, 0, 26, 0, 0, 0, 0, 0] -- startSafeCheck --> [0, 1, 26, 0, 1, 0, 0, 0])
Transition([0, 1, 26, 0, 1, 0, 0, 0] -- 0.getPos.5.4 --> [0, 1, 26, 0, 22, 0, 0, 0])
Transition([0, 1, 26, 0, 22, 0, 0, 0] -- 1.getPos.5.4 --> [0, 1, 26, 0, 3, 0, 0, 0])
Transition([0, 207, 28, 0, 0, 0, 0, 0] -- 1.getPos.5.4 --> [0, 208, 28, 0, 0, 0, 0, 0])
Transition([0, 208, 28, 0, 0, 0, 0, 0] -- 1.setPos.5.5 --> [20, 209, 28, 0, 0, 0, 0, 0])
Transition([20, 209, 28, 0, 0, 0, 0, 0] -- 0.setPos.5.4 --> [20, 0, 26, 0, 0, 0, 0, 0])
Transition([20, 0, 26, 0, 0, 0, 0, 0] -- startSafeCheck --> [20, 1, 26, 0, 1, 0, 0, 0])
Transition([20, 1, 26, 0, 1, 0, 0, 0] -- 0.getPos.5.4 --> [20, 1, 26, 0, 22, 0, 0, 0])
Transition([20, 1, 26, 0, 22, 0, 0, 0] -- 1.getPos.5.5 --> [20, 1, 26, 0, 4, 0, 0, 0])
Transition([20, 1, 26, 0, 4, 0, 0, 0] -- checkSafeOk --> [20, 2, 26, 0, 0, 0, 0, 0])
Transition([20, 2, 26, 0, 0, 0, 0, 0] -- startLiveCheck --> [20, 3, 26, 1, 0, 1, 0, 0])
Transition([20, 3, 26, 1, 0, 1, 0, 0] -- 1.getPos.5.5 --> [20, 3, 26, 2, 0, 2, 0, 0])
Transition([20, 3, 26, 2, 0, 2, 0, 0] -- checkLiveDone --> [20, 4, 26, 0, 0, 0, 0, 0])
Transition([0, 4, 13, 0, 0, 0, 0, 0] -- right --> [0, 175, 13, 0, 0, 0, 0, 0])
Transition([0, 175, 13, 0, 0, 0, 0, 0] -- 0.getPos.2.6 --> [0, 183, 13, 0, 0, 0, 0, 0])
Transition([0, 4, 13, 0, 0, 0, 0, 0] -- up --> [0, 5, 13, 0, 0, 0, 0, 0])
Transition([0, 5, 13, 0, 0, 0, 0, 0] -- 0.getPos.2.6 --> [0, 15, 13, 0, 0, 0, 0, 0])
Transition([0, 15, 13, 0, 0, 0, 0, 0] -- 0.setPos.1.6 --> [0, 0, 32, 0, 0, 0, 0, 0])
Transition([0, 4, 28, 0, 0, 0, 0, 0] -- up --> [0, 5, 28, 0, 0, 0, 0, 0])
Transition([0, 5, 28, 0, 0, 0, 0, 0] -- 0.getPos.5.3 --> [0, 33, 28, 0, 0, 0, 0, 0])
Transition([0, 33, 28, 0, 0, 0, 0, 0] -- 0.setPos.4.3 --> [0, 0, 15, 0, 0, 0, 0, 0])
Transition([0, 4, 12, 0, 0, 0, 0, 0] -- down --> [0, 90, 12, 0, 0, 0, 0, 0])
Transition([0, 90, 12, 0, 0, 0, 0, 0] -- 0.getPos.4.4 --> [0, 142, 12, 0, 0, 0, 0, 0])
Transition([0, 142, 12, 0, 0, 0, 0, 0] -- 0.setPos.5.4 --> [0, 0, 26, 0, 0, 0, 0, 0])
Transition([0, 142, 12, 0, 0, 0, 0, 0] -- 1.getPos.5.4 --> [0, 143, 12, 0, 0, 0, 0, 0])
Transition([0, 143, 12, 0, 0, 0, 0, 0] -- 1.setPos.6.4 --> [3, 144, 12, 0, 0, 0, 0, 0])
Transition([3, 144, 12, 0, 0, 0, 0, 0] -- 0.setPos.5.4 --> [3, 0, 26, 0, 0, 0, 0, 0])
Transition([3, 0, 26, 0, 0, 0, 0, 0] -- startSafeCheck --> [3, 1, 26, 0, 1, 0, 0, 0])
Transition([3, 1, 26, 0, 1, 0, 0, 0] -- 0.getPos.5.4 --> [3, 1, 26, 0, 22, 0, 0, 0])
Transition([3, 1, 26, 0, 22, 0, 0, 0] -- 1.getPos.6.4 --> [3, 1, 26, 0, 4, 0, 0, 0])
Transition([3, 1, 26, 0, 4, 0, 0, 0] -- checkSafeOk --> [3, 2, 26, 0, 0, 0, 0, 0])
Transition([3, 2, 26, 0, 0, 0, 0, 0] -- startLiveCheck --> [3, 3, 26, 1, 0, 1, 0, 0])
Transition([3, 3, 26, 1, 0, 1, 0, 0] -- 1.getPos.6.4 --> [3, 3, 26, 2, 0, 2, 0, 0])
Transition([3, 3, 26, 2, 0, 2, 0, 0] -- checkLiveDone --> [3, 4, 26, 0, 0, 0, 0, 0])
Transition([0, 4, 29, 0, 0, 0, 0, 0] -- down --> [0, 90, 29, 0, 0, 0, 0, 0])
Transition([0, 90, 29, 0, 0, 0, 0, 0] -- 0.getPos.3.5 --> [0, 160, 29, 0, 0, 0, 0, 0])
Transition([0, 160, 29, 0, 0, 0, 0, 0] -- 0.setPos.4.5 --> [0, 0, 10, 0, 0, 0, 0, 0])
Transition([0, 0, 10, 0, 0, 0, 0, 0] -- startSafeCheck --> [0, 1, 10, 0, 1, 0, 0, 0])
Transition([0, 1, 10, 0, 1, 0, 0, 0] -- 0.getPos.4.5 --> [0, 1, 10, 0, 6, 0, 0, 0])
Transition([0, 1, 10, 0, 6, 0, 0, 0] -- 1.getPos.5.4 --> [0, 1, 10, 0, 4, 0, 0, 0])
Transition([0, 1, 10, 0, 4, 0, 0, 0] -- checkSafeOk --> [0, 2, 10, 0, 0, 0, 0, 0])
Transition([0, 2, 10, 0, 0, 0, 0, 0] -- startLiveCheck --> [0, 3, 10, 1, 0, 1, 0, 0])
Transition([0, 3, 10, 1, 0, 1, 0, 0] -- 1.getPos.5.4 --> [0, 3, 10, 2, 0, 2, 0, 0])
Transition([0, 3, 10, 2, 0, 2, 0, 0] -- checkLiveDone --> [0, 4, 10, 0, 0, 0, 0, 0])
Transition([0, 4, 29, 0, 0, 0, 0, 0] -- left --> [0, 260, 29, 0, 0, 0, 0, 0])
Transition([0, 260, 29, 0, 0, 0, 0, 0] -- 0.getPos.3.5 --> [0, 334, 29, 0, 0, 0, 0, 0])
Transition([0, 334, 29, 0, 0, 0, 0, 0] -- 0.setPos.3.4 --> [0, 0, 31, 0, 0, 0, 0, 0])
Transition([0, 4, 12, 0, 0, 0, 0, 0] -- left --> [0, 260, 12, 0, 0, 0, 0, 0])
Transition([0, 260, 12, 0, 0, 0, 0, 0] -- 0.getPos.4.4 --> [0, 320, 12, 0, 0, 0, 0, 0])
Transition([0, 320, 12, 0, 0, 0, 0, 0] -- 0.setPos.4.3 --> [0, 0, 15, 0, 0, 0, 0, 0])
Transition([0, 4, 11, 0, 0, 0, 0, 0] -- down --> [0, 90, 11, 0, 0, 0, 0, 0])
Transition([0, 90, 11, 0, 0, 0, 0, 0] -- 0.getPos.6.2 --> [0, 93, 11, 0, 0, 0, 0, 0])
Transition([0, 4, 11, 0, 0, 0, 0, 0] -- left --> [0, 260, 11, 0, 0, 0, 0, 0])
Transition([0, 260, 11, 0, 0, 0, 0, 0] -- 0.getPos.6.2 --> [0, 267, 11, 0, 0, 0, 0, 0])
Transition([0, 267, 11, 0, 0, 0, 0, 0] -- 0.setPos.6.1 --> [0, 0, 14, 0, 0, 0, 0, 0])
Transition([0, 4, 12, 0, 0, 0, 0, 0] -- right --> [0, 175, 12, 0, 0, 0, 0, 0])
Transition([0, 175, 12, 0, 0, 0, 0, 0] -- 0.getPos.4.4 --> [0, 233, 12, 0, 0, 0, 0, 0])
Transition([0, 233, 12, 0, 0, 0, 0, 0] -- 0.setPos.4.5 --> [0, 0, 10, 0, 0, 0, 0, 0])
Transition([0, 4, 29, 0, 0, 0, 0, 0] -- right --> [0, 175, 29, 0, 0, 0, 0, 0])
Transition([0, 175, 29, 0, 0, 0, 0, 0] -- 0.getPos.3.5 --> [0, 247, 29, 0, 0, 0, 0, 0])
Transition([0, 247, 29, 0, 0, 0, 0, 0] -- 0.setPos.3.6 --> [0, 0, 27, 0, 0, 0, 1, 0])
Transition([0, 4, 11, 0, 0, 0, 0, 0] -- right --> [0, 175, 11, 0, 0, 0, 0, 0])
Transition([0, 175, 11, 0, 0, 0, 0, 0] -- 0.getPos.6.2 --> [0, 180, 11, 0, 0, 0, 0, 0])
Transition([0, 180, 11, 0, 0, 0, 0, 0] -- 0.setPos.6.3 --> [0, 0, 9, 0, 0, 0, 1, 0])
Transition([0, 4, 12, 0, 0, 0, 0, 0] -- up --> [0, 5, 12, 0, 0, 0, 0, 0])
Transition([0, 5, 12, 0, 0, 0, 0, 0] -- 0.getPos.4.4 --> [0, 57, 12, 0, 0, 0, 0, 0])
Transition([0, 57, 12, 0, 0, 0, 0, 0] -- 0.setPos.3.4 --> [0, 0, 31, 0, 0, 0, 0, 0])
Transition([0, 4, 29, 0, 0, 0, 0, 0] -- up --> [0, 5, 29, 0, 0, 0, 0, 0])
Transition([0, 5, 29, 0, 0, 0, 0, 0] -- 0.getPos.3.5 --> [0, 75, 29, 0, 0, 0, 0, 0])
Transition([0, 75, 29, 0, 0, 0, 0, 0] -- 0.setPos.2.5 --> [0, 0, 16, 0, 0, 0, 1, 0])
Transition([0, 4, 11, 0, 0, 0, 0, 0] -- up --> [0, 5, 11, 0, 0, 0, 0, 0])
Transition([0, 5, 11, 0, 0, 0, 0, 0] -- 0.getPos.6.2 --> [0, 12, 11, 0, 0, 0, 0, 0])
Transition([0, 12, 11, 0, 0, 0, 0, 0] -- 0.setPos.5.2 --> [0, 0, 30, 0, 0, 0, 0, 0])
Transition([0, 4, 10, 0, 0, 0, 0, 0] -- down --> [0, 90, 10, 0, 0, 0, 0, 0])
Transition([0, 90, 10, 0, 0, 0, 0, 0] -- 0.getPos.4.5 --> [0, 139, 10, 0, 0, 0, 0, 0])
Transition([0, 139, 10, 0, 0, 0, 0, 0] -- 0.setPos.5.5 --> [0, 0, 20, 0, 0, 0, 0, 0])
Transition([0, 0, 20, 0, 0, 0, 0, 0] -- startSafeCheck --> [0, 1, 20, 0, 1, 0, 0, 0])
Transition([0, 1, 20, 0, 1, 0, 0, 0] -- 0.getPos.5.5 --> [0, 1, 20, 0, 27, 0, 0, 0])
Transition([0, 1, 20, 0, 27, 0, 0, 0] -- 1.getPos.5.4 --> [0, 1, 20, 0, 4, 0, 0, 0])
Transition([0, 1, 20, 0, 4, 0, 0, 0] -- checkSafeOk --> [0, 2, 20, 0, 0, 0, 0, 0])
Transition([0, 2, 20, 0, 0, 0, 0, 0] -- startLiveCheck --> [0, 3, 20, 1, 0, 1, 0, 0])
Transition([0, 3, 20, 1, 0, 1, 0, 0] -- 1.getPos.5.4 --> [0, 3, 20, 2, 0, 2, 0, 0])
Transition([0, 3, 20, 2, 0, 2, 0, 0] -- checkLiveDone --> [0, 4, 20, 0, 0, 0, 0, 0])
Transition([0, 4, 10, 0, 0, 0, 0, 0] -- left --> [0, 260, 10, 0, 0, 0, 0, 0])
Transition([0, 260, 10, 0, 0, 0, 0, 0] -- 0.getPos.4.5 --> [0, 317, 10, 0, 0, 0, 0, 0])
Transition([0, 317, 10, 0, 0, 0, 0, 0] -- 0.setPos.4.4 --> [0, 0, 12, 0, 0, 0, 0, 0])
Transition([0, 4, 10, 0, 0, 0, 0, 0] -- right --> [0, 175, 10, 0, 0, 0, 0, 0])
Transition([0, 175, 10, 0, 0, 0, 0, 0] -- 0.getPos.4.5 --> [0, 232, 10, 0, 0, 0, 0, 0])
Transition([0, 232, 10, 0, 0, 0, 0, 0] -- 0.setPos.4.6 --> [0, 0, 4, 0, 0, 0, 0, 0])
Transition([0, 0, 4, 0, 0, 0, 0, 0] -- startSafeCheck --> [0, 1, 4, 0, 1, 0, 0, 0])
Transition([0, 1, 4, 0, 1, 0, 0, 0] -- 0.getPos.4.6 --> [0, 1, 4, 0, 12, 0, 0, 0])
Transition([0, 1, 4, 0, 12, 0, 0, 0] -- 1.getPos.5.4 --> [0, 1, 4, 0, 4, 0, 0, 0])
Transition([0, 1, 4, 0, 4, 0, 0, 0] -- checkSafeOk --> [0, 2, 4, 0, 0, 0, 0, 0])
Transition([0, 2, 4, 0, 0, 0, 0, 0] -- startLiveCheck --> [0, 3, 4, 1, 0, 1, 0, 0])
Transition([0, 3, 4, 1, 0, 1, 0, 0] -- 1.getPos.5.4 --> [0, 3, 4, 2, 0, 2, 0, 0])
Transition([0, 3, 4, 2, 0, 2, 0, 0] -- checkLiveDone --> [0, 4, 4, 0, 0, 0, 0, 0])
Transition([0, 4, 10, 0, 0, 0, 0, 0] -- up --> [0, 5, 10, 0, 0, 0, 0, 0])
Transition([0, 5, 10, 0, 0, 0, 0, 0] -- 0.getPos.4.5 --> [0, 54, 10, 0, 0, 0, 0, 0])
Transition([0, 54, 10, 0, 0, 0, 0, 0] -- 0.setPos.3.5 --> [0, 0, 29, 0, 0, 0, 0, 0])
Transition([20, 4, 26, 0, 0, 0, 0, 0] -- down --> [20, 90, 26, 0, 0, 0, 0, 0])
Transition([20, 90, 26, 0, 0, 0, 0, 0] -- 0.getPos.5.4 --> [20, 115, 26, 0, 0, 0, 0, 0])
Transition([20, 115, 26, 0, 0, 0, 0, 0] -- 0.setPos.6.4 --> [20, 0, 3, 0, 0, 0, 0, 0])
Transition([20, 0, 3, 0, 0, 0, 0, 0] -- startSafeCheck --> [20, 1, 3, 0, 1, 0, 0, 0])
Transition([20, 1, 3, 0, 1, 0, 0, 0] -- 0.getPos.6.4 --> [20, 1, 3, 0, 11, 0, 0, 0])
Transition([20, 1, 3, 0, 11, 0, 0, 0] -- 1.getPos.5.5 --> [20, 1, 3, 0, 4, 0, 0, 0])
Transition([20, 1, 3, 0, 4, 0, 0, 0] -- checkSafeOk --> [20, 2, 3, 0, 0, 0, 0, 0])
Transition([20, 2, 3, 0, 0, 0, 0, 0] -- startLiveCheck --> [20, 3, 3, 1, 0, 1, 0, 0])
Transition([20, 3, 3, 1, 0, 1, 0, 0] -- 1.getPos.5.5 --> [20, 3, 3, 2, 0, 2, 0, 0])
Transition([20, 3, 3, 2, 0, 2, 0, 0] -- checkLiveDone --> [20, 4, 3, 0, 0, 0, 0, 0])
Transition([20, 4, 26, 0, 0, 0, 0, 0] -- left --> [20, 260, 26, 0, 0, 0, 0, 0])
Transition([20, 260, 26, 0, 0, 0, 0, 0] -- 0.getPos.5.4 --> [20, 289, 26, 0, 0, 0, 0, 0])
Transition([20, 289, 26, 0, 0, 0, 0, 0] -- 0.setPos.5.3 --> [20, 0, 28, 0, 0, 0, 0, 0])
Transition([20, 0, 28, 0, 0, 0, 0, 0] -- startSafeCheck --> [20, 1, 28, 0, 1, 0, 0, 0])
Transition([20, 1, 28, 0, 1, 0, 0, 0] -- 0.getPos.5.3 --> [20, 1, 28, 0, 24, 0, 0, 0])
Transition([20, 1, 28, 0, 24, 0, 0, 0] -- 1.getPos.5.5 --> [20, 1, 28, 0, 4, 0, 0, 0])
Transition([20, 1, 28, 0, 4, 0, 0, 0] -- checkSafeOk --> [20, 2, 28, 0, 0, 0, 0, 0])
Transition([20, 2, 28, 0, 0, 0, 0, 0] -- startLiveCheck --> [20, 3, 28, 1, 0, 1, 0, 0])
Transition([20, 3, 28, 1, 0, 1, 0, 0] -- 1.getPos.5.5 --> [20, 3, 28, 2, 0, 2, 0, 0])
Transition([20, 3, 28, 2, 0, 2, 0, 0] -- checkLiveDone --> [20, 4, 28, 0, 0, 0, 0, 0])
Transition([3, 4, 26, 0, 0, 0, 0, 0] -- down --> [3, 90, 26, 0, 0, 0, 0, 0])
Transition([3, 90, 26, 0, 0, 0, 0, 0] -- 0.getPos.5.4 --> [3, 115, 26, 0, 0, 0, 0, 0])
Transition([3, 115, 26, 0, 0, 0, 0, 0] -- 0.setPos.6.4 --> [3, 0, 3, 0, 0, 0, 0, 0])
Transition([3, 0, 3, 0, 0, 0, 0, 0] -- startSafeCheck --> [3, 1, 3, 0, 1, 0, 0, 0])
Transition([3, 1, 3, 0, 1, 0, 0, 0] -- 0.getPos.6.4 --> [3, 1, 3, 0, 11, 0, 0, 0])
Transition([3, 1, 3, 0, 11, 0, 0, 0] -- 1.getPos.6.4 --> [3, 1, 3, 0, 3, 0, 0, 0])
Transition([3, 4, 26, 0, 0, 0, 0, 0] -- left --> [3, 260, 26, 0, 0, 0, 0, 0])
Transition([3, 260, 26, 0, 0, 0, 0, 0] -- 0.getPos.5.4 --> [3, 289, 26, 0, 0, 0, 0, 0])
Transition([3, 289, 26, 0, 0, 0, 0, 0] -- 0.setPos.5.3 --> [3, 0, 28, 0, 0, 0, 0, 0])
Transition([3, 0, 28, 0, 0, 0, 0, 0] -- startSafeCheck --> [3, 1, 28, 0, 1, 0, 0, 0])
Transition([3, 1, 28, 0, 1, 0, 0, 0] -- 0.getPos.5.3 --> [3, 1, 28, 0, 24, 0, 0, 0])
Transition([3, 1, 28, 0, 24, 0, 0, 0] -- 1.getPos.6.4 --> [3, 1, 28, 0, 4, 0, 0, 0])
Transition([3, 1, 28, 0, 4, 0, 0, 0] -- checkSafeOk --> [3, 2, 28, 0, 0, 0, 0, 0])
Transition([3, 2, 28, 0, 0, 0, 0, 0] -- startLiveCheck --> [3, 3, 28, 1, 0, 1, 0, 0])
Transition([3, 3, 28, 1, 0, 1, 0, 0] -- 1.getPos.6.4 --> [3, 3, 28, 2, 0, 2, 0, 0])
Transition([3, 3, 28, 2, 0, 2, 0, 0] -- checkLiveDone --> [3, 4, 28, 0, 0, 0, 0, 0])
Transition([3, 4, 26, 0, 0, 0, 0, 0] -- right --> [3, 175, 26, 0, 0, 0, 0, 0])
Transition([3, 175, 26, 0, 0, 0, 0, 0] -- 0.getPos.5.4 --> [3, 204, 26, 0, 0, 0, 0, 0])
Transition([3, 204, 26, 0, 0, 0, 0, 0] -- 0.setPos.5.5 --> [3, 0, 20, 0, 0, 0, 0, 0])
Transition([3, 0, 20, 0, 0, 0, 0, 0] -- startSafeCheck --> [3, 1, 20, 0, 1, 0, 0, 0])
Transition([3, 1, 20, 0, 1, 0, 0, 0] -- 0.getPos.5.5 --> [3, 1, 20, 0, 27, 0, 0, 0])
Transition([3, 1, 20, 0, 27, 0, 0, 0] -- 1.getPos.6.4 --> [3, 1, 20, 0, 4, 0, 0, 0])
Transition([3, 1, 20, 0, 4, 0, 0, 0] -- checkSafeOk --> [3, 2, 20, 0, 0, 0, 0, 0])
Transition([3, 2, 20, 0, 0, 0, 0, 0] -- startLiveCheck --> [3, 3, 20, 1, 0, 1, 0, 0])
Transition([3, 3, 20, 1, 0, 1, 0, 0] -- 1.getPos.6.4 --> [3, 3, 20, 2, 0, 2, 0, 0])
Transition([3, 3, 20, 2, 0, 2, 0, 0] -- checkLiveDone --> [3, 4, 20, 0, 0, 0, 0, 0])
Transition([3, 4, 26, 0, 0, 0, 0, 0] -- up --> [3, 5, 26, 0, 0, 0, 0, 0])
Transition([3, 5, 26, 0, 0, 0, 0, 0] -- 0.getPos.5.4 --> [3, 30, 26, 0, 0, 0, 0, 0])
Transition([3, 30, 26, 0, 0, 0, 0, 0] -- 0.setPos.4.4 --> [3, 0, 12, 0, 0, 0, 0, 0])
Transition([3, 0, 12, 0, 0, 0, 0, 0] -- startSafeCheck --> [3, 1, 12, 0, 1, 0, 0, 0])
Transition([3, 1, 12, 0, 1, 0, 0, 0] -- 0.getPos.4.4 --> [3, 1, 12, 0, 8, 0, 0, 0])
Transition([3, 1, 12, 0, 8, 0, 0, 0] -- 1.getPos.6.4 --> [3, 1, 12, 0, 4, 0, 0, 0])
Transition([3, 1, 12, 0, 4, 0, 0, 0] -- checkSafeOk --> [3, 2, 12, 0, 0, 0, 0, 0])
Transition([3, 2, 12, 0, 0, 0, 0, 0] -- startLiveCheck --> [3, 3, 12, 1, 0, 1, 0, 0])
Transition([3, 3, 12, 1, 0, 1, 0, 0] -- 1.getPos.6.4 --> [3, 3, 12, 2, 0, 2, 0, 0])
Transition([3, 3, 12, 2, 0, 2, 0, 0] -- checkLiveDone --> [3, 4, 12, 0, 0, 0, 0, 0])
Transition([20, 4, 26, 0, 0, 0, 0, 0] -- right --> [20, 175, 26, 0, 0, 0, 0, 0])
Transition([20, 175, 26, 0, 0, 0, 0, 0] -- 0.getPos.5.4 --> [20, 204, 26, 0, 0, 0, 0, 0])
Transition([20, 204, 26, 0, 0, 0, 0, 0] -- 0.setPos.5.5 --> [20, 0, 20, 0, 0, 0, 0, 0])
Transition([20, 0, 20, 0, 0, 0, 0, 0] -- startSafeCheck --> [20, 1, 20, 0, 1, 0, 0, 0])
Transition([20, 1, 20, 0, 1, 0, 0, 0] -- 0.getPos.5.5 --> [20, 1, 20, 0, 27, 0, 0, 0])
Transition([20, 1, 20, 0, 27, 0, 0, 0] -- 1.getPos.5.5 --> [20, 1, 20, 0, 3, 0, 0, 0])
Transition([20, 204, 26, 0, 0, 0, 0, 0] -- 1.getPos.5.5 --> [20, 205, 26, 0, 0, 0, 0, 0])
Transition([20, 205, 26, 0, 0, 0, 0, 0] -- 1.setPos.5.6 --> [19, 206, 26, 0, 0, 0, 0, 0])
Transition([19, 206, 26, 0, 0, 0, 0, 0] -- 0.setPos.5.5 --> [19, 0, 20, 0, 0, 0, 0, 0])
Transition([19, 0, 20, 0, 0, 0, 0, 0] -- startSafeCheck --> [19, 1, 20, 0, 1, 0, 0, 0])
Transition([19, 1, 20, 0, 1, 0, 0, 0] -- 0.getPos.5.5 --> [19, 1, 20, 0, 27, 0, 0, 0])
Transition([19, 1, 20, 0, 27, 0, 0, 0] -- 1.getPos.5.6 --> [19, 1, 20, 0, 4, 0, 0, 0])
Transition([19, 1, 20, 0, 4, 0, 0, 0] -- checkSafeOk --> [19, 2, 20, 0, 0, 0, 0, 0])
Transition([19, 2, 20, 0, 0, 0, 0, 0] -- startLiveCheck --> [19, 3, 20, 1, 0, 1, 0, 0])
Transition([19, 3, 20, 1, 0, 1, 0, 0] -- 1.getPos.5.6 --> [19, 3, 20, 2, 0, 2, 0, 0])
Transition([19, 3, 20, 2, 0, 2, 0, 0] -- checkLiveDone --> [19, 4, 20, 0, 0, 0, 0, 0])
Transition([20, 4, 26, 0, 0, 0, 0, 0] -- up --> [20, 5, 26, 0, 0, 0, 0, 0])
Transition([20, 5, 26, 0, 0, 0, 0, 0] -- 0.getPos.5.4 --> [20, 30, 26, 0, 0, 0, 0, 0])
Transition([20, 30, 26, 0, 0, 0, 0, 0] -- 0.setPos.4.4 --> [20, 0, 12, 0, 0, 0, 0, 0])
Transition([20, 0, 12, 0, 0, 0, 0, 0] -- startSafeCheck --> [20, 1, 12, 0, 1, 0, 0, 0])
Transition([20, 1, 12, 0, 1, 0, 0, 0] -- 0.getPos.4.4 --> [20, 1, 12, 0, 8, 0, 0, 0])
Transition([20, 1, 12, 0, 8, 0, 0, 0] -- 1.getPos.5.5 --> [20, 1, 12, 0, 4, 0, 0, 0])
Transition([20, 1, 12, 0, 4, 0, 0, 0] -- checkSafeOk --> [20, 2, 12, 0, 0, 0, 0, 0])
Transition([20, 2, 12, 0, 0, 0, 0, 0] -- startLiveCheck --> [20, 3, 12, 1, 0, 1, 0, 0])
Transition([20, 3, 12, 1, 0, 1, 0, 0] -- 1.getPos.5.5 --> [20, 3, 12, 2, 0, 2, 0, 0])
Transition([20, 3, 12, 2, 0, 2, 0, 0] -- checkLiveDone --> [20, 4, 12, 0, 0, 0, 0, 0])
Transition([0, 4, 20, 0, 0, 0, 0, 0] -- down --> [0, 90, 20, 0, 0, 0, 0, 0])
Transition([0, 90, 20, 0, 0, 0, 0, 0] -- 0.getPos.5.5 --> [0, 118, 20, 0, 0, 0, 0, 0])
Transition([0, 118, 20, 0, 0, 0, 0, 0] -- 0.setPos.6.5 --> [0, 0, 2, 0, 0, 0, 0, 0])
Transition([0, 0, 2, 0, 0, 0, 0, 0] -- startSafeCheck --> [0, 1, 2, 0, 1, 0, 0, 0])
Transition([0, 1, 2, 0, 1, 0, 0, 0] -- 0.getPos.6.5 --> [0, 1, 2, 0, 10, 0, 0, 0])
Transition([0, 1, 2, 0, 10, 0, 0, 0] -- 1.getPos.5.4 --> [0, 1, 2, 0, 4, 0, 0, 0])
Transition([0, 1, 2, 0, 4, 0, 0, 0] -- checkSafeOk --> [0, 2, 2, 0, 0, 0, 0, 0])
Transition([0, 2, 2, 0, 0, 0, 0, 0] -- startLiveCheck --> [0, 3, 2, 1, 0, 1, 0, 0])
Transition([0, 3, 2, 1, 0, 1, 0, 0] -- 1.getPos.5.4 --> [0, 3, 2, 2, 0, 2, 0, 0])
Transition([0, 3, 2, 2, 0, 2, 0, 0] -- checkLiveDone --> [0, 4, 2, 0, 0, 0, 0, 0])
Transition([0, 4, 4, 0, 0, 0, 0, 0] -- down --> [0, 90, 4, 0, 0, 0, 0, 0])
Transition([0, 90, 4, 0, 0, 0, 0, 0] -- 0.getPos.4.6 --> [0, 145, 4, 0, 0, 0, 0, 0])
Transition([0, 145, 4, 0, 0, 0, 0, 0] -- 0.setPos.5.6 --> [0, 0, 19, 0, 0, 0, 0, 0])
Transition([0, 0, 19, 0, 0, 0, 0, 0] -- startSafeCheck --> [0, 1, 19, 0, 1, 0, 0, 0])
Transition([0, 1, 19, 0, 1, 0, 0, 0] -- 0.getPos.5.6 --> [0, 1, 19, 0, 26, 0, 0, 0])
Transition([0, 1, 19, 0, 26, 0, 0, 0] -- 1.getPos.5.4 --> [0, 1, 19, 0, 4, 0, 0, 0])
Transition([0, 1, 19, 0, 4, 0, 0, 0] -- checkSafeOk --> [0, 2, 19, 0, 0, 0, 0, 0])
Transition([0, 2, 19, 0, 0, 0, 0, 0] -- startLiveCheck --> [0, 3, 19, 1, 0, 1, 0, 0])
Transition([0, 3, 19, 1, 0, 1, 0, 0] -- 1.getPos.5.4 --> [0, 3, 19, 2, 0, 2, 0, 0])
Transition([0, 3, 19, 2, 0, 2, 0, 0] -- checkLiveDone --> [0, 4, 19, 0, 0, 0, 0, 0])
Transition([0, 4, 20, 0, 0, 0, 0, 0] -- left --> [0, 260, 20, 0, 0, 0, 0, 0])
Transition([0, 260, 20, 0, 0, 0, 0, 0] -- 0.getPos.5.5 --> [0, 298, 20, 0, 0, 0, 0, 0])
Transition([0, 298, 20, 0, 0, 0, 0, 0] -- 0.setPos.5.4 --> [0, 0, 26, 0, 0, 0, 0, 0])
Transition([0, 298, 20, 0, 0, 0, 0, 0] -- 1.getPos.5.4 --> [0, 299, 20, 0, 0, 0, 0, 0])
Transition([0, 299, 20, 0, 0, 0, 0, 0] -- 1.setPos.5.3 --> [28, 300, 20, 0, 0, 0, 0, 0])
Transition([28, 300, 20, 0, 0, 0, 0, 0] -- 0.setPos.5.4 --> [28, 0, 26, 0, 0, 0, 0, 0])
Transition([28, 0, 26, 0, 0, 0, 0, 0] -- startSafeCheck --> [28, 1, 26, 0, 1, 0, 0, 0])
Transition([28, 1, 26, 0, 1, 0, 0, 0] -- 0.getPos.5.4 --> [28, 1, 26, 0, 22, 0, 0, 0])
Transition([28, 1, 26, 0, 22, 0, 0, 0] -- 1.getPos.5.3 --> [28, 1, 26, 0, 4, 0, 0, 0])
Transition([28, 1, 26, 0, 4, 0, 0, 0] -- checkSafeOk --> [28, 2, 26, 0, 0, 0, 0, 0])
Transition([28, 2, 26, 0, 0, 0, 0, 0] -- startLiveCheck --> [28, 3, 26, 1, 0, 1, 0, 0])
Transition([28, 3, 26, 1, 0, 1, 0, 0] -- 1.getPos.5.3 --> [28, 3, 26, 2, 0, 2, 0, 0])
Transition([28, 3, 26, 2, 0, 2, 0, 0] -- checkLiveDone --> [28, 4, 26, 0, 0, 0, 0, 0])
Transition([0, 4, 4, 0, 0, 0, 0, 0] -- left --> [0, 260, 4, 0, 0, 0, 0, 0])
Transition([0, 260, 4, 0, 0, 0, 0, 0] -- 0.getPos.4.6 --> [0, 323, 4, 0, 0, 0, 0, 0])
Transition([0, 323, 4, 0, 0, 0, 0, 0] -- 0.setPos.4.5 --> [0, 0, 10, 0, 0, 0, 0, 0])
Transition([0, 4, 20, 0, 0, 0, 0, 0] -- right --> [0, 175, 20, 0, 0, 0, 0, 0])
Transition([0, 175, 20, 0, 0, 0, 0, 0] -- 0.getPos.5.5 --> [0, 211, 20, 0, 0, 0, 0, 0])
Transition([0, 211, 20, 0, 0, 0, 0, 0] -- 0.setPos.5.6 --> [0, 0, 19, 0, 0, 0, 0, 0])
Transition([0, 4, 4, 0, 0, 0, 0, 0] -- right --> [0, 175, 4, 0, 0, 0, 0, 0])
Transition([0, 175, 4, 0, 0, 0, 0, 0] -- 0.getPos.4.6 --> [0, 236, 4, 0, 0, 0, 0, 0])
Transition([0, 4, 20, 0, 0, 0, 0, 0] -- up --> [0, 5, 20, 0, 0, 0, 0, 0])
Transition([0, 5, 20, 0, 0, 0, 0, 0] -- 0.getPos.5.5 --> [0, 39, 20, 0, 0, 0, 0, 0])
Transition([0, 39, 20, 0, 0, 0, 0, 0] -- 0.setPos.4.5 --> [0, 0, 10, 0, 0, 0, 0, 0])
Transition([0, 4, 4, 0, 0, 0, 0, 0] -- up --> [0, 5, 4, 0, 0, 0, 0, 0])
Transition([0, 5, 4, 0, 0, 0, 0, 0] -- 0.getPos.4.6 --> [0, 60, 4, 0, 0, 0, 0, 0])
Transition([0, 60, 4, 0, 0, 0, 0, 0] -- 0.setPos.3.6 --> [0, 0, 27, 0, 0, 0, 1, 0])
Transition([20, 4, 28, 0, 0, 0, 0, 0] -- down --> [20, 90, 28, 0, 0, 0, 0, 0])
Transition([20, 90, 28, 0, 0, 0, 0, 0] -- 0.getPos.5.3 --> [20, 116, 28, 0, 0, 0, 0, 0])
Transition([20, 116, 28, 0, 0, 0, 0, 0] -- 0.setPos.6.3 --> [20, 0, 9, 0, 0, 0, 1, 0])
Transition([20, 0, 9, 0, 0, 0, 1, 0] -- illegalPosition --> [20, 0, 9, 0, 0, 0, 1, 0])
Transition([3, 4, 12, 0, 0, 0, 0, 0] -- down --> [3, 90, 12, 0, 0, 0, 0, 0])
Transition([3, 90, 12, 0, 0, 0, 0, 0] -- 0.getPos.4.4 --> [3, 142, 12, 0, 0, 0, 0, 0])
Transition([3, 142, 12, 0, 0, 0, 0, 0] -- 0.setPos.5.4 --> [3, 0, 26, 0, 0, 0, 0, 0])
Transition([20, 4, 3, 0, 0, 0, 0, 0] -- down --> [20, 90, 3, 0, 0, 0, 0, 0])
Transition([20, 90, 3, 0, 0, 0, 0, 0] -- 0.getPos.6.4 --> [20, 98, 3, 0, 0, 0, 0, 0])
Transition([20, 4, 3, 0, 0, 0, 0, 0] -- left --> [20, 260, 3, 0, 0, 0, 0, 0])
Transition([20, 260, 3, 0, 0, 0, 0, 0] -- 0.getPos.6.4 --> [20, 274, 3, 0, 0, 0, 0, 0])
Transition([20, 274, 3, 0, 0, 0, 0, 0] -- 0.setPos.6.3 --> [20, 0, 9, 0, 0, 0, 1, 0])
Transition([20, 4, 28, 0, 0, 0, 0, 0] -- left --> [20, 260, 28, 0, 0, 0, 0, 0])
Transition([20, 260, 28, 0, 0, 0, 0, 0] -- 0.getPos.5.3 --> [20, 292, 28, 0, 0, 0, 0, 0])
Transition([20, 292, 28, 0, 0, 0, 0, 0] -- 0.setPos.5.2 --> [20, 0, 30, 0, 0, 0, 0, 0])
Transition([20, 0, 30, 0, 0, 0, 0, 0] -- startSafeCheck --> [20, 1, 30, 0, 1, 0, 0, 0])
Transition([20, 1, 30, 0, 1, 0, 0, 0] -- 0.getPos.5.2 --> [20, 1, 30, 0, 32, 0, 0, 0])
Transition([20, 1, 30, 0, 32, 0, 0, 0] -- 1.getPos.5.5 --> [20, 1, 30, 0, 4, 0, 0, 0])
Transition([20, 1, 30, 0, 4, 0, 0, 0] -- checkSafeOk --> [20, 2, 30, 0, 0, 0, 0, 0])
Transition([20, 2, 30, 0, 0, 0, 0, 0] -- startLiveCheck --> [20, 3, 30, 1, 0, 1, 0, 0])
Transition([20, 3, 30, 1, 0, 1, 0, 0] -- 1.getPos.5.5 --> [20, 3, 30, 2, 0, 2, 0, 0])
Transition([20, 3, 30, 2, 0, 2, 0, 0] -- checkLiveDone --> [20, 4, 30, 0, 0, 0, 0, 0])
Transition([3, 4, 12, 0, 0, 0, 0, 0] -- left --> [3, 260, 12, 0, 0, 0, 0, 0])
Transition([3, 260, 12, 0, 0, 0, 0, 0] -- 0.getPos.4.4 --> [3, 320, 12, 0, 0, 0, 0, 0])
Transition([3, 320, 12, 0, 0, 0, 0, 0] -- 0.setPos.4.3 --> [3, 0, 15, 0, 0, 0, 0, 0])
Transition([3, 0, 15, 0, 0, 0, 0, 0] -- startSafeCheck --> [3, 1, 15, 0, 1, 0, 0, 0])
Transition([3, 1, 15, 0, 1, 0, 0, 0] -- 0.getPos.4.3 --> [3, 1, 15, 0, 17, 0, 0, 0])
Transition([3, 1, 15, 0, 17, 0, 0, 0] -- 1.getPos.6.4 --> [3, 1, 15, 0, 4, 0, 0, 0])
Transition([3, 1, 15, 0, 4, 0, 0, 0] -- checkSafeOk --> [3, 2, 15, 0, 0, 0, 0, 0])
Transition([3, 2, 15, 0, 0, 0, 0, 0] -- startLiveCheck --> [3, 3, 15, 1, 0, 1, 0, 0])
Transition([3, 3, 15, 1, 0, 1, 0, 0] -- 1.getPos.6.4 --> [3, 3, 15, 2, 0, 2, 0, 0])
Transition([3, 3, 15, 2, 0, 2, 0, 0] -- checkLiveDone --> [3, 4, 15, 0, 0, 0, 0, 0])
Transition([3, 4, 20, 0, 0, 0, 0, 0] -- down --> [3, 90, 20, 0, 0, 0, 0, 0])
Transition([3, 90, 20, 0, 0, 0, 0, 0] -- 0.getPos.5.5 --> [3, 118, 20, 0, 0, 0, 0, 0])
Transition([3, 118, 20, 0, 0, 0, 0, 0] -- 0.setPos.6.5 --> [3, 0, 2, 0, 0, 0, 0, 0])
Transition([3, 0, 2, 0, 0, 0, 0, 0] -- startSafeCheck --> [3, 1, 2, 0, 1, 0, 0, 0])
Transition([3, 1, 2, 0, 1, 0, 0, 0] -- 0.getPos.6.5 --> [3, 1, 2, 0, 10, 0, 0, 0])
Transition([3, 1, 2, 0, 10, 0, 0, 0] -- 1.getPos.6.4 --> [3, 1, 2, 0, 4, 0, 0, 0])
Transition([3, 1, 2, 0, 4, 0, 0, 0] -- checkSafeOk --> [3, 2, 2, 0, 0, 0, 0, 0])
Transition([3, 2, 2, 0, 0, 0, 0, 0] -- startLiveCheck --> [3, 3, 2, 1, 0, 1, 0, 0])
Transition([3, 3, 2, 1, 0, 1, 0, 0] -- 1.getPos.6.4 --> [3, 3, 2, 2, 0, 2, 0, 0])
Transition([3, 3, 2, 2, 0, 2, 0, 0] -- checkLiveDone --> [3, 4, 2, 0, 0, 0, 0, 0])
Transition([20, 4, 28, 0, 0, 0, 0, 0] -- right --> [20, 175, 28, 0, 0, 0, 0, 0])
Transition([20, 175, 28, 0, 0, 0, 0, 0] -- 0.getPos.5.3 --> [20, 207, 28, 0, 0, 0, 0, 0])
Transition([20, 207, 28, 0, 0, 0, 0, 0] -- 0.setPos.5.4 --> [20, 0, 26, 0, 0, 0, 0, 0])
Transition([3, 4, 28, 0, 0, 0, 0, 0] -- down --> [3, 90, 28, 0, 0, 0, 0, 0])
Transition([3, 90, 28, 0, 0, 0, 0, 0] -- 0.getPos.5.3 --> [3, 116, 28, 0, 0, 0, 0, 0])
Transition([3, 116, 28, 0, 0, 0, 0, 0] -- 0.setPos.6.3 --> [3, 0, 9, 0, 0, 0, 1, 0])
Transition([3, 0, 9, 0, 0, 0, 1, 0] -- illegalPosition --> [3, 0, 9, 0, 0, 0, 1, 0])
Transition([3, 4, 20, 0, 0, 0, 0, 0] -- left --> [3, 260, 20, 0, 0, 0, 0, 0])
Transition([3, 260, 20, 0, 0, 0, 0, 0] -- 0.getPos.5.5 --> [3, 298, 20, 0, 0, 0, 0, 0])
Transition([3, 298, 20, 0, 0, 0, 0, 0] -- 0.setPos.5.4 --> [3, 0, 26, 0, 0, 0, 0, 0])
Transition([3, 4, 28, 0, 0, 0, 0, 0] -- left --> [3, 260, 28, 0, 0, 0, 0, 0])
Transition([3, 260, 28, 0, 0, 0, 0, 0] -- 0.getPos.5.3 --> [3, 292, 28, 0, 0, 0, 0, 0])
Transition([3, 292, 28, 0, 0, 0, 0, 0] -- 0.setPos.5.2 --> [3, 0, 30, 0, 0, 0, 0, 0])
Transition([3, 0, 30, 0, 0, 0, 0, 0] -- startSafeCheck --> [3, 1, 30, 0, 1, 0, 0, 0])
Transition([3, 1, 30, 0, 1, 0, 0, 0] -- 0.getPos.5.2 --> [3, 1, 30, 0, 32, 0, 0, 0])
Transition([3, 1, 30, 0, 32, 0, 0, 0] -- 1.getPos.6.4 --> [3, 1, 30, 0, 4, 0, 0, 0])
Transition([3, 1, 30, 0, 4, 0, 0, 0] -- checkSafeOk --> [3, 2, 30, 0, 0, 0, 0, 0])
Transition([3, 2, 30, 0, 0, 0, 0, 0] -- startLiveCheck --> [3, 3, 30, 1, 0, 1, 0, 0])
Transition([3, 3, 30, 1, 0, 1, 0, 0] -- 1.getPos.6.4 --> [3, 3, 30, 2, 0, 2, 0, 0])
Transition([3, 3, 30, 2, 0, 2, 0, 0] -- checkLiveDone --> [3, 4, 30, 0, 0, 0, 0, 0])
Transition([20, 4, 28, 0, 0, 0, 0, 0] -- up --> [20, 5, 28, 0, 0, 0, 0, 0])
Transition([20, 5, 28, 0, 0, 0, 0, 0] -- 0.getPos.5.3 --> [20, 33, 28, 0, 0, 0, 0, 0])
Transition([20, 33, 28, 0, 0, 0, 0, 0] -- 0.setPos.4.3 --> [20, 0, 15, 0, 0, 0, 0, 0])
Transition([20, 0, 15, 0, 0, 0, 0, 0] -- startSafeCheck --> [20, 1, 15, 0, 1, 0, 0, 0])
Transition([20, 1, 15, 0, 1, 0, 0, 0] -- 0.getPos.4.3 --> [20, 1, 15, 0, 17, 0, 0, 0])
Transition([20, 1, 15, 0, 17, 0, 0, 0] -- 1.getPos.5.5 --> [20, 1, 15, 0, 4, 0, 0, 0])
Transition([20, 1, 15, 0, 4, 0, 0, 0] -- checkSafeOk --> [20, 2, 15, 0, 0, 0, 0, 0])
Transition([20, 2, 15, 0, 0, 0, 0, 0] -- startLiveCheck --> [20, 3, 15, 1, 0, 1, 0, 0])
Transition([20, 3, 15, 1, 0, 1, 0, 0] -- 1.getPos.5.5 --> [20, 3, 15, 2, 0, 2, 0, 0])
Transition([20, 3, 15, 2, 0, 2, 0, 0] -- checkLiveDone --> [20, 4, 15, 0, 0, 0, 0, 0])
Transition([3, 4, 12, 0, 0, 0, 0, 0] -- right --> [3, 175, 12, 0, 0, 0, 0, 0])
Transition([3, 175, 12, 0, 0, 0, 0, 0] -- 0.getPos.4.4 --> [3, 233, 12, 0, 0, 0, 0, 0])
Transition([3, 233, 12, 0, 0, 0, 0, 0] -- 0.setPos.4.5 --> [3, 0, 10, 0, 0, 0, 0, 0])
Transition([3, 0, 10, 0, 0, 0, 0, 0] -- startSafeCheck --> [3, 1, 10, 0, 1, 0, 0, 0])
Transition([3, 1, 10, 0, 1, 0, 0, 0] -- 0.getPos.4.5 --> [3, 1, 10, 0, 6, 0, 0, 0])
Transition([3, 1, 10, 0, 6, 0, 0, 0] -- 1.getPos.6.4 --> [3, 1, 10, 0, 4, 0, 0, 0])
Transition([3, 1, 10, 0, 4, 0, 0, 0] -- checkSafeOk --> [3, 2, 10, 0, 0, 0, 0, 0])
Transition([3, 2, 10, 0, 0, 0, 0, 0] -- startLiveCheck --> [3, 3, 10, 1, 0, 1, 0, 0])
Transition([3, 3, 10, 1, 0, 1, 0, 0] -- 1.getPos.6.4 --> [3, 3, 10, 2, 0, 2, 0, 0])
Transition([3, 3, 10, 2, 0, 2, 0, 0] -- checkLiveDone --> [3, 4, 10, 0, 0, 0, 0, 0])
Transition([3, 4, 20, 0, 0, 0, 0, 0] -- right --> [3, 175, 20, 0, 0, 0, 0, 0])
Transition([3, 175, 20, 0, 0, 0, 0, 0] -- 0.getPos.5.5 --> [3, 211, 20, 0, 0, 0, 0, 0])
Transition([3, 211, 20, 0, 0, 0, 0, 0] -- 0.setPos.5.6 --> [3, 0, 19, 0, 0, 0, 0, 0])
Transition([3, 0, 19, 0, 0, 0, 0, 0] -- startSafeCheck --> [3, 1, 19, 0, 1, 0, 0, 0])
Transition([3, 1, 19, 0, 1, 0, 0, 0] -- 0.getPos.5.6 --> [3, 1, 19, 0, 26, 0, 0, 0])
Transition([3, 1, 19, 0, 26, 0, 0, 0] -- 1.getPos.6.4 --> [3, 1, 19, 0, 4, 0, 0, 0])
Transition([3, 1, 19, 0, 4, 0, 0, 0] -- checkSafeOk --> [3, 2, 19, 0, 0, 0, 0, 0])
Transition([3, 2, 19, 0, 0, 0, 0, 0] -- startLiveCheck --> [3, 3, 19, 1, 0, 1, 0, 0])
Transition([3, 3, 19, 1, 0, 1, 0, 0] -- 1.getPos.6.4 --> [3, 3, 19, 2, 0, 2, 0, 0])
Transition([3, 3, 19, 2, 0, 2, 0, 0] -- checkLiveDone --> [3, 4, 19, 0, 0, 0, 0, 0])
Transition([3, 4, 20, 0, 0, 0, 0, 0] -- up --> [3, 5, 20, 0, 0, 0, 0, 0])
Transition([3, 5, 20, 0, 0, 0, 0, 0] -- 0.getPos.5.5 --> [3, 39, 20, 0, 0, 0, 0, 0])
Transition([3, 39, 20, 0, 0, 0, 0, 0] -- 0.setPos.4.5 --> [3, 0, 10, 0, 0, 0, 0, 0])
Transition([20, 4, 3, 0, 0, 0, 0, 0] -- right --> [20, 175, 3, 0, 0, 0, 0, 0])
Transition([20, 175, 3, 0, 0, 0, 0, 0] -- 0.getPos.6.4 --> [20, 185, 3, 0, 0, 0, 0, 0])
Transition([20, 185, 3, 0, 0, 0, 0, 0] -- 0.setPos.6.5 --> [20, 0, 2, 0, 0, 0, 0, 0])
Transition([20, 0, 2, 0, 0, 0, 0, 0] -- startSafeCheck --> [20, 1, 2, 0, 1, 0, 0, 0])
Transition([20, 1, 2, 0, 1, 0, 0, 0] -- 0.getPos.6.5 --> [20, 1, 2, 0, 10, 0, 0, 0])
Transition([20, 1, 2, 0, 10, 0, 0, 0] -- 1.getPos.5.5 --> [20, 1, 2, 0, 4, 0, 0, 0])
Transition([20, 1, 2, 0, 4, 0, 0, 0] -- checkSafeOk --> [20, 2, 2, 0, 0, 0, 0, 0])
Transition([20, 2, 2, 0, 0, 0, 0, 0] -- startLiveCheck --> [20, 3, 2, 1, 0, 1, 0, 0])
Transition([20, 3, 2, 1, 0, 1, 0, 0] -- 1.getPos.5.5 --> [20, 3, 2, 2, 0, 2, 0, 0])
Transition([20, 3, 2, 2, 0, 2, 0, 0] -- checkLiveDone --> [20, 4, 2, 0, 0, 0, 0, 0])
Transition([20, 4, 3, 0, 0, 0, 0, 0] -- up --> [20, 5, 3, 0, 0, 0, 0, 0])
Transition([20, 5, 3, 0, 0, 0, 0, 0] -- 0.getPos.6.4 --> [20, 19, 3, 0, 0, 0, 0, 0])
Transition([20, 19, 3, 0, 0, 0, 0, 0] -- 0.setPos.5.4 --> [20, 0, 26, 0, 0, 0, 0, 0])
Transition([3, 4, 12, 0, 0, 0, 0, 0] -- up --> [3, 5, 12, 0, 0, 0, 0, 0])
Transition([3, 5, 12, 0, 0, 0, 0, 0] -- 0.getPos.4.4 --> [3, 57, 12, 0, 0, 0, 0, 0])
Transition([3, 57, 12, 0, 0, 0, 0, 0] -- 0.setPos.3.4 --> [3, 0, 31, 0, 0, 0, 0, 0])
Transition([3, 0, 31, 0, 0, 0, 0, 0] -- startSafeCheck --> [3, 1, 31, 0, 1, 0, 0, 0])
Transition([3, 1, 31, 0, 1, 0, 0, 0] -- 0.getPos.3.4 --> [3, 1, 31, 0, 33, 0, 0, 0])
Transition([3, 1, 31, 0, 33, 0, 0, 0] -- 1.getPos.6.4 --> [3, 1, 31, 0, 4, 0, 0, 0])
Transition([3, 1, 31, 0, 4, 0, 0, 0] -- checkSafeOk --> [3, 2, 31, 0, 0, 0, 0, 0])
Transition([3, 2, 31, 0, 0, 0, 0, 0] -- startLiveCheck --> [3, 3, 31, 1, 0, 1, 0, 0])
Transition([3, 3, 31, 1, 0, 1, 0, 0] -- 1.getPos.6.4 --> [3, 3, 31, 2, 0, 2, 0, 0])
Transition([3, 3, 31, 2, 0, 2, 0, 0] -- checkLiveDone --> [3, 4, 31, 0, 0, 0, 0, 0])
Transition([20, 4, 12, 0, 0, 0, 0, 0] -- down --> [20, 90, 12, 0, 0, 0, 0, 0])
Transition([20, 90, 12, 0, 0, 0, 0, 0] -- 0.getPos.4.4 --> [20, 142, 12, 0, 0, 0, 0, 0])
Transition([20, 142, 12, 0, 0, 0, 0, 0] -- 0.setPos.5.4 --> [20, 0, 26, 0, 0, 0, 0, 0])
Transition([20, 4, 12, 0, 0, 0, 0, 0] -- left --> [20, 260, 12, 0, 0, 0, 0, 0])
Transition([20, 260, 12, 0, 0, 0, 0, 0] -- 0.getPos.4.4 --> [20, 320, 12, 0, 0, 0, 0, 0])
Transition([20, 320, 12, 0, 0, 0, 0, 0] -- 0.setPos.4.3 --> [20, 0, 15, 0, 0, 0, 0, 0])
Transition([20, 4, 12, 0, 0, 0, 0, 0] -- right --> [20, 175, 12, 0, 0, 0, 0, 0])
Transition([20, 175, 12, 0, 0, 0, 0, 0] -- 0.getPos.4.4 --> [20, 233, 12, 0, 0, 0, 0, 0])
Transition([20, 233, 12, 0, 0, 0, 0, 0] -- 0.setPos.4.5 --> [20, 0, 10, 0, 0, 0, 0, 0])
Transition([20, 0, 10, 0, 0, 0, 0, 0] -- startSafeCheck --> [20, 1, 10, 0, 1, 0, 0, 0])
Transition([20, 1, 10, 0, 1, 0, 0, 0] -- 0.getPos.4.5 --> [20, 1, 10, 0, 6, 0, 0, 0])
Transition([20, 1, 10, 0, 6, 0, 0, 0] -- 1.getPos.5.5 --> [20, 1, 10, 0, 4, 0, 0, 0])
Transition([20, 1, 10, 0, 4, 0, 0, 0] -- checkSafeOk --> [20, 2, 10, 0, 0, 0, 0, 0])
Transition([20, 2, 10, 0, 0, 0, 0, 0] -- startLiveCheck --> [20, 3, 10, 1, 0, 1, 0, 0])
Transition([20, 3, 10, 1, 0, 1, 0, 0] -- 1.getPos.5.5 --> [20, 3, 10, 2, 0, 2, 0, 0])
Transition([20, 3, 10, 2, 0, 2, 0, 0] -- checkLiveDone --> [20, 4, 10, 0, 0, 0, 0, 0])
Transition([20, 4, 12, 0, 0, 0, 0, 0] -- up --> [20, 5, 12, 0, 0, 0, 0, 0])
Transition([20, 5, 12, 0, 0, 0, 0, 0] -- 0.getPos.4.4 --> [20, 57, 12, 0, 0, 0, 0, 0])
Transition([20, 57, 12, 0, 0, 0, 0, 0] -- 0.setPos.3.4 --> [20, 0, 31, 0, 0, 0, 0, 0])
Transition([20, 0, 31, 0, 0, 0, 0, 0] -- startSafeCheck --> [20, 1, 31, 0, 1, 0, 0, 0])
Transition([20, 1, 31, 0, 1, 0, 0, 0] -- 0.getPos.3.4 --> [20, 1, 31, 0, 33, 0, 0, 0])
Transition([20, 1, 31, 0, 33, 0, 0, 0] -- 1.getPos.5.5 --> [20, 1, 31, 0, 4, 0, 0, 0])
Transition([20, 1, 31, 0, 4, 0, 0, 0] -- checkSafeOk --> [20, 2, 31, 0, 0, 0, 0, 0])
Transition([20, 2, 31, 0, 0, 0, 0, 0] -- startLiveCheck --> [20, 3, 31, 1, 0, 1, 0, 0])
Transition([20, 3, 31, 1, 0, 1, 0, 0] -- 1.getPos.5.5 --> [20, 3, 31, 2, 0, 2, 0, 0])
Transition([20, 3, 31, 2, 0, 2, 0, 0] -- checkLiveDone --> [20, 4, 31, 0, 0, 0, 0, 0])
Transition([3, 4, 28, 0, 0, 0, 0, 0] -- right --> [3, 175, 28, 0, 0, 0, 0, 0])
Transition([3, 175, 28, 0, 0, 0, 0, 0] -- 0.getPos.5.3 --> [3, 207, 28, 0, 0, 0, 0, 0])
Transition([3, 207, 28, 0, 0, 0, 0, 0] -- 0.setPos.5.4 --> [3, 0, 26, 0, 0, 0, 0, 0])
Transition([3, 4, 28, 0, 0, 0, 0, 0] -- up --> [3, 5, 28, 0, 0, 0, 0, 0])
Transition([3, 5, 28, 0, 0, 0, 0, 0] -- 0.getPos.5.3 --> [3, 33, 28, 0, 0, 0, 0, 0])
Transition([3, 33, 28, 0, 0, 0, 0, 0] -- 0.setPos.4.3 --> [3, 0, 15, 0, 0, 0, 0, 0])
Transition([19, 4, 20, 0, 0, 0, 0, 0] -- down --> [19, 90, 20, 0, 0, 0, 0, 0])
Transition([19, 90, 20, 0, 0, 0, 0, 0] -- 0.getPos.5.5 --> [19, 118, 20, 0, 0, 0, 0, 0])
Transition([19, 118, 20, 0, 0, 0, 0, 0] -- 0.setPos.6.5 --> [19, 0, 2, 0, 0, 0, 0, 0])
Transition([19, 0, 2, 0, 0, 0, 0, 0] -- startSafeCheck --> [19, 1, 2, 0, 1, 0, 0, 0])
Transition([19, 1, 2, 0, 1, 0, 0, 0] -- 0.getPos.6.5 --> [19, 1, 2, 0, 10, 0, 0, 0])
Transition([19, 1, 2, 0, 10, 0, 0, 0] -- 1.getPos.5.6 --> [19, 1, 2, 0, 4, 0, 0, 0])
Transition([19, 1, 2, 0, 4, 0, 0, 0] -- checkSafeOk --> [19, 2, 2, 0, 0, 0, 0, 0])
Transition([19, 2, 2, 0, 0, 0, 0, 0] -- startLiveCheck --> [19, 3, 2, 1, 0, 1, 0, 0])
Transition([19, 3, 2, 1, 0, 1, 0, 0] -- 1.getPos.5.6 --> [19, 3, 2, 2, 0, 2, 0, 0])
Transition([19, 3, 2, 2, 0, 2, 0, 0] -- checkLiveDone --> [19, 4, 2, 0, 0, 0, 0, 0])
Transition([19, 4, 20, 0, 0, 0, 0, 0] -- left --> [19, 260, 20, 0, 0, 0, 0, 0])
Transition([19, 260, 20, 0, 0, 0, 0, 0] -- 0.getPos.5.5 --> [19, 298, 20, 0, 0, 0, 0, 0])
Transition([19, 298, 20, 0, 0, 0, 0, 0] -- 0.setPos.5.4 --> [19, 0, 26, 0, 0, 0, 0, 0])
Transition([19, 0, 26, 0, 0, 0, 0, 0] -- startSafeCheck --> [19, 1, 26, 0, 1, 0, 0, 0])
Transition([19, 1, 26, 0, 1, 0, 0, 0] -- 0.getPos.5.4 --> [19, 1, 26, 0, 22, 0, 0, 0])
Transition([19, 1, 26, 0, 22, 0, 0, 0] -- 1.getPos.5.6 --> [19, 1, 26, 0, 4, 0, 0, 0])
Transition([19, 1, 26, 0, 4, 0, 0, 0] -- checkSafeOk --> [19, 2, 26, 0, 0, 0, 0, 0])
Transition([19, 2, 26, 0, 0, 0, 0, 0] -- startLiveCheck --> [19, 3, 26, 1, 0, 1, 0, 0])
Transition([19, 3, 26, 1, 0, 1, 0, 0] -- 1.getPos.5.6 --> [19, 3, 26, 2, 0, 2, 0, 0])
Transition([19, 3, 26, 2, 0, 2, 0, 0] -- checkLiveDone --> [19, 4, 26, 0, 0, 0, 0, 0])
Transition([19, 4, 20, 0, 0, 0, 0, 0] -- right --> [19, 175, 20, 0, 0, 0, 0, 0])
Transition([19, 175, 20, 0, 0, 0, 0, 0] -- 0.getPos.5.5 --> [19, 211, 20, 0, 0, 0, 0, 0])
Transition([19, 211, 20, 0, 0, 0, 0, 0] -- 0.setPos.5.6 --> [19, 0, 19, 0, 0, 0, 0, 0])
Transition([19, 0, 19, 0, 0, 0, 0, 0] -- startSafeCheck --> [19, 1, 19, 0, 1, 0, 0, 0])
Transition([19, 1, 19, 0, 1, 0, 0, 0] -- 0.getPos.5.6 --> [19, 1, 19, 0, 26, 0, 0, 0])
Transition([19, 1, 19, 0, 26, 0, 0, 0] -- 1.getPos.5.6 --> [19, 1, 19, 0, 3, 0, 0, 0])
Transition([19, 4, 20, 0, 0, 0, 0, 0] -- up --> [19, 5, 20, 0, 0, 0, 0, 0])
Transition([19, 5, 20, 0, 0, 0, 0, 0] -- 0.getPos.5.5 --> [19, 39, 20, 0, 0, 0, 0, 0])
Transition([19, 39, 20, 0, 0, 0, 0, 0] -- 0.setPos.4.5 --> [19, 0, 10, 0, 0, 0, 0, 0])
Transition([19, 0, 10, 0, 0, 0, 0, 0] -- startSafeCheck --> [19, 1, 10, 0, 1, 0, 0, 0])
Transition([19, 1, 10, 0, 1, 0, 0, 0] -- 0.getPos.4.5 --> [19, 1, 10, 0, 6, 0, 0, 0])
Transition([19, 1, 10, 0, 6, 0, 0, 0] -- 1.getPos.5.6 --> [19, 1, 10, 0, 4, 0, 0, 0])
Transition([19, 1, 10, 0, 4, 0, 0, 0] -- checkSafeOk --> [19, 2, 10, 0, 0, 0, 0, 0])
Transition([19, 2, 10, 0, 0, 0, 0, 0] -- startLiveCheck --> [19, 3, 10, 1, 0, 1, 0, 0])
Transition([19, 3, 10, 1, 0, 1, 0, 0] -- 1.getPos.5.6 --> [19, 3, 10, 2, 0, 2, 0, 0])
Transition([19, 3, 10, 2, 0, 2, 0, 0] -- checkLiveDone --> [19, 4, 10, 0, 0, 0, 0, 0])
Transition([0, 4, 2, 0, 0, 0, 0, 0] -- down --> [0, 90, 2, 0, 0, 0, 0, 0])
Transition([0, 90, 2, 0, 0, 0, 0, 0] -- 0.getPos.6.5 --> [0, 97, 2, 0, 0, 0, 0, 0])
Transition([0, 4, 19, 0, 0, 0, 0, 0] -- down --> [0, 90, 19, 0, 0, 0, 0, 0])
Transition([0, 90, 19, 0, 0, 0, 0, 0] -- 0.getPos.5.6 --> [0, 117, 19, 0, 0, 0, 0, 0])
Transition([0, 117, 19, 0, 0, 0, 0, 0] -- 0.setPos.6.6 --> [0, 0, 1, 0, 0, 0, 0, 0])
Transition([0, 0, 1, 0, 0, 0, 0, 0] -- startSafeCheck --> [0, 1, 1, 0, 1, 0, 0, 0])
Transition([0, 1, 1, 0, 1, 0, 0, 0] -- 0.getPos.6.6 --> [0, 1, 1, 0, 2, 0, 0, 0])
Transition([0, 1, 1, 0, 2, 0, 0, 0] -- 1.getPos.5.4 --> [0, 1, 1, 0, 4, 0, 0, 0])
Transition([0, 1, 1, 0, 4, 0, 0, 0] -- checkSafeOk --> [0, 2, 1, 0, 0, 0, 0, 0])
Transition([0, 2, 1, 0, 0, 0, 0, 0] -- startLiveCheck --> [0, 3, 1, 1, 0, 1, 0, 0])
Transition([0, 3, 1, 1, 0, 1, 0, 0] -- 1.getPos.5.4 --> [0, 3, 1, 2, 0, 2, 0, 0])
Transition([0, 3, 1, 2, 0, 2, 0, 0] -- checkLiveDone --> [0, 4, 1, 0, 0, 0, 0, 0])
Transition([0, 4, 2, 0, 0, 0, 0, 0] -- left --> [0, 260, 2, 0, 0, 0, 0, 0])
Transition([0, 260, 2, 0, 0, 0, 0, 0] -- 0.getPos.6.5 --> [0, 271, 2, 0, 0, 0, 0, 0])
Transition([0, 271, 2, 0, 0, 0, 0, 0] -- 0.setPos.6.4 --> [0, 0, 3, 0, 0, 0, 0, 0])
Transition([0, 0, 3, 0, 0, 0, 0, 0] -- startSafeCheck --> [0, 1, 3, 0, 1, 0, 0, 0])
Transition([0, 1, 3, 0, 1, 0, 0, 0] -- 0.getPos.6.4 --> [0, 1, 3, 0, 11, 0, 0, 0])
Transition([0, 1, 3, 0, 11, 0, 0, 0] -- 1.getPos.5.4 --> [0, 1, 3, 0, 4, 0, 0, 0])
Transition([0, 1, 3, 0, 4, 0, 0, 0] -- checkSafeOk --> [0, 2, 3, 0, 0, 0, 0, 0])
Transition([0, 2, 3, 0, 0, 0, 0, 0] -- startLiveCheck --> [0, 3, 3, 1, 0, 1, 0, 0])
Transition([0, 3, 3, 1, 0, 1, 0, 0] -- 1.getPos.5.4 --> [0, 3, 3, 2, 0, 2, 0, 0])
Transition([0, 3, 3, 2, 0, 2, 0, 0] -- checkLiveDone --> [0, 4, 3, 0, 0, 0, 0, 0])
Transition([0, 4, 19, 0, 0, 0, 0, 0] -- left --> [0, 260, 19, 0, 0, 0, 0, 0])
Transition([0, 260, 19, 0, 0, 0, 0, 0] -- 0.getPos.5.6 --> [0, 295, 19, 0, 0, 0, 0, 0])
Transition([0, 295, 19, 0, 0, 0, 0, 0] -- 0.setPos.5.5 --> [0, 0, 20, 0, 0, 0, 0, 0])
Transition([0, 4, 2, 0, 0, 0, 0, 0] -- right --> [0, 175, 2, 0, 0, 0, 0, 0])
Transition([0, 175, 2, 0, 0, 0, 0, 0] -- 0.getPos.6.5 --> [0, 184, 2, 0, 0, 0, 0, 0])
Transition([0, 184, 2, 0, 0, 0, 0, 0] -- 0.setPos.6.6 --> [0, 0, 1, 0, 0, 0, 0, 0])
Transition([0, 4, 19, 0, 0, 0, 0, 0] -- right --> [0, 175, 19, 0, 0, 0, 0, 0])
Transition([0, 175, 19, 0, 0, 0, 0, 0] -- 0.getPos.5.6 --> [0, 210, 19, 0, 0, 0, 0, 0])
Transition([0, 4, 2, 0, 0, 0, 0, 0] -- up --> [0, 5, 2, 0, 0, 0, 0, 0])
Transition([0, 5, 2, 0, 0, 0, 0, 0] -- 0.getPos.6.5 --> [0, 16, 2, 0, 0, 0, 0, 0])
Transition([0, 16, 2, 0, 0, 0, 0, 0] -- 0.setPos.5.5 --> [0, 0, 20, 0, 0, 0, 0, 0])
Transition([0, 4, 19, 0, 0, 0, 0, 0] -- up --> [0, 5, 19, 0, 0, 0, 0, 0])
Transition([0, 5, 19, 0, 0, 0, 0, 0] -- 0.getPos.5.6 --> [0, 36, 19, 0, 0, 0, 0, 0])
Transition([0, 36, 19, 0, 0, 0, 0, 0] -- 0.setPos.4.6 --> [0, 0, 4, 0, 0, 0, 0, 0])
Transition([20, 4, 31, 0, 0, 0, 0, 0] -- down --> [20, 90, 31, 0, 0, 0, 0, 0])
Transition([20, 90, 31, 0, 0, 0, 0, 0] -- 0.getPos.3.4 --> [20, 169, 31, 0, 0, 0, 0, 0])
Transition([20, 169, 31, 0, 0, 0, 0, 0] -- 0.setPos.4.4 --> [20, 0, 12, 0, 0, 0, 0, 0])
Transition([20, 4, 2, 0, 0, 0, 0, 0] -- down --> [20, 90, 2, 0, 0, 0, 0, 0])
Transition([20, 90, 2, 0, 0, 0, 0, 0] -- 0.getPos.6.5 --> [20, 97, 2, 0, 0, 0, 0, 0])
Transition([3, 4, 2, 0, 0, 0, 0, 0] -- down --> [3, 90, 2, 0, 0, 0, 0, 0])
Transition([3, 90, 2, 0, 0, 0, 0, 0] -- 0.getPos.6.5 --> [3, 97, 2, 0, 0, 0, 0, 0])
Transition([20, 4, 31, 0, 0, 0, 0, 0] -- left --> [20, 260, 31, 0, 0, 0, 0, 0])
Transition([20, 260, 31, 0, 0, 0, 0, 0] -- 0.getPos.3.4 --> [20, 339, 31, 0, 0, 0, 0, 0])
Transition([20, 339, 31, 0, 0, 0, 0, 0] -- 0.setPos.3.3 --> [20, 0, 34, 0, 0, 0, 1, 0])
Transition([20, 0, 34, 0, 0, 0, 1, 0] -- illegalPosition --> [20, 0, 34, 0, 0, 0, 1, 0])
Transition([20, 4, 2, 0, 0, 0, 0, 0] -- left --> [20, 260, 2, 0, 0, 0, 0, 0])
Transition([20, 260, 2, 0, 0, 0, 0, 0] -- 0.getPos.6.5 --> [20, 271, 2, 0, 0, 0, 0, 0])
Transition([20, 271, 2, 0, 0, 0, 0, 0] -- 0.setPos.6.4 --> [20, 0, 3, 0, 0, 0, 0, 0])
Transition([3, 4, 2, 0, 0, 0, 0, 0] -- left --> [3, 260, 2, 0, 0, 0, 0, 0])
Transition([3, 260, 2, 0, 0, 0, 0, 0] -- 0.getPos.6.5 --> [3, 271, 2, 0, 0, 0, 0, 0])
Transition([3, 271, 2, 0, 0, 0, 0, 0] -- 0.setPos.6.4 --> [3, 0, 3, 0, 0, 0, 0, 0])
Transition([3, 271, 2, 0, 0, 0, 0, 0] -- 1.getPos.6.4 --> [3, 272, 2, 0, 0, 0, 0, 0])
Transition([20, 4, 31, 0, 0, 0, 0, 0] -- right --> [20, 175, 31, 0, 0, 0, 0, 0])
Transition([20, 175, 31, 0, 0, 0, 0, 0] -- 0.getPos.3.4 --> [20, 254, 31, 0, 0, 0, 0, 0])
Transition([20, 254, 31, 0, 0, 0, 0, 0] -- 0.setPos.3.5 --> [20, 0, 29, 0, 0, 0, 0, 0])
Transition([20, 0, 29, 0, 0, 0, 0, 0] -- startSafeCheck --> [20, 1, 29, 0, 1, 0, 0, 0])
Transition([20, 1, 29, 0, 1, 0, 0, 0] -- 0.getPos.3.5 --> [20, 1, 29, 0, 25, 0, 0, 0])
Transition([20, 1, 29, 0, 25, 0, 0, 0] -- 1.getPos.5.5 --> [20, 1, 29, 0, 4, 0, 0, 0])
Transition([20, 1, 29, 0, 4, 0, 0, 0] -- checkSafeOk --> [20, 2, 29, 0, 0, 0, 0, 0])
Transition([20, 2, 29, 0, 0, 0, 0, 0] -- startLiveCheck --> [20, 3, 29, 1, 0, 1, 0, 0])
Transition([20, 3, 29, 1, 0, 1, 0, 0] -- 1.getPos.5.5 --> [20, 3, 29, 2, 0, 2, 0, 0])
Transition([20, 3, 29, 2, 0, 2, 0, 0] -- checkLiveDone --> [20, 4, 29, 0, 0, 0, 0, 0])
Transition([20, 4, 2, 0, 0, 0, 0, 0] -- right --> [20, 175, 2, 0, 0, 0, 0, 0])
Transition([20, 175, 2, 0, 0, 0, 0, 0] -- 0.getPos.6.5 --> [20, 184, 2, 0, 0, 0, 0, 0])
Transition([20, 184, 2, 0, 0, 0, 0, 0] -- 0.setPos.6.6 --> [20, 0, 1, 0, 0, 0, 0, 0])
Transition([20, 0, 1, 0, 0, 0, 0, 0] -- startSafeCheck --> [20, 1, 1, 0, 1, 0, 0, 0])
Transition([20, 1, 1, 0, 1, 0, 0, 0] -- 0.getPos.6.6 --> [20, 1, 1, 0, 2, 0, 0, 0])
Transition([20, 1, 1, 0, 2, 0, 0, 0] -- 1.getPos.5.5 --> [20, 1, 1, 0, 4, 0, 0, 0])
Transition([20, 1, 1, 0, 4, 0, 0, 0] -- checkSafeOk --> [20, 2, 1, 0, 0, 0, 0, 0])
Transition([20, 2, 1, 0, 0, 0, 0, 0] -- startLiveCheck --> [20, 3, 1, 1, 0, 1, 0, 0])
Transition([20, 3, 1, 1, 0, 1, 0, 0] -- 1.getPos.5.5 --> [20, 3, 1, 2, 0, 2, 0, 0])
Transition([20, 3, 1, 2, 0, 2, 0, 0] -- checkLiveDone --> [20, 4, 1, 0, 0, 0, 0, 0])
Transition([20, 4, 2, 0, 0, 0, 0, 0] -- up --> [20, 5, 2, 0, 0, 0, 0, 0])
Transition([20, 5, 2, 0, 0, 0, 0, 0] -- 0.getPos.6.5 --> [20, 16, 2, 0, 0, 0, 0, 0])
Transition([20, 16, 2, 0, 0, 0, 0, 0] -- 0.setPos.5.5 --> [20, 0, 20, 0, 0, 0, 0, 0])
Transition([20, 16, 2, 0, 0, 0, 0, 0] -- 1.getPos.5.5 --> [20, 17, 2, 0, 0, 0, 0, 0])
Transition([20, 17, 2, 0, 0, 0, 0, 0] -- 1.setPos.4.5 --> [10, 18, 2, 0, 0, 0, 0, 0])
Transition([10, 18, 2, 0, 0, 0, 0, 0] -- 0.setPos.5.5 --> [10, 0, 20, 0, 0, 0, 0, 0])
Transition([10, 0, 20, 0, 0, 0, 0, 0] -- startSafeCheck --> [10, 1, 20, 0, 1, 0, 0, 0])
Transition([10, 1, 20, 0, 1, 0, 0, 0] -- 0.getPos.5.5 --> [10, 1, 20, 0, 27, 0, 0, 0])
Transition([10, 1, 20, 0, 27, 0, 0, 0] -- 1.getPos.4.5 --> [10, 1, 20, 0, 4, 0, 0, 0])
Transition([10, 1, 20, 0, 4, 0, 0, 0] -- checkSafeOk --> [10, 2, 20, 0, 0, 0, 0, 0])
Transition([10, 2, 20, 0, 0, 0, 0, 0] -- startLiveCheck --> [10, 3, 20, 1, 0, 1, 0, 0])
Transition([10, 3, 20, 1, 0, 1, 0, 0] -- 1.getPos.4.5 --> [10, 3, 20, 3, 0, 3, 0, 0])
Transition([10, 3, 20, 3, 0, 3, 0, 0] -- win --> [10, 3, 20, 3, 0, 3, 0, 1])
Transition([10, 3, 20, 3, 0, 3, 0, 1] -- win --> [10, 3, 20, 3, 0, 3, 0, 1])
