Transition([0, 0, 0, 0, 0, 0, 0, 0] -- startSafeCheck --> [0, 1, 0, 0, 1, 0, 0, 0])
Transition([0, 1, 0, 0, 1, 0, 0, 0] -- 0.getPos.1.1 --> [0, 1, 0, 0, 19, 0, 0, 0])
Transition([0, 1, 0, 0, 19, 0, 0, 0] -- 1.getPos.2.3 --> [0, 1, 0, 0, 3, 0, 0, 0])
Transition([0, 1, 0, 0, 3, 0, 0, 0] -- checkSafeOk --> [0, 2, 0, 0, 0, 0, 0, 0])
Transition([0, 2, 0, 0, 0, 0, 0, 0] -- startLiveCheck --> [0, 3, 0, 1, 0, 1, 0, 0])
Transition([0, 3, 0, 1, 0, 1, 0, 0] -- 1.getPos.2.3 --> [0, 3, 0, 2, 0, 2, 0, 0])
Transition([0, 3, 0, 2, 0, 2, 0, 0] -- checkLiveDone --> [0, 4, 0, 0, 0, 0, 0, 0])
Transition([0, 4, 0, 0, 0, 0, 0, 0] -- down --> [0, 104, 0, 0, 0, 0, 0, 0])
Transition([0, 4, 0, 0, 0, 0, 0, 0] -- left --> [0, 38, 0, 0, 0, 0, 0, 0])
Transition([0, 4, 0, 0, 0, 0, 0, 0] -- right --> [0, 5, 0, 0, 0, 0, 0, 0])
Transition([0, 4, 0, 0, 0, 0, 0, 0] -- up --> [0, 71, 0, 0, 0, 0, 0, 0])
Transition([0, 38, 0, 0, 0, 0, 0, 0] -- 0.getPos.1.1 --> [0, 70, 0, 0, 0, 0, 0, 0])
Transition([0, 71, 0, 0, 0, 0, 0, 0] -- 0.getPos.1.1 --> [0, 103, 0, 0, 0, 0, 0, 0])
Transition([0, 5, 0, 0, 0, 0, 0, 0] -- 0.getPos.1.1 --> [0, 35, 0, 0, 0, 0, 0, 0])
Transition([0, 104, 0, 0, 0, 0, 0, 0] -- 0.getPos.1.1 --> [0, 134, 0, 0, 0, 0, 0, 0])
Transition([0, 35, 0, 0, 0, 0, 0, 0] -- 0.setPos.1.2 --> [0, 0, 9, 0, 0, 0, 0, 0])
Transition([0, 134, 0, 0, 0, 0, 0, 0] -- 0.setPos.2.1 --> [0, 0, 8, 0, 0, 0, 0, 0])
Transition([0, 0, 9, 0, 0, 0, 0, 0] -- startSafeCheck --> [0, 1, 9, 0, 1, 0, 0, 0])
Transition([0, 0, 8, 0, 0, 0, 0, 0] -- startSafeCheck --> [0, 1, 8, 0, 1, 0, 0, 0])
Transition([0, 1, 9, 0, 1, 0, 0, 0] -- 0.getPos.1.2 --> [0, 1, 9, 0, 18, 0, 0, 0])
Transition([0, 1, 8, 0, 1, 0, 0, 0] -- 0.getPos.2.1 --> [0, 1, 8, 0, 17, 0, 0, 0])
Transition([0, 1, 9, 0, 18, 0, 0, 0] -- 1.getPos.2.3 --> [0, 1, 9, 0, 3, 0, 0, 0])
Transition([0, 1, 8, 0, 17, 0, 0, 0] -- 1.getPos.2.3 --> [0, 1, 8, 0, 3, 0, 0, 0])
Transition([0, 1, 9, 0, 3, 0, 0, 0] -- checkSafeOk --> [0, 2, 9, 0, 0, 0, 0, 0])
Transition([0, 1, 8, 0, 3, 0, 0, 0] -- checkSafeOk --> [0, 2, 8, 0, 0, 0, 0, 0])
Transition([0, 2, 9, 0, 0, 0, 0, 0] -- startLiveCheck --> [0, 3, 9, 1, 0, 1, 0, 0])
Transition([0, 2, 8, 0, 0, 0, 0, 0] -- startLiveCheck --> [0, 3, 8, 1, 0, 1, 0, 0])
Transition([0, 3, 9, 1, 0, 1, 0, 0] -- 1.getPos.2.3 --> [0, 3, 9, 2, 0, 2, 0, 0])
Transition([0, 3, 8, 1, 0, 1, 0, 0] -- 1.getPos.2.3 --> [0, 3, 8, 2, 0, 2, 0, 0])
Transition([0, 3, 9, 2, 0, 2, 0, 0] -- checkLiveDone --> [0, 4, 9, 0, 0, 0, 0, 0])
Transition([0, 3, 8, 2, 0, 2, 0, 0] -- checkLiveDone --> [0, 4, 8, 0, 0, 0, 0, 0])
Transition([0, 4, 9, 0, 0, 0, 0, 0] -- down --> [0, 104, 9, 0, 0, 0, 0, 0])
Transition([0, 4, 8, 0, 0, 0, 0, 0] -- down --> [0, 104, 8, 0, 0, 0, 0, 0])
Transition([0, 4, 9, 0, 0, 0, 0, 0] -- left --> [0, 38, 9, 0, 0, 0, 0, 0])
Transition([0, 4, 8, 0, 0, 0, 0, 0] -- left --> [0, 38, 8, 0, 0, 0, 0, 0])
Transition([0, 4, 9, 0, 0, 0, 0, 0] -- right --> [0, 5, 9, 0, 0, 0, 0, 0])
Transition([0, 4, 8, 0, 0, 0, 0, 0] -- right --> [0, 5, 8, 0, 0, 0, 0, 0])
Transition([0, 4, 9, 0, 0, 0, 0, 0] -- up --> [0, 71, 9, 0, 0, 0, 0, 0])
Transition([0, 4, 8, 0, 0, 0, 0, 0] -- up --> [0, 71, 8, 0, 0, 0, 0, 0])
Transition([0, 71, 9, 0, 0, 0, 0, 0] -- 0.getPos.1.2 --> [0, 102, 9, 0, 0, 0, 0, 0])
Transition([0, 71, 8, 0, 0, 0, 0, 0] -- 0.getPos.2.1 --> [0, 87, 8, 0, 0, 0, 0, 0])
Transition([0, 5, 8, 0, 0, 0, 0, 0] -- 0.getPos.2.1 --> [0, 19, 8, 0, 0, 0, 0, 0])
Transition([0, 38, 9, 0, 0, 0, 0, 0] -- 0.getPos.1.2 --> [0, 69, 9, 0, 0, 0, 0, 0])
Transition([0, 104, 9, 0, 0, 0, 0, 0] -- 0.getPos.1.2 --> [0, 131, 9, 0, 0, 0, 0, 0])
Transition([0, 38, 8, 0, 0, 0, 0, 0] -- 0.getPos.2.1 --> [0, 54, 8, 0, 0, 0, 0, 0])
Transition([0, 104, 8, 0, 0, 0, 0, 0] -- 0.getPos.2.1 --> [0, 118, 8, 0, 0, 0, 0, 0])
Transition([0, 5, 9, 0, 0, 0, 0, 0] -- 0.getPos.1.2 --> [0, 32, 9, 0, 0, 0, 0, 0])
Transition([0, 118, 8, 0, 0, 0, 0, 0] -- 0.setPos.3.1 --> [0, 0, 5, 0, 0, 0, 0, 0])
Transition([0, 32, 9, 0, 0, 0, 0, 0] -- 0.setPos.1.3 --> [0, 0, 7, 0, 0, 0, 0, 0])
Transition([0, 69, 9, 0, 0, 0, 0, 0] -- 0.setPos.1.1 --> [0, 0, 0, 0, 0, 0, 0, 0])
Transition([0, 87, 8, 0, 0, 0, 0, 0] -- 0.setPos.1.1 --> [0, 0, 0, 0, 0, 0, 0, 0])
Transition([0, 19, 8, 0, 0, 0, 0, 0] -- 0.setPos.2.2 --> [0, 0, 6, 0, 0, 0, 1, 0])
Transition([0, 131, 9, 0, 0, 0, 0, 0] -- 0.setPos.2.2 --> [0, 0, 6, 0, 0, 0, 1, 0])
Transition([0, 0, 6, 0, 0, 0, 1, 0] -- illegalPosition --> [0, 0, 6, 0, 0, 0, 1, 0])
Transition([0, 0, 5, 0, 0, 0, 0, 0] -- startSafeCheck --> [0, 1, 5, 0, 1, 0, 0, 0])
Transition([0, 0, 7, 0, 0, 0, 0, 0] -- startSafeCheck --> [0, 1, 7, 0, 1, 0, 0, 0])
Transition([0, 1, 5, 0, 1, 0, 0, 0] -- 0.getPos.3.1 --> [0, 1, 5, 0, 9, 0, 0, 0])
Transition([0, 1, 7, 0, 1, 0, 0, 0] -- 0.getPos.1.3 --> [0, 1, 7, 0, 11, 0, 0, 0])
Transition([0, 1, 5, 0, 9, 0, 0, 0] -- 1.getPos.2.3 --> [0, 1, 5, 0, 3, 0, 0, 0])
Transition([0, 1, 7, 0, 11, 0, 0, 0] -- 1.getPos.2.3 --> [0, 1, 7, 0, 3, 0, 0, 0])
Transition([0, 1, 5, 0, 3, 0, 0, 0] -- checkSafeOk --> [0, 2, 5, 0, 0, 0, 0, 0])
Transition([0, 1, 7, 0, 3, 0, 0, 0] -- checkSafeOk --> [0, 2, 7, 0, 0, 0, 0, 0])
Transition([0, 2, 5, 0, 0, 0, 0, 0] -- startLiveCheck --> [0, 3, 5, 1, 0, 1, 0, 0])
Transition([0, 2, 7, 0, 0, 0, 0, 0] -- startLiveCheck --> [0, 3, 7, 1, 0, 1, 0, 0])
Transition([0, 3, 5, 1, 0, 1, 0, 0] -- 1.getPos.2.3 --> [0, 3, 5, 2, 0, 2, 0, 0])
Transition([0, 3, 7, 1, 0, 1, 0, 0] -- 1.getPos.2.3 --> [0, 3, 7, 2, 0, 2, 0, 0])
Transition([0, 3, 5, 2, 0, 2, 0, 0] -- checkLiveDone --> [0, 4, 5, 0, 0, 0, 0, 0])
Transition([0, 3, 7, 2, 0, 2, 0, 0] -- checkLiveDone --> [0, 4, 7, 0, 0, 0, 0, 0])
Transition([0, 4, 5, 0, 0, 0, 0, 0] -- down --> [0, 104, 5, 0, 0, 0, 0, 0])
Transition([0, 4, 7, 0, 0, 0, 0, 0] -- down --> [0, 104, 7, 0, 0, 0, 0, 0])
Transition([0, 4, 5, 0, 0, 0, 0, 0] -- left --> [0, 38, 5, 0, 0, 0, 0, 0])
Transition([0, 4, 7, 0, 0, 0, 0, 0] -- left --> [0, 38, 7, 0, 0, 0, 0, 0])
Transition([0, 4, 5, 0, 0, 0, 0, 0] -- right --> [0, 5, 5, 0, 0, 0, 0, 0])
Transition([0, 4, 7, 0, 0, 0, 0, 0] -- right --> [0, 5, 7, 0, 0, 0, 0, 0])
Transition([0, 4, 5, 0, 0, 0, 0, 0] -- up --> [0, 71, 5, 0, 0, 0, 0, 0])
Transition([0, 4, 7, 0, 0, 0, 0, 0] -- up --> [0, 71, 7, 0, 0, 0, 0, 0])
Transition([0, 71, 5, 0, 0, 0, 0, 0] -- 0.getPos.3.1 --> [0, 92, 5, 0, 0, 0, 0, 0])
Transition([0, 71, 7, 0, 0, 0, 0, 0] -- 0.getPos.1.3 --> [0, 95, 7, 0, 0, 0, 0, 0])
Transition([0, 38, 5, 0, 0, 0, 0, 0] -- 0.getPos.3.1 --> [0, 59, 5, 0, 0, 0, 0, 0])
Transition([0, 5, 7, 0, 0, 0, 0, 0] -- 0.getPos.1.3 --> [0, 29, 7, 0, 0, 0, 0, 0])
Transition([0, 5, 5, 0, 0, 0, 0, 0] -- 0.getPos.3.1 --> [0, 26, 5, 0, 0, 0, 0, 0])
Transition([0, 104, 5, 0, 0, 0, 0, 0] -- 0.getPos.3.1 --> [0, 125, 5, 0, 0, 0, 0, 0])
Transition([0, 38, 7, 0, 0, 0, 0, 0] -- 0.getPos.1.3 --> [0, 60, 7, 0, 0, 0, 0, 0])
Transition([0, 104, 7, 0, 0, 0, 0, 0] -- 0.getPos.1.3 --> [0, 126, 7, 0, 0, 0, 0, 0])
Transition([0, 60, 7, 0, 0, 0, 0, 0] -- 0.setPos.1.2 --> [0, 0, 9, 0, 0, 0, 0, 0])
Transition([0, 126, 7, 0, 0, 0, 0, 0] -- 1.getPos.2.3 --> [0, 127, 7, 0, 0, 0, 0, 0])
Transition([0, 29, 7, 0, 0, 0, 0, 0] -- 0.setPos.1.4 --> [0, 0, 4, 0, 0, 0, 0, 0])
Transition([0, 126, 7, 0, 0, 0, 0, 0] -- 0.setPos.2.3 --> [0, 0, 3, 0, 0, 0, 0, 0])
Transition([0, 26, 5, 0, 0, 0, 0, 0] -- 0.setPos.3.2 --> [0, 0, 2, 0, 0, 0, 0, 0])
Transition([0, 92, 5, 0, 0, 0, 0, 0] -- 0.setPos.2.1 --> [0, 0, 8, 0, 0, 0, 0, 0])
Transition([0, 125, 5, 0, 0, 0, 0, 0] -- 0.setPos.4.1 --> [0, 0, 1, 0, 0, 0, 0, 0])
Transition([0, 127, 7, 0, 0, 0, 0, 0] -- 1.setPos.3.3 --> [14, 128, 7, 0, 0, 0, 0, 0])
Transition([0, 0, 1, 0, 0, 0, 0, 0] -- startSafeCheck --> [0, 1, 1, 0, 1, 0, 0, 0])
Transition([0, 0, 3, 0, 0, 0, 0, 0] -- startSafeCheck --> [0, 1, 3, 0, 1, 0, 0, 0])
Transition([0, 0, 4, 0, 0, 0, 0, 0] -- startSafeCheck --> [0, 1, 4, 0, 1, 0, 0, 0])
Transition([0, 0, 2, 0, 0, 0, 0, 0] -- startSafeCheck --> [0, 1, 2, 0, 1, 0, 0, 0])
Transition([0, 1, 4, 0, 1, 0, 0, 0] -- 0.getPos.1.4 --> [0, 1, 4, 0, 8, 0, 0, 0])
Transition([0, 1, 2, 0, 1, 0, 0, 0] -- 0.getPos.3.2 --> [0, 1, 2, 0, 6, 0, 0, 0])
Transition([0, 1, 1, 0, 1, 0, 0, 0] -- 0.getPos.4.1 --> [0, 1, 1, 0, 5, 0, 0, 0])
Transition([14, 128, 7, 0, 0, 0, 0, 0] -- 0.setPos.2.3 --> [14, 0, 3, 0, 0, 0, 0, 0])
Transition([0, 1, 3, 0, 1, 0, 0, 0] -- 0.getPos.2.3 --> [0, 1, 3, 0, 7, 0, 0, 0])
Transition([14, 0, 3, 0, 0, 0, 0, 0] -- startSafeCheck --> [14, 1, 3, 0, 1, 0, 0, 0])
Transition([0, 1, 3, 0, 7, 0, 0, 0] -- 1.getPos.2.3 --> [0, 1, 3, 0, 4, 0, 0, 0])
Transition([0, 1, 2, 0, 6, 0, 0, 0] -- 1.getPos.2.3 --> [0, 1, 2, 0, 3, 0, 0, 0])
Transition([0, 1, 4, 0, 8, 0, 0, 0] -- 1.getPos.2.3 --> [0, 1, 4, 0, 3, 0, 0, 0])
Transition([0, 1, 1, 0, 5, 0, 0, 0] -- 1.getPos.2.3 --> [0, 1, 1, 0, 3, 0, 0, 0])
Transition([0, 1, 4, 0, 3, 0, 0, 0] -- checkSafeOk --> [0, 2, 4, 0, 0, 0, 0, 0])
Transition([0, 1, 1, 0, 3, 0, 0, 0] -- checkSafeOk --> [0, 2, 1, 0, 0, 0, 0, 0])
Transition([14, 1, 3, 0, 1, 0, 0, 0] -- 0.getPos.2.3 --> [14, 1, 3, 0, 7, 0, 0, 0])
Transition([0, 1, 2, 0, 3, 0, 0, 0] -- checkSafeOk --> [0, 2, 2, 0, 0, 0, 0, 0])
Transition([14, 1, 3, 0, 7, 0, 0, 0] -- 1.getPos.3.3 --> [14, 1, 3, 0, 3, 0, 0, 0])
Transition([0, 2, 2, 0, 0, 0, 0, 0] -- startLiveCheck --> [0, 3, 2, 1, 0, 1, 0, 0])
Transition([0, 2, 4, 0, 0, 0, 0, 0] -- startLiveCheck --> [0, 3, 4, 1, 0, 1, 0, 0])
Transition([0, 2, 1, 0, 0, 0, 0, 0] -- startLiveCheck --> [0, 3, 1, 1, 0, 1, 0, 0])
Transition([0, 3, 4, 1, 0, 1, 0, 0] -- 1.getPos.2.3 --> [0, 3, 4, 2, 0, 2, 0, 0])
Transition([0, 3, 1, 1, 0, 1, 0, 0] -- 1.getPos.2.3 --> [0, 3, 1, 2, 0, 2, 0, 0])
Transition([14, 1, 3, 0, 3, 0, 0, 0] -- checkSafeOk --> [14, 2, 3, 0, 0, 0, 0, 0])
Transition([0, 3, 2, 1, 0, 1, 0, 0] -- 1.getPos.2.3 --> [0, 3, 2, 2, 0, 2, 0, 0])
Transition([14, 2, 3, 0, 0, 0, 0, 0] -- startLiveCheck --> [14, 3, 3, 1, 0, 1, 0, 0])
Transition([0, 3, 2, 2, 0, 2, 0, 0] -- checkLiveDone --> [0, 4, 2, 0, 0, 0, 0, 0])
Transition([0, 3, 4, 2, 0, 2, 0, 0] -- checkLiveDone --> [0, 4, 4, 0, 0, 0, 0, 0])
Transition([0, 3, 1, 2, 0, 2, 0, 0] -- checkLiveDone --> [0, 4, 1, 0, 0, 0, 0, 0])
Transition([0, 4, 4, 0, 0, 0, 0, 0] -- down --> [0, 104, 4, 0, 0, 0, 0, 0])
Transition([0, 4, 1, 0, 0, 0, 0, 0] -- down --> [0, 104, 1, 0, 0, 0, 0, 0])
Transition([0, 4, 4, 0, 0, 0, 0, 0] -- left --> [0, 38, 4, 0, 0, 0, 0, 0])
Transition([0, 4, 1, 0, 0, 0, 0, 0] -- left --> [0, 38, 1, 0, 0, 0, 0, 0])
Transition([0, 4, 4, 0, 0, 0, 0, 0] -- right --> [0, 5, 4, 0, 0, 0, 0, 0])
Transition([14, 3, 3, 1, 0, 1, 0, 0] -- 1.getPos.3.3 --> [14, 3, 3, 2, 0, 2, 0, 0])
Transition([0, 4, 1, 0, 0, 0, 0, 0] -- right --> [0, 5, 1, 0, 0, 0, 0, 0])
Transition([0, 4, 4, 0, 0, 0, 0, 0] -- up --> [0, 71, 4, 0, 0, 0, 0, 0])
Transition([0, 4, 1, 0, 0, 0, 0, 0] -- up --> [0, 71, 1, 0, 0, 0, 0, 0])
Transition([0, 4, 2, 0, 0, 0, 0, 0] -- down --> [0, 104, 2, 0, 0, 0, 0, 0])
Transition([0, 4, 2, 0, 0, 0, 0, 0] -- left --> [0, 38, 2, 0, 0, 0, 0, 0])
Transition([0, 4, 2, 0, 0, 0, 0, 0] -- right --> [0, 5, 2, 0, 0, 0, 0, 0])
Transition([0, 4, 2, 0, 0, 0, 0, 0] -- up --> [0, 71, 2, 0, 0, 0, 0, 0])
Transition([0, 71, 4, 0, 0, 0, 0, 0] -- 0.getPos.1.4 --> [0, 91, 4, 0, 0, 0, 0, 0])
Transition([0, 71, 2, 0, 0, 0, 0, 0] -- 0.getPos.3.2 --> [0, 88, 2, 0, 0, 0, 0, 0])
Transition([0, 5, 2, 0, 0, 0, 0, 0] -- 0.getPos.3.2 --> [0, 22, 2, 0, 0, 0, 0, 0])
Transition([0, 71, 1, 0, 0, 0, 0, 0] -- 0.getPos.4.1 --> [0, 75, 1, 0, 0, 0, 0, 0])
Transition([0, 104, 4, 0, 0, 0, 0, 0] -- 0.getPos.1.4 --> [0, 122, 4, 0, 0, 0, 0, 0])
Transition([0, 5, 4, 0, 0, 0, 0, 0] -- 0.getPos.1.4 --> [0, 25, 4, 0, 0, 0, 0, 0])
Transition([0, 5, 1, 0, 0, 0, 0, 0] -- 0.getPos.4.1 --> [0, 7, 1, 0, 0, 0, 0, 0])
Transition([0, 38, 2, 0, 0, 0, 0, 0] -- 0.getPos.3.2 --> [0, 55, 2, 0, 0, 0, 0, 0])
Transition([0, 104, 1, 0, 0, 0, 0, 0] -- 0.getPos.4.1 --> [0, 106, 1, 0, 0, 0, 0, 0])
Transition([0, 104, 2, 0, 0, 0, 0, 0] -- 0.getPos.3.2 --> [0, 121, 2, 0, 0, 0, 0, 0])
Transition([0, 38, 4, 0, 0, 0, 0, 0] -- 0.getPos.1.4 --> [0, 56, 4, 0, 0, 0, 0, 0])
Transition([14, 3, 3, 2, 0, 2, 0, 0] -- checkLiveDone --> [14, 4, 3, 0, 0, 0, 0, 0])
Transition([0, 38, 1, 0, 0, 0, 0, 0] -- 0.getPos.4.1 --> [0, 42, 1, 0, 0, 0, 0, 0])
Transition([14, 4, 3, 0, 0, 0, 0, 0] -- down --> [14, 104, 3, 0, 0, 0, 0, 0])
Transition([0, 22, 2, 0, 0, 0, 0, 0] -- 0.setPos.3.3 --> [0, 0, 14, 0, 0, 0, 0, 0])
Transition([14, 4, 3, 0, 0, 0, 0, 0] -- left --> [14, 38, 3, 0, 0, 0, 0, 0])
Transition([0, 55, 2, 0, 0, 0, 0, 0] -- 0.setPos.3.1 --> [0, 0, 5, 0, 0, 0, 0, 0])
Transition([14, 4, 3, 0, 0, 0, 0, 0] -- right --> [14, 5, 3, 0, 0, 0, 0, 0])
Transition([0, 75, 1, 0, 0, 0, 0, 0] -- 0.setPos.3.1 --> [0, 0, 5, 0, 0, 0, 0, 0])
Transition([14, 4, 3, 0, 0, 0, 0, 0] -- up --> [14, 71, 3, 0, 0, 0, 0, 0])
Transition([0, 88, 2, 0, 0, 0, 0, 0] -- 0.setPos.2.2 --> [0, 0, 6, 0, 0, 0, 1, 0])
Transition([0, 7, 1, 0, 0, 0, 0, 0] -- 0.setPos.4.2 --> [0, 0, 13, 0, 0, 0, 0, 0])
Transition([0, 56, 4, 0, 0, 0, 0, 0] -- 0.setPos.1.3 --> [0, 0, 7, 0, 0, 0, 0, 0])
Transition([0, 122, 4, 0, 0, 0, 0, 0] -- 0.setPos.2.4 --> [0, 0, 15, 0, 0, 0, 0, 0])
Transition([0, 121, 2, 0, 0, 0, 0, 0] -- 0.setPos.4.2 --> [0, 0, 13, 0, 0, 0, 0, 0])
Transition([0, 0, 15, 0, 0, 0, 0, 0] -- startSafeCheck --> [0, 1, 15, 0, 1, 0, 0, 0])
Transition([0, 0, 13, 0, 0, 0, 0, 0] -- startSafeCheck --> [0, 1, 13, 0, 1, 0, 0, 0])
Transition([14, 71, 3, 0, 0, 0, 0, 0] -- 0.getPos.2.3 --> [14, 78, 3, 0, 0, 0, 0, 0])
Transition([14, 38, 3, 0, 0, 0, 0, 0] -- 0.getPos.2.3 --> [14, 43, 3, 0, 0, 0, 0, 0])
Transition([14, 5, 3, 0, 0, 0, 0, 0] -- 0.getPos.2.3 --> [14, 10, 3, 0, 0, 0, 0, 0])
Transition([0, 0, 14, 0, 0, 0, 0, 0] -- startSafeCheck --> [0, 1, 14, 0, 1, 0, 0, 0])
Transition([14, 104, 3, 0, 0, 0, 0, 0] -- 0.getPos.2.3 --> [14, 107, 3, 0, 0, 0, 0, 0])
Transition([0, 1, 14, 0, 1, 0, 0, 0] -- 0.getPos.3.3 --> [0, 1, 14, 0, 15, 0, 0, 0])
Transition([14, 107, 3, 0, 0, 0, 0, 0] -- 0.setPos.3.3 --> [14, 0, 14, 0, 0, 0, 0, 0])
Transition([14, 78, 3, 0, 0, 0, 0, 0] -- 0.setPos.1.3 --> [14, 0, 7, 0, 0, 0, 0, 0])
Transition([0, 1, 15, 0, 1, 0, 0, 0] -- 0.getPos.2.4 --> [0, 1, 15, 0, 16, 0, 0, 0])
Transition([14, 107, 3, 0, 0, 0, 0, 0] -- 1.getPos.3.3 --> [14, 108, 3, 0, 0, 0, 0, 0])
Transition([0, 1, 13, 0, 1, 0, 0, 0] -- 0.getPos.4.2 --> [0, 1, 13, 0, 14, 0, 0, 0])
Transition([14, 10, 3, 0, 0, 0, 0, 0] -- 0.setPos.2.4 --> [14, 0, 15, 0, 0, 0, 0, 0])
Transition([14, 43, 3, 0, 0, 0, 0, 0] -- 0.setPos.2.2 --> [14, 0, 6, 0, 0, 0, 1, 0])
Transition([14, 0, 15, 0, 0, 0, 0, 0] -- startSafeCheck --> [14, 1, 15, 0, 1, 0, 0, 0])
Transition([14, 0, 6, 0, 0, 0, 1, 0] -- illegalPosition --> [14, 0, 6, 0, 0, 0, 1, 0])
Transition([0, 1, 15, 0, 16, 0, 0, 0] -- 1.getPos.2.3 --> [0, 1, 15, 0, 3, 0, 0, 0])
Transition([14, 0, 14, 0, 0, 0, 0, 0] -- startSafeCheck --> [14, 1, 14, 0, 1, 0, 0, 0])
Transition([0, 1, 14, 0, 15, 0, 0, 0] -- 1.getPos.2.3 --> [0, 1, 14, 0, 3, 0, 0, 0])
Transition([14, 0, 7, 0, 0, 0, 0, 0] -- startSafeCheck --> [14, 1, 7, 0, 1, 0, 0, 0])
Transition([0, 1, 13, 0, 14, 0, 0, 0] -- 1.getPos.2.3 --> [0, 1, 13, 0, 3, 0, 0, 0])
Transition([14, 108, 3, 0, 0, 0, 0, 0] -- 1.setPos.4.3 --> [11, 109, 3, 0, 0, 0, 1, 0])
Transition([0, 1, 13, 0, 3, 0, 0, 0] -- checkSafeOk --> [0, 2, 13, 0, 0, 0, 0, 0])
Transition([11, 109, 3, 0, 0, 0, 1, 0] -- illegalPosition --> [11, 109, 3, 0, 0, 0, 1, 0])
Transition([14, 1, 14, 0, 1, 0, 0, 0] -- 0.getPos.3.3 --> [14, 1, 14, 0, 15, 0, 0, 0])
Transition([0, 1, 14, 0, 3, 0, 0, 0] -- checkSafeOk --> [0, 2, 14, 0, 0, 0, 0, 0])
Transition([14, 1, 15, 0, 1, 0, 0, 0] -- 0.getPos.2.4 --> [14, 1, 15, 0, 16, 0, 0, 0])
Transition([0, 1, 15, 0, 3, 0, 0, 0] -- checkSafeOk --> [0, 2, 15, 0, 0, 0, 0, 0])
Transition([14, 1, 7, 0, 1, 0, 0, 0] -- 0.getPos.1.3 --> [14, 1, 7, 0, 11, 0, 0, 0])
Transition([0, 2, 15, 0, 0, 0, 0, 0] -- startLiveCheck --> [0, 3, 15, 1, 0, 1, 0, 0])
Transition([14, 1, 7, 0, 11, 0, 0, 0] -- 1.getPos.3.3 --> [14, 1, 7, 0, 3, 0, 0, 0])
Transition([0, 2, 14, 0, 0, 0, 0, 0] -- startLiveCheck --> [0, 3, 14, 1, 0, 1, 0, 0])
Transition([0, 2, 13, 0, 0, 0, 0, 0] -- startLiveCheck --> [0, 3, 13, 1, 0, 1, 0, 0])
Transition([14, 1, 14, 0, 15, 0, 0, 0] -- 1.getPos.3.3 --> [14, 1, 14, 0, 4, 0, 0, 0])
Transition([14, 1, 15, 0, 16, 0, 0, 0] -- 1.getPos.3.3 --> [14, 1, 15, 0, 3, 0, 0, 0])
Transition([14, 1, 7, 0, 3, 0, 0, 0] -- checkSafeOk --> [14, 2, 7, 0, 0, 0, 0, 0])
Transition([14, 1, 15, 0, 3, 0, 0, 0] -- checkSafeOk --> [14, 2, 15, 0, 0, 0, 0, 0])
Transition([0, 3, 14, 1, 0, 1, 0, 0] -- 1.getPos.2.3 --> [0, 3, 14, 2, 0, 2, 0, 0])
Transition([0, 3, 15, 1, 0, 1, 0, 0] -- 1.getPos.2.3 --> [0, 3, 15, 2, 0, 2, 0, 0])
Transition([0, 3, 13, 1, 0, 1, 0, 0] -- 1.getPos.2.3 --> [0, 3, 13, 2, 0, 2, 0, 0])
Transition([0, 3, 15, 2, 0, 2, 0, 0] -- checkLiveDone --> [0, 4, 15, 0, 0, 0, 0, 0])
Transition([0, 3, 13, 2, 0, 2, 0, 0] -- checkLiveDone --> [0, 4, 13, 0, 0, 0, 0, 0])
Transition([14, 2, 15, 0, 0, 0, 0, 0] -- startLiveCheck --> [14, 3, 15, 1, 0, 1, 0, 0])
Transition([14, 2, 7, 0, 0, 0, 0, 0] -- startLiveCheck --> [14, 3, 7, 1, 0, 1, 0, 0])
Transition([0, 3, 14, 2, 0, 2, 0, 0] -- checkLiveDone --> [0, 4, 14, 0, 0, 0, 0, 0])
Transition([14, 3, 7, 1, 0, 1, 0, 0] -- 1.getPos.3.3 --> [14, 3, 7, 2, 0, 2, 0, 0])
Transition([0, 4, 14, 0, 0, 0, 0, 0] -- down --> [0, 104, 14, 0, 0, 0, 0, 0])
Transition([0, 4, 13, 0, 0, 0, 0, 0] -- down --> [0, 104, 13, 0, 0, 0, 0, 0])
Transition([0, 4, 14, 0, 0, 0, 0, 0] -- left --> [0, 38, 14, 0, 0, 0, 0, 0])
Transition([0, 4, 13, 0, 0, 0, 0, 0] -- left --> [0, 38, 13, 0, 0, 0, 0, 0])
Transition([0, 4, 15, 0, 0, 0, 0, 0] -- down --> [0, 104, 15, 0, 0, 0, 0, 0])
Transition([0, 4, 14, 0, 0, 0, 0, 0] -- right --> [0, 5, 14, 0, 0, 0, 0, 0])
Transition([0, 4, 13, 0, 0, 0, 0, 0] -- right --> [0, 5, 13, 0, 0, 0, 0, 0])
Transition([0, 4, 15, 0, 0, 0, 0, 0] -- left --> [0, 38, 15, 0, 0, 0, 0, 0])
Transition([0, 4, 14, 0, 0, 0, 0, 0] -- up --> [0, 71, 14, 0, 0, 0, 0, 0])
Transition([0, 4, 15, 0, 0, 0, 0, 0] -- right --> [0, 5, 15, 0, 0, 0, 0, 0])
Transition([14, 3, 15, 1, 0, 1, 0, 0] -- 1.getPos.3.3 --> [14, 3, 15, 2, 0, 2, 0, 0])
Transition([0, 4, 13, 0, 0, 0, 0, 0] -- up --> [0, 71, 13, 0, 0, 0, 0, 0])
Transition([0, 4, 15, 0, 0, 0, 0, 0] -- up --> [0, 71, 15, 0, 0, 0, 0, 0])
Transition([0, 71, 13, 0, 0, 0, 0, 0] -- 0.getPos.4.2 --> [0, 83, 13, 0, 0, 0, 0, 0])
Transition([0, 71, 15, 0, 0, 0, 0, 0] -- 0.getPos.2.4 --> [0, 86, 15, 0, 0, 0, 0, 0])
Transition([0, 104, 13, 0, 0, 0, 0, 0] -- 0.getPos.4.2 --> [0, 114, 13, 0, 0, 0, 0, 0])
Transition([14, 3, 7, 2, 0, 2, 0, 0] -- checkLiveDone --> [14, 4, 7, 0, 0, 0, 0, 0])
Transition([0, 5, 15, 0, 0, 0, 0, 0] -- 0.getPos.2.4 --> [0, 18, 15, 0, 0, 0, 0, 0])
Transition([0, 38, 13, 0, 0, 0, 0, 0] -- 0.getPos.4.2 --> [0, 50, 13, 0, 0, 0, 0, 0])
Transition([0, 38, 15, 0, 0, 0, 0, 0] -- 0.getPos.2.4 --> [0, 51, 15, 0, 0, 0, 0, 0])
Transition([0, 104, 15, 0, 0, 0, 0, 0] -- 0.getPos.2.4 --> [0, 115, 15, 0, 0, 0, 0, 0])
Transition([0, 104, 14, 0, 0, 0, 0, 0] -- 0.getPos.3.3 --> [0, 130, 14, 0, 0, 0, 0, 0])
Transition([0, 5, 14, 0, 0, 0, 0, 0] -- 0.getPos.3.3 --> [0, 31, 14, 0, 0, 0, 0, 0])
Transition([0, 5, 13, 0, 0, 0, 0, 0] -- 0.getPos.4.2 --> [0, 15, 13, 0, 0, 0, 0, 0])
Transition([14, 3, 15, 2, 0, 2, 0, 0] -- checkLiveDone --> [14, 4, 15, 0, 0, 0, 0, 0])
Transition([0, 71, 14, 0, 0, 0, 0, 0] -- 0.getPos.3.3 --> [0, 99, 14, 0, 0, 0, 0, 0])
Transition([0, 38, 14, 0, 0, 0, 0, 0] -- 0.getPos.3.3 --> [0, 66, 14, 0, 0, 0, 0, 0])
Transition([0, 99, 14, 0, 0, 0, 0, 0] -- 1.getPos.2.3 --> [0, 100, 14, 0, 0, 0, 0, 0])
Transition([0, 66, 14, 0, 0, 0, 0, 0] -- 0.setPos.3.2 --> [0, 0, 2, 0, 0, 0, 0, 0])
Transition([0, 99, 14, 0, 0, 0, 0, 0] -- 0.setPos.2.3 --> [0, 0, 3, 0, 0, 0, 0, 0])
Transition([0, 130, 14, 0, 0, 0, 0, 0] -- 0.setPos.4.3 --> [0, 0, 11, 0, 0, 0, 1, 0])
Transition([0, 51, 15, 0, 0, 0, 0, 0] -- 1.getPos.2.3 --> [0, 52, 15, 0, 0, 0, 0, 0])
Transition([14, 4, 7, 0, 0, 0, 0, 0] -- down --> [14, 104, 7, 0, 0, 0, 0, 0])
Transition([0, 51, 15, 0, 0, 0, 0, 0] -- 0.setPos.2.3 --> [0, 0, 3, 0, 0, 0, 0, 0])
Transition([14, 4, 7, 0, 0, 0, 0, 0] -- left --> [14, 38, 7, 0, 0, 0, 0, 0])
Transition([0, 83, 13, 0, 0, 0, 0, 0] -- 0.setPos.3.2 --> [0, 0, 2, 0, 0, 0, 0, 0])
Transition([14, 4, 7, 0, 0, 0, 0, 0] -- right --> [14, 5, 7, 0, 0, 0, 0, 0])
Transition([0, 86, 15, 0, 0, 0, 0, 0] -- 0.setPos.1.4 --> [0, 0, 4, 0, 0, 0, 0, 0])
Transition([14, 4, 7, 0, 0, 0, 0, 0] -- up --> [14, 71, 7, 0, 0, 0, 0, 0])
Transition([0, 115, 15, 0, 0, 0, 0, 0] -- 0.setPos.3.4 --> [0, 0, 12, 0, 0, 0, 0, 0])
Transition([0, 50, 13, 0, 0, 0, 0, 0] -- 0.setPos.4.1 --> [0, 0, 1, 0, 0, 0, 0, 0])
Transition([14, 4, 15, 0, 0, 0, 0, 0] -- down --> [14, 104, 15, 0, 0, 0, 0, 0])
Transition([0, 31, 14, 0, 0, 0, 0, 0] -- 0.setPos.3.4 --> [0, 0, 12, 0, 0, 0, 0, 0])
Transition([0, 15, 13, 0, 0, 0, 0, 0] -- 0.setPos.4.3 --> [0, 0, 11, 0, 0, 0, 1, 0])
Transition([14, 4, 15, 0, 0, 0, 0, 0] -- left --> [14, 38, 15, 0, 0, 0, 0, 0])
Transition([14, 4, 15, 0, 0, 0, 0, 0] -- right --> [14, 5, 15, 0, 0, 0, 0, 0])
Transition([14, 4, 15, 0, 0, 0, 0, 0] -- up --> [14, 71, 15, 0, 0, 0, 0, 0])
Transition([0, 0, 12, 0, 0, 0, 0, 0] -- startSafeCheck --> [0, 1, 12, 0, 1, 0, 0, 0])
Transition([14, 71, 15, 0, 0, 0, 0, 0] -- 0.getPos.2.4 --> [14, 86, 15, 0, 0, 0, 0, 0])
Transition([14, 38, 7, 0, 0, 0, 0, 0] -- 0.getPos.1.3 --> [14, 60, 7, 0, 0, 0, 0, 0])
Transition([14, 104, 7, 0, 0, 0, 0, 0] -- 0.getPos.1.3 --> [14, 126, 7, 0, 0, 0, 0, 0])
Transition([0, 100, 14, 0, 0, 0, 0, 0] -- 1.setPos.1.3 --> [6, 101, 14, 0, 0, 0, 0, 0])
Transition([0, 0, 11, 0, 0, 0, 1, 0] -- illegalPosition --> [0, 0, 11, 0, 0, 0, 1, 0])
Transition([14, 71, 7, 0, 0, 0, 0, 0] -- 0.getPos.1.3 --> [14, 95, 7, 0, 0, 0, 0, 0])
Transition([14, 38, 15, 0, 0, 0, 0, 0] -- 0.getPos.2.4 --> [14, 51, 15, 0, 0, 0, 0, 0])
Transition([14, 5, 15, 0, 0, 0, 0, 0] -- 0.getPos.2.4 --> [14, 18, 15, 0, 0, 0, 0, 0])
Transition([14, 5, 7, 0, 0, 0, 0, 0] -- 0.getPos.1.3 --> [14, 29, 7, 0, 0, 0, 0, 0])
Transition([14, 104, 15, 0, 0, 0, 0, 0] -- 0.getPos.2.4 --> [14, 115, 15, 0, 0, 0, 0, 0])
Transition([0, 52, 15, 0, 0, 0, 0, 0] -- 1.setPos.2.2 --> [5, 53, 15, 0, 0, 0, 1, 0])
Transition([14, 115, 15, 0, 0, 0, 0, 0] -- 0.setPos.3.4 --> [14, 0, 12, 0, 0, 0, 0, 0])
Transition([5, 53, 15, 0, 0, 0, 1, 0] -- illegalPosition --> [5, 53, 15, 0, 0, 0, 1, 0])
Transition([14, 126, 7, 0, 0, 0, 0, 0] -- 0.setPos.2.3 --> [14, 0, 3, 0, 0, 0, 0, 0])
Transition([14, 60, 7, 0, 0, 0, 0, 0] -- 0.setPos.1.2 --> [14, 0, 9, 0, 0, 0, 0, 0])
Transition([14, 86, 15, 0, 0, 0, 0, 0] -- 0.setPos.1.4 --> [14, 0, 4, 0, 0, 0, 0, 0])
Transition([0, 1, 12, 0, 1, 0, 0, 0] -- 0.getPos.3.4 --> [0, 1, 12, 0, 13, 0, 0, 0])
Transition([6, 101, 14, 0, 0, 0, 0, 0] -- 0.setPos.2.3 --> [6, 0, 3, 0, 0, 0, 0, 0])
Transition([14, 29, 7, 0, 0, 0, 0, 0] -- 0.setPos.1.4 --> [14, 0, 4, 0, 0, 0, 0, 0])
Transition([14, 51, 15, 0, 0, 0, 0, 0] -- 0.setPos.2.3 --> [14, 0, 3, 0, 0, 0, 0, 0])
Transition([0, 1, 12, 0, 13, 0, 0, 0] -- 1.getPos.2.3 --> [0, 1, 12, 0, 3, 0, 0, 0])
Transition([14, 0, 9, 0, 0, 0, 0, 0] -- startSafeCheck --> [14, 1, 9, 0, 1, 0, 0, 0])
Transition([14, 0, 4, 0, 0, 0, 0, 0] -- startSafeCheck --> [14, 1, 4, 0, 1, 0, 0, 0])
Transition([14, 0, 12, 0, 0, 0, 0, 0] -- startSafeCheck --> [14, 1, 12, 0, 1, 0, 0, 0])
Transition([6, 0, 3, 0, 0, 0, 0, 0] -- startSafeCheck --> [6, 1, 3, 0, 1, 0, 0, 0])
Transition([14, 1, 12, 0, 1, 0, 0, 0] -- 0.getPos.3.4 --> [14, 1, 12, 0, 13, 0, 0, 0])
Transition([6, 1, 3, 0, 1, 0, 0, 0] -- 0.getPos.2.3 --> [6, 1, 3, 0, 7, 0, 0, 0])
Transition([14, 1, 9, 0, 1, 0, 0, 0] -- 0.getPos.1.2 --> [14, 1, 9, 0, 18, 0, 0, 0])
Transition([0, 1, 12, 0, 3, 0, 0, 0] -- checkSafeOk --> [0, 2, 12, 0, 0, 0, 0, 0])
Transition([14, 1, 4, 0, 1, 0, 0, 0] -- 0.getPos.1.4 --> [14, 1, 4, 0, 8, 0, 0, 0])
Transition([0, 2, 12, 0, 0, 0, 0, 0] -- startLiveCheck --> [0, 3, 12, 1, 0, 1, 0, 0])
Transition([14, 1, 4, 0, 8, 0, 0, 0] -- 1.getPos.3.3 --> [14, 1, 4, 0, 3, 0, 0, 0])
Transition([6, 1, 3, 0, 7, 0, 0, 0] -- 1.getPos.1.3 --> [6, 1, 3, 0, 3, 0, 0, 0])
Transition([14, 1, 12, 0, 13, 0, 0, 0] -- 1.getPos.3.3 --> [14, 1, 12, 0, 3, 0, 0, 0])
Transition([14, 1, 9, 0, 18, 0, 0, 0] -- 1.getPos.3.3 --> [14, 1, 9, 0, 3, 0, 0, 0])
Transition([14, 1, 12, 0, 3, 0, 0, 0] -- checkSafeOk --> [14, 2, 12, 0, 0, 0, 0, 0])
Transition([14, 1, 9, 0, 3, 0, 0, 0] -- checkSafeOk --> [14, 2, 9, 0, 0, 0, 0, 0])
Transition([14, 1, 4, 0, 3, 0, 0, 0] -- checkSafeOk --> [14, 2, 4, 0, 0, 0, 0, 0])
Transition([0, 3, 12, 1, 0, 1, 0, 0] -- 1.getPos.2.3 --> [0, 3, 12, 2, 0, 2, 0, 0])
Transition([6, 1, 3, 0, 3, 0, 0, 0] -- checkSafeOk --> [6, 2, 3, 0, 0, 0, 0, 0])
Transition([0, 3, 12, 2, 0, 2, 0, 0] -- checkLiveDone --> [0, 4, 12, 0, 0, 0, 0, 0])
Transition([6, 2, 3, 0, 0, 0, 0, 0] -- startLiveCheck --> [6, 3, 3, 1, 0, 1, 0, 0])
Transition([14, 2, 9, 0, 0, 0, 0, 0] -- startLiveCheck --> [14, 3, 9, 1, 0, 1, 0, 0])
Transition([14, 2, 12, 0, 0, 0, 0, 0] -- startLiveCheck --> [14, 3, 12, 1, 0, 1, 0, 0])
Transition([14, 2, 4, 0, 0, 0, 0, 0] -- startLiveCheck --> [14, 3, 4, 1, 0, 1, 0, 0])
Transition([14, 3, 12, 1, 0, 1, 0, 0] -- 1.getPos.3.3 --> [14, 3, 12, 2, 0, 2, 0, 0])
Transition([14, 3, 4, 1, 0, 1, 0, 0] -- 1.getPos.3.3 --> [14, 3, 4, 2, 0, 2, 0, 0])
Transition([6, 3, 3, 1, 0, 1, 0, 0] -- 1.getPos.1.3 --> [6, 3, 3, 2, 0, 2, 0, 0])
Transition([0, 4, 12, 0, 0, 0, 0, 0] -- down --> [0, 104, 12, 0, 0, 0, 0, 0])
Transition([14, 3, 9, 1, 0, 1, 0, 0] -- 1.getPos.3.3 --> [14, 3, 9, 2, 0, 2, 0, 0])
Transition([0, 4, 12, 0, 0, 0, 0, 0] -- left --> [0, 38, 12, 0, 0, 0, 0, 0])
Transition([0, 4, 12, 0, 0, 0, 0, 0] -- right --> [0, 5, 12, 0, 0, 0, 0, 0])
Transition([0, 4, 12, 0, 0, 0, 0, 0] -- up --> [0, 71, 12, 0, 0, 0, 0, 0])
Transition([14, 3, 12, 2, 0, 2, 0, 0] -- checkLiveDone --> [14, 4, 12, 0, 0, 0, 0, 0])
Transition([0, 71, 12, 0, 0, 0, 0, 0] -- 0.getPos.3.4 --> [0, 96, 12, 0, 0, 0, 0, 0])
Transition([6, 3, 3, 2, 0, 2, 0, 0] -- checkLiveDone --> [6, 4, 3, 0, 0, 0, 0, 0])
Transition([14, 3, 4, 2, 0, 2, 0, 0] -- checkLiveDone --> [14, 4, 4, 0, 0, 0, 0, 0])
Transition([0, 104, 12, 0, 0, 0, 0, 0] -- 0.getPos.3.4 --> [0, 129, 12, 0, 0, 0, 0, 0])
Transition([14, 3, 9, 2, 0, 2, 0, 0] -- checkLiveDone --> [14, 4, 9, 0, 0, 0, 0, 0])
Transition([0, 38, 12, 0, 0, 0, 0, 0] -- 0.getPos.3.4 --> [0, 63, 12, 0, 0, 0, 0, 0])
Transition([0, 5, 12, 0, 0, 0, 0, 0] -- 0.getPos.3.4 --> [0, 30, 12, 0, 0, 0, 0, 0])
Transition([0, 63, 12, 0, 0, 0, 0, 0] -- 0.setPos.3.3 --> [0, 0, 14, 0, 0, 0, 0, 0])
Transition([0, 129, 12, 0, 0, 0, 0, 0] -- 0.setPos.4.4 --> [0, 0, 10, 0, 0, 0, 1, 0])
Transition([14, 4, 4, 0, 0, 0, 0, 0] -- down --> [14, 104, 4, 0, 0, 0, 0, 0])
Transition([6, 4, 3, 0, 0, 0, 0, 0] -- down --> [6, 104, 3, 0, 0, 0, 0, 0])
Transition([14, 4, 4, 0, 0, 0, 0, 0] -- left --> [14, 38, 4, 0, 0, 0, 0, 0])
Transition([14, 4, 12, 0, 0, 0, 0, 0] -- down --> [14, 104, 12, 0, 0, 0, 0, 0])
Transition([6, 4, 3, 0, 0, 0, 0, 0] -- left --> [6, 38, 3, 0, 0, 0, 0, 0])
Transition([14, 4, 12, 0, 0, 0, 0, 0] -- left --> [14, 38, 12, 0, 0, 0, 0, 0])
Transition([6, 4, 3, 0, 0, 0, 0, 0] -- right --> [6, 5, 3, 0, 0, 0, 0, 0])
Transition([14, 4, 4, 0, 0, 0, 0, 0] -- right --> [14, 5, 4, 0, 0, 0, 0, 0])
Transition([6, 4, 3, 0, 0, 0, 0, 0] -- up --> [6, 71, 3, 0, 0, 0, 0, 0])
Transition([0, 96, 12, 0, 0, 0, 0, 0] -- 0.setPos.2.4 --> [0, 0, 15, 0, 0, 0, 0, 0])
Transition([14, 4, 9, 0, 0, 0, 0, 0] -- down --> [14, 104, 9, 0, 0, 0, 0, 0])
Transition([14, 4, 12, 0, 0, 0, 0, 0] -- right --> [14, 5, 12, 0, 0, 0, 0, 0])
Transition([14, 4, 4, 0, 0, 0, 0, 0] -- up --> [14, 71, 4, 0, 0, 0, 0, 0])
Transition([14, 4, 9, 0, 0, 0, 0, 0] -- left --> [14, 38, 9, 0, 0, 0, 0, 0])
Transition([14, 4, 12, 0, 0, 0, 0, 0] -- up --> [14, 71, 12, 0, 0, 0, 0, 0])
Transition([14, 4, 9, 0, 0, 0, 0, 0] -- right --> [14, 5, 9, 0, 0, 0, 0, 0])
Transition([14, 4, 9, 0, 0, 0, 0, 0] -- up --> [14, 71, 9, 0, 0, 0, 0, 0])
Transition([0, 0, 10, 0, 0, 0, 1, 0] -- illegalPosition --> [0, 0, 10, 0, 0, 0, 1, 0])
Transition([14, 71, 9, 0, 0, 0, 0, 0] -- 0.getPos.1.2 --> [14, 102, 9, 0, 0, 0, 0, 0])
Transition([14, 5, 9, 0, 0, 0, 0, 0] -- 0.getPos.1.2 --> [14, 32, 9, 0, 0, 0, 0, 0])
Transition([14, 38, 9, 0, 0, 0, 0, 0] -- 0.getPos.1.2 --> [14, 69, 9, 0, 0, 0, 0, 0])
Transition([14, 71, 12, 0, 0, 0, 0, 0] -- 0.getPos.3.4 --> [14, 96, 12, 0, 0, 0, 0, 0])
Transition([14, 38, 4, 0, 0, 0, 0, 0] -- 0.getPos.1.4 --> [14, 56, 4, 0, 0, 0, 0, 0])
Transition([6, 104, 3, 0, 0, 0, 0, 0] -- 0.getPos.2.3 --> [6, 107, 3, 0, 0, 0, 0, 0])
Transition([14, 104, 12, 0, 0, 0, 0, 0] -- 0.getPos.3.4 --> [14, 129, 12, 0, 0, 0, 0, 0])
Transition([14, 104, 4, 0, 0, 0, 0, 0] -- 0.getPos.1.4 --> [14, 122, 4, 0, 0, 0, 0, 0])
Transition([6, 38, 3, 0, 0, 0, 0, 0] -- 0.getPos.2.3 --> [6, 43, 3, 0, 0, 0, 0, 0])
Transition([14, 38, 12, 0, 0, 0, 0, 0] -- 0.getPos.3.4 --> [14, 63, 12, 0, 0, 0, 0, 0])
Transition([14, 71, 4, 0, 0, 0, 0, 0] -- 0.getPos.1.4 --> [14, 91, 4, 0, 0, 0, 0, 0])
Transition([6, 71, 3, 0, 0, 0, 0, 0] -- 0.getPos.2.3 --> [6, 78, 3, 0, 0, 0, 0, 0])
Transition([14, 5, 12, 0, 0, 0, 0, 0] -- 0.getPos.3.4 --> [14, 30, 12, 0, 0, 0, 0, 0])
Transition([6, 5, 3, 0, 0, 0, 0, 0] -- 0.getPos.2.3 --> [6, 10, 3, 0, 0, 0, 0, 0])
Transition([14, 104, 9, 0, 0, 0, 0, 0] -- 0.getPos.1.2 --> [14, 131, 9, 0, 0, 0, 0, 0])
Transition([14, 5, 4, 0, 0, 0, 0, 0] -- 0.getPos.1.4 --> [14, 25, 4, 0, 0, 0, 0, 0])
Transition([14, 131, 9, 0, 0, 0, 0, 0] -- 0.setPos.2.2 --> [14, 0, 6, 0, 0, 0, 1, 0])
Transition([6, 43, 3, 0, 0, 0, 0, 0] -- 0.setPos.2.2 --> [6, 0, 6, 0, 0, 0, 1, 0])
Transition([6, 107, 3, 0, 0, 0, 0, 0] -- 0.setPos.3.3 --> [6, 0, 14, 0, 0, 0, 0, 0])
Transition([14, 122, 4, 0, 0, 0, 0, 0] -- 0.setPos.2.4 --> [14, 0, 15, 0, 0, 0, 0, 0])
Transition([14, 96, 12, 0, 0, 0, 0, 0] -- 0.setPos.2.4 --> [14, 0, 15, 0, 0, 0, 0, 0])
Transition([14, 56, 4, 0, 0, 0, 0, 0] -- 0.setPos.1.3 --> [14, 0, 7, 0, 0, 0, 0, 0])
Transition([14, 32, 9, 0, 0, 0, 0, 0] -- 0.setPos.1.3 --> [14, 0, 7, 0, 0, 0, 0, 0])
Transition([14, 69, 9, 0, 0, 0, 0, 0] -- 0.setPos.1.1 --> [14, 0, 0, 0, 0, 0, 0, 0])
Transition([14, 63, 12, 0, 0, 0, 0, 0] -- 1.getPos.3.3 --> [14, 64, 12, 0, 0, 0, 0, 0])
Transition([14, 129, 12, 0, 0, 0, 0, 0] -- 0.setPos.4.4 --> [14, 0, 10, 0, 0, 0, 1, 0])
Transition([14, 63, 12, 0, 0, 0, 0, 0] -- 0.setPos.3.3 --> [14, 0, 14, 0, 0, 0, 0, 0])
Transition([6, 10, 3, 0, 0, 0, 0, 0] -- 0.setPos.2.4 --> [6, 0, 15, 0, 0, 0, 0, 0])
Transition([6, 78, 3, 0, 0, 0, 0, 0] -- 0.setPos.1.3 --> [6, 0, 7, 0, 0, 0, 0, 0])
Transition([6, 0, 15, 0, 0, 0, 0, 0] -- startSafeCheck --> [6, 1, 15, 0, 1, 0, 0, 0])
Transition([6, 0, 7, 0, 0, 0, 0, 0] -- startSafeCheck --> [6, 1, 7, 0, 1, 0, 0, 0])
Transition([6, 0, 14, 0, 0, 0, 0, 0] -- startSafeCheck --> [6, 1, 14, 0, 1, 0, 0, 0])
Transition([14, 0, 0, 0, 0, 0, 0, 0] -- startSafeCheck --> [14, 1, 0, 0, 1, 0, 0, 0])
Transition([6, 0, 6, 0, 0, 0, 1, 0] -- illegalPosition --> [6, 0, 6, 0, 0, 0, 1, 0])
Transition([14, 64, 12, 0, 0, 0, 0, 0] -- 1.setPos.3.2 --> [2, 65, 12, 0, 0, 0, 0, 0])
Transition([14, 0, 10, 0, 0, 0, 1, 0] -- illegalPosition --> [14, 0, 10, 0, 0, 0, 1, 0])
Transition([2, 65, 12, 0, 0, 0, 0, 0] -- 0.setPos.3.3 --> [2, 0, 14, 0, 0, 0, 0, 0])
Transition([6, 1, 7, 0, 1, 0, 0, 0] -- 0.getPos.1.3 --> [6, 1, 7, 0, 11, 0, 0, 0])
Transition([6, 1, 14, 0, 1, 0, 0, 0] -- 0.getPos.3.3 --> [6, 1, 14, 0, 15, 0, 0, 0])
Transition([6, 1, 15, 0, 1, 0, 0, 0] -- 0.getPos.2.4 --> [6, 1, 15, 0, 16, 0, 0, 0])
Transition([14, 1, 0, 0, 1, 0, 0, 0] -- 0.getPos.1.1 --> [14, 1, 0, 0, 19, 0, 0, 0])
Transition([6, 1, 15, 0, 16, 0, 0, 0] -- 1.getPos.1.3 --> [6, 1, 15, 0, 3, 0, 0, 0])
Transition([14, 1, 0, 0, 19, 0, 0, 0] -- 1.getPos.3.3 --> [14, 1, 0, 0, 3, 0, 0, 0])
Transition([6, 1, 7, 0, 11, 0, 0, 0] -- 1.getPos.1.3 --> [6, 1, 7, 0, 4, 0, 0, 0])
Transition([2, 0, 14, 0, 0, 0, 0, 0] -- startSafeCheck --> [2, 1, 14, 0, 1, 0, 0, 0])
Transition([6, 1, 14, 0, 15, 0, 0, 0] -- 1.getPos.1.3 --> [6, 1, 14, 0, 3, 0, 0, 0])
Transition([2, 1, 14, 0, 1, 0, 0, 0] -- 0.getPos.3.3 --> [2, 1, 14, 0, 15, 0, 0, 0])
Transition([6, 1, 14, 0, 3, 0, 0, 0] -- checkSafeOk --> [6, 2, 14, 0, 0, 0, 0, 0])
Transition([14, 1, 0, 0, 3, 0, 0, 0] -- checkSafeOk --> [14, 2, 0, 0, 0, 0, 0, 0])
Transition([6, 1, 15, 0, 3, 0, 0, 0] -- checkSafeOk --> [6, 2, 15, 0, 0, 0, 0, 0])
Transition([14, 2, 0, 0, 0, 0, 0, 0] -- startLiveCheck --> [14, 3, 0, 1, 0, 1, 0, 0])
Transition([6, 2, 15, 0, 0, 0, 0, 0] -- startLiveCheck --> [6, 3, 15, 1, 0, 1, 0, 0])
Transition([2, 1, 14, 0, 15, 0, 0, 0] -- 1.getPos.3.2 --> [2, 1, 14, 0, 3, 0, 0, 0])
Transition([6, 2, 14, 0, 0, 0, 0, 0] -- startLiveCheck --> [6, 3, 14, 1, 0, 1, 0, 0])
Transition([2, 1, 14, 0, 3, 0, 0, 0] -- checkSafeOk --> [2, 2, 14, 0, 0, 0, 0, 0])
Transition([6, 3, 14, 1, 0, 1, 0, 0] -- 1.getPos.1.3 --> [6, 3, 14, 2, 0, 2, 0, 0])
Transition([14, 3, 0, 1, 0, 1, 0, 0] -- 1.getPos.3.3 --> [14, 3, 0, 2, 0, 2, 0, 0])
Transition([6, 3, 15, 1, 0, 1, 0, 0] -- 1.getPos.1.3 --> [6, 3, 15, 2, 0, 2, 0, 0])
Transition([14, 3, 0, 2, 0, 2, 0, 0] -- checkLiveDone --> [14, 4, 0, 0, 0, 0, 0, 0])
Transition([6, 3, 15, 2, 0, 2, 0, 0] -- checkLiveDone --> [6, 4, 15, 0, 0, 0, 0, 0])
Transition([2, 2, 14, 0, 0, 0, 0, 0] -- startLiveCheck --> [2, 3, 14, 1, 0, 1, 0, 0])
Transition([6, 3, 14, 2, 0, 2, 0, 0] -- checkLiveDone --> [6, 4, 14, 0, 0, 0, 0, 0])
Transition([2, 3, 14, 1, 0, 1, 0, 0] -- 1.getPos.3.2 --> [2, 3, 14, 3, 0, 3, 0, 0])
Transition([6, 4, 14, 0, 0, 0, 0, 0] -- down --> [6, 104, 14, 0, 0, 0, 0, 0])
Transition([14, 4, 0, 0, 0, 0, 0, 0] -- down --> [14, 104, 0, 0, 0, 0, 0, 0])
Transition([6, 4, 14, 0, 0, 0, 0, 0] -- left --> [6, 38, 14, 0, 0, 0, 0, 0])
Transition([14, 4, 0, 0, 0, 0, 0, 0] -- left --> [14, 38, 0, 0, 0, 0, 0, 0])
Transition([6, 4, 14, 0, 0, 0, 0, 0] -- right --> [6, 5, 14, 0, 0, 0, 0, 0])
Transition([14, 4, 0, 0, 0, 0, 0, 0] -- right --> [14, 5, 0, 0, 0, 0, 0, 0])
Transition([6, 4, 14, 0, 0, 0, 0, 0] -- up --> [6, 71, 14, 0, 0, 0, 0, 0])
Transition([14, 4, 0, 0, 0, 0, 0, 0] -- up --> [14, 71, 0, 0, 0, 0, 0, 0])
Transition([6, 4, 15, 0, 0, 0, 0, 0] -- down --> [6, 104, 15, 0, 0, 0, 0, 0])
Transition([6, 4, 15, 0, 0, 0, 0, 0] -- left --> [6, 38, 15, 0, 0, 0, 0, 0])
Transition([6, 4, 15, 0, 0, 0, 0, 0] -- right --> [6, 5, 15, 0, 0, 0, 0, 0])
Transition([6, 4, 15, 0, 0, 0, 0, 0] -- up --> [6, 71, 15, 0, 0, 0, 0, 0])
Transition([6, 71, 14, 0, 0, 0, 0, 0] -- 0.getPos.3.3 --> [6, 99, 14, 0, 0, 0, 0, 0])
Transition([6, 71, 15, 0, 0, 0, 0, 0] -- 0.getPos.2.4 --> [6, 86, 15, 0, 0, 0, 0, 0])
Transition([14, 71, 0, 0, 0, 0, 0, 0] -- 0.getPos.1.1 --> [14, 103, 0, 0, 0, 0, 0, 0])
Transition([6, 104, 14, 0, 0, 0, 0, 0] -- 0.getPos.3.3 --> [6, 130, 14, 0, 0, 0, 0, 0])
Transition([6, 5, 15, 0, 0, 0, 0, 0] -- 0.getPos.2.4 --> [6, 18, 15, 0, 0, 0, 0, 0])
Transition([6, 5, 14, 0, 0, 0, 0, 0] -- 0.getPos.3.3 --> [6, 31, 14, 0, 0, 0, 0, 0])
Transition([6, 38, 15, 0, 0, 0, 0, 0] -- 0.getPos.2.4 --> [6, 51, 15, 0, 0, 0, 0, 0])
Transition([14, 5, 0, 0, 0, 0, 0, 0] -- 0.getPos.1.1 --> [14, 35, 0, 0, 0, 0, 0, 0])
Transition([14, 104, 0, 0, 0, 0, 0, 0] -- 0.getPos.1.1 --> [14, 134, 0, 0, 0, 0, 0, 0])
Transition([6, 104, 15, 0, 0, 0, 0, 0] -- 0.getPos.2.4 --> [6, 115, 15, 0, 0, 0, 0, 0])
Transition([6, 38, 14, 0, 0, 0, 0, 0] -- 0.getPos.3.3 --> [6, 66, 14, 0, 0, 0, 0, 0])
Transition([2, 3, 14, 3, 0, 3, 0, 0] -- win --> [2, 3, 14, 3, 0, 3, 0, 1])
Transition([14, 38, 0, 0, 0, 0, 0, 0] -- 0.getPos.1.1 --> [14, 70, 0, 0, 0, 0, 0, 0])
Transition([2, 3, 14, 3, 0, 3, 0, 1] -- win --> [2, 3, 14, 3, 0, 3, 0, 1])
