Transition([0, 0, 0, 0, 0, 0, 0, 0] -- startSafeCheck --> [0, 1, 0, 0, 1, 0, 0, 0])
Transition([0, 1, 0, 0, 1, 0, 0, 0] -- 0.getPos.1.1 --> [0, 1, 0, 0, 19, 0, 0, 0])
Transition([0, 1, 0, 0, 19, 0, 0, 0] -- 1.getPos.3.3 --> [0, 1, 0, 0, 3, 0, 0, 0])
Transition([0, 1, 0, 0, 3, 0, 0, 0] -- checkSafeOk --> [0, 2, 0, 0, 0, 0, 0, 0])
Transition([0, 2, 0, 0, 0, 0, 0, 0] -- startLiveCheck --> [0, 3, 0, 1, 0, 1, 0, 0])
Transition([0, 3, 0, 1, 0, 1, 0, 0] -- 1.getPos.3.3 --> [0, 3, 0, 2, 0, 2, 0, 0])
Transition([0, 3, 0, 2, 0, 2, 0, 0] -- checkLiveDone --> [0, 4, 0, 0, 0, 0, 0, 0])
Transition([0, 4, 0, 0, 0, 0, 0, 0] -- down --> [0, 104, 0, 0, 0, 0, 0, 0])
Transition([0, 4, 0, 0, 0, 0, 0, 0] -- left --> [0, 38, 0, 0, 0, 0, 0, 0])
Transition([0, 4, 0, 0, 0, 0, 0, 0] -- right --> [0, 5, 0, 0, 0, 0, 0, 0])
Transition([0, 4, 0, 0, 0, 0, 0, 0] -- up --> [0, 71, 0, 0, 0, 0, 0, 0])
Transition([0, 38, 0, 0, 0, 0, 0, 0] -- 0.getPos.1.1 --> [0, 70, 0, 0, 0, 0, 0, 0])
Transition([0, 71, 0, 0, 0, 0, 0, 0] -- 0.getPos.1.1 --> [0, 103, 0, 0, 0, 0, 0, 0])
Transition([0, 5, 0, 0, 0, 0, 0, 0] -- 0.getPos.1.1 --> [0, 35, 0, 0, 0, 0, 0, 0])
Transition([0, 104, 0, 0, 0, 0, 0, 0] -- 0.getPos.1.1 --> [0, 134, 0, 0, 0, 0, 0, 0])
Transition([0, 35, 0, 0, 0, 0, 0, 0] -- 0.setPos.1.2 --> [0, 0, 9, 0, 0, 0, 0, 0])
Transition([0, 134, 0, 0, 0, 0, 0, 0] -- 0.setPos.2.1 --> [0, 0, 8, 0, 0, 0, 0, 0])
Transition([0, 0, 9, 0, 0, 0, 0, 0] -- startSafeCheck --> [0, 1, 9, 0, 1, 0, 0, 0])
Transition([0, 0, 8, 0, 0, 0, 0, 0] -- startSafeCheck --> [0, 1, 8, 0, 1, 0, 0, 0])
Transition([0, 1, 9, 0, 1, 0, 0, 0] -- 0.getPos.1.2 --> [0, 1, 9, 0, 18, 0, 0, 0])
Transition([0, 1, 8, 0, 1, 0, 0, 0] -- 0.getPos.2.1 --> [0, 1, 8, 0, 17, 0, 0, 0])
Transition([0, 1, 9, 0, 18, 0, 0, 0] -- 1.getPos.3.3 --> [0, 1, 9, 0, 3, 0, 0, 0])
Transition([0, 1, 8, 0, 17, 0, 0, 0] -- 1.getPos.3.3 --> [0, 1, 8, 0, 3, 0, 0, 0])
Transition([0, 1, 9, 0, 3, 0, 0, 0] -- checkSafeOk --> [0, 2, 9, 0, 0, 0, 0, 0])
Transition([0, 1, 8, 0, 3, 0, 0, 0] -- checkSafeOk --> [0, 2, 8, 0, 0, 0, 0, 0])
Transition([0, 2, 9, 0, 0, 0, 0, 0] -- startLiveCheck --> [0, 3, 9, 1, 0, 1, 0, 0])
Transition([0, 2, 8, 0, 0, 0, 0, 0] -- startLiveCheck --> [0, 3, 8, 1, 0, 1, 0, 0])
Transition([0, 3, 9, 1, 0, 1, 0, 0] -- 1.getPos.3.3 --> [0, 3, 9, 2, 0, 2, 0, 0])
Transition([0, 3, 8, 1, 0, 1, 0, 0] -- 1.getPos.3.3 --> [0, 3, 8, 2, 0, 2, 0, 0])
Transition([0, 3, 9, 2, 0, 2, 0, 0] -- checkLiveDone --> [0, 4, 9, 0, 0, 0, 0, 0])
Transition([0, 3, 8, 2, 0, 2, 0, 0] -- checkLiveDone --> [0, 4, 8, 0, 0, 0, 0, 0])
Transition([0, 4, 9, 0, 0, 0, 0, 0] -- down --> [0, 104, 9, 0, 0, 0, 0, 0])
Transition([0, 4, 8, 0, 0, 0, 0, 0] -- down --> [0, 104, 8, 0, 0, 0, 0, 0])
Transition([0, 4, 9, 0, 0, 0, 0, 0] -- left --> [0, 38, 9, 0, 0, 0, 0, 0])
Transition([0, 4, 8, 0, 0, 0, 0, 0] -- left --> [0, 38, 8, 0, 0, 0, 0, 0])
Transition([0, 4, 9, 0, 0, 0, 0, 0] -- right --> [0, 5, 9, 0, 0, 0, 0, 0])
Transition([0, 4, 8, 0, 0, 0, 0, 0] -- right --> [0, 5, 8, 0, 0, 0, 0, 0])
Transition([0, 4, 9, 0, 0, 0, 0, 0] -- up --> [0, 71, 9, 0, 0, 0, 0, 0])
Transition([0, 4, 8, 0, 0, 0, 0, 0] -- up --> [0, 71, 8, 0, 0, 0, 0, 0])
Transition([0, 71, 9, 0, 0, 0, 0, 0] -- 0.getPos.1.2 --> [0, 102, 9, 0, 0, 0, 0, 0])
Transition([0, 71, 8, 0, 0, 0, 0, 0] -- 0.getPos.2.1 --> [0, 87, 8, 0, 0, 0, 0, 0])
Transition([0, 5, 8, 0, 0, 0, 0, 0] -- 0.getPos.2.1 --> [0, 19, 8, 0, 0, 0, 0, 0])
Transition([0, 38, 9, 0, 0, 0, 0, 0] -- 0.getPos.1.2 --> [0, 69, 9, 0, 0, 0, 0, 0])
Transition([0, 104, 9, 0, 0, 0, 0, 0] -- 0.getPos.1.2 --> [0, 131, 9, 0, 0, 0, 0, 0])
Transition([0, 38, 8, 0, 0, 0, 0, 0] -- 0.getPos.2.1 --> [0, 54, 8, 0, 0, 0, 0, 0])
Transition([0, 104, 8, 0, 0, 0, 0, 0] -- 0.getPos.2.1 --> [0, 118, 8, 0, 0, 0, 0, 0])
Transition([0, 5, 9, 0, 0, 0, 0, 0] -- 0.getPos.1.2 --> [0, 32, 9, 0, 0, 0, 0, 0])
Transition([0, 118, 8, 0, 0, 0, 0, 0] -- 0.setPos.3.1 --> [0, 0, 5, 0, 0, 0, 0, 0])
Transition([0, 32, 9, 0, 0, 0, 0, 0] -- 0.setPos.1.3 --> [0, 0, 7, 0, 0, 0, 1, 0])
Transition([0, 69, 9, 0, 0, 0, 0, 0] -- 0.setPos.1.1 --> [0, 0, 0, 0, 0, 0, 0, 0])
Transition([0, 87, 8, 0, 0, 0, 0, 0] -- 0.setPos.1.1 --> [0, 0, 0, 0, 0, 0, 0, 0])
Transition([0, 19, 8, 0, 0, 0, 0, 0] -- 0.setPos.2.2 --> [0, 0, 6, 0, 0, 0, 0, 0])
Transition([0, 131, 9, 0, 0, 0, 0, 0] -- 0.setPos.2.2 --> [0, 0, 6, 0, 0, 0, 0, 0])
Transition([0, 0, 6, 0, 0, 0, 0, 0] -- startSafeCheck --> [0, 1, 6, 0, 1, 0, 0, 0])
Transition([0, 0, 5, 0, 0, 0, 0, 0] -- startSafeCheck --> [0, 1, 5, 0, 1, 0, 0, 0])
Transition([0, 0, 7, 0, 0, 0, 1, 0] -- illegalPosition --> [0, 0, 7, 0, 0, 0, 1, 0])
Transition([0, 1, 5, 0, 1, 0, 0, 0] -- 0.getPos.3.1 --> [0, 1, 5, 0, 9, 0, 0, 0])
Transition([0, 1, 6, 0, 1, 0, 0, 0] -- 0.getPos.2.2 --> [0, 1, 6, 0, 10, 0, 0, 0])
Transition([0, 1, 5, 0, 9, 0, 0, 0] -- 1.getPos.3.3 --> [0, 1, 5, 0, 3, 0, 0, 0])
Transition([0, 1, 6, 0, 10, 0, 0, 0] -- 1.getPos.3.3 --> [0, 1, 6, 0, 3, 0, 0, 0])
Transition([0, 1, 5, 0, 3, 0, 0, 0] -- checkSafeOk --> [0, 2, 5, 0, 0, 0, 0, 0])
Transition([0, 1, 6, 0, 3, 0, 0, 0] -- checkSafeOk --> [0, 2, 6, 0, 0, 0, 0, 0])
Transition([0, 2, 5, 0, 0, 0, 0, 0] -- startLiveCheck --> [0, 3, 5, 1, 0, 1, 0, 0])
Transition([0, 2, 6, 0, 0, 0, 0, 0] -- startLiveCheck --> [0, 3, 6, 1, 0, 1, 0, 0])
Transition([0, 3, 5, 1, 0, 1, 0, 0] -- 1.getPos.3.3 --> [0, 3, 5, 2, 0, 2, 0, 0])
Transition([0, 3, 6, 1, 0, 1, 0, 0] -- 1.getPos.3.3 --> [0, 3, 6, 2, 0, 2, 0, 0])
Transition([0, 3, 5, 2, 0, 2, 0, 0] -- checkLiveDone --> [0, 4, 5, 0, 0, 0, 0, 0])
Transition([0, 3, 6, 2, 0, 2, 0, 0] -- checkLiveDone --> [0, 4, 6, 0, 0, 0, 0, 0])
Transition([0, 4, 5, 0, 0, 0, 0, 0] -- down --> [0, 104, 5, 0, 0, 0, 0, 0])
Transition([0, 4, 6, 0, 0, 0, 0, 0] -- down --> [0, 104, 6, 0, 0, 0, 0, 0])
Transition([0, 4, 5, 0, 0, 0, 0, 0] -- left --> [0, 38, 5, 0, 0, 0, 0, 0])
Transition([0, 4, 6, 0, 0, 0, 0, 0] -- left --> [0, 38, 6, 0, 0, 0, 0, 0])
Transition([0, 4, 5, 0, 0, 0, 0, 0] -- right --> [0, 5, 5, 0, 0, 0, 0, 0])
Transition([0, 4, 6, 0, 0, 0, 0, 0] -- right --> [0, 5, 6, 0, 0, 0, 0, 0])
Transition([0, 4, 5, 0, 0, 0, 0, 0] -- up --> [0, 71, 5, 0, 0, 0, 0, 0])
Transition([0, 4, 6, 0, 0, 0, 0, 0] -- up --> [0, 71, 6, 0, 0, 0, 0, 0])
Transition([0, 71, 5, 0, 0, 0, 0, 0] -- 0.getPos.3.1 --> [0, 92, 5, 0, 0, 0, 0, 0])
Transition([0, 71, 6, 0, 0, 0, 0, 0] -- 0.getPos.2.2 --> [0, 79, 6, 0, 0, 0, 0, 0])
Transition([0, 38, 5, 0, 0, 0, 0, 0] -- 0.getPos.3.1 --> [0, 59, 5, 0, 0, 0, 0, 0])
Transition([0, 104, 5, 0, 0, 0, 0, 0] -- 0.getPos.3.1 --> [0, 125, 5, 0, 0, 0, 0, 0])
Transition([0, 5, 6, 0, 0, 0, 0, 0] -- 0.getPos.2.2 --> [0, 11, 6, 0, 0, 0, 0, 0])
Transition([0, 38, 6, 0, 0, 0, 0, 0] -- 0.getPos.2.2 --> [0, 46, 6, 0, 0, 0, 0, 0])
Transition([0, 104, 6, 0, 0, 0, 0, 0] -- 0.getPos.2.2 --> [0, 110, 6, 0, 0, 0, 0, 0])
Transition([0, 5, 5, 0, 0, 0, 0, 0] -- 0.getPos.3.1 --> [0, 26, 5, 0, 0, 0, 0, 0])
Transition([0, 110, 6, 0, 0, 0, 0, 0] -- 0.setPos.3.2 --> [0, 0, 2, 0, 0, 0, 1, 0])
Transition([0, 26, 5, 0, 0, 0, 0, 0] -- 0.setPos.3.2 --> [0, 0, 2, 0, 0, 0, 1, 0])
Transition([0, 125, 5, 0, 0, 0, 0, 0] -- 0.setPos.4.1 --> [0, 0, 1, 0, 0, 0, 0, 0])
Transition([0, 11, 6, 0, 0, 0, 0, 0] -- 0.setPos.2.3 --> [0, 0, 3, 0, 0, 0, 0, 0])
Transition([0, 92, 5, 0, 0, 0, 0, 0] -- 0.setPos.2.1 --> [0, 0, 8, 0, 0, 0, 0, 0])
Transition([0, 79, 6, 0, 0, 0, 0, 0] -- 0.setPos.1.2 --> [0, 0, 9, 0, 0, 0, 0, 0])
Transition([0, 46, 6, 0, 0, 0, 0, 0] -- 0.setPos.2.1 --> [0, 0, 8, 0, 0, 0, 0, 0])
Transition([0, 0, 2, 0, 0, 0, 1, 0] -- illegalPosition --> [0, 0, 2, 0, 0, 0, 1, 0])
Transition([0, 0, 1, 0, 0, 0, 0, 0] -- startSafeCheck --> [0, 1, 1, 0, 1, 0, 0, 0])
Transition([0, 0, 3, 0, 0, 0, 0, 0] -- startSafeCheck --> [0, 1, 3, 0, 1, 0, 0, 0])
Transition([0, 1, 1, 0, 1, 0, 0, 0] -- 0.getPos.4.1 --> [0, 1, 1, 0, 5, 0, 0, 0])
Transition([0, 1, 3, 0, 1, 0, 0, 0] -- 0.getPos.2.3 --> [0, 1, 3, 0, 7, 0, 0, 0])
Transition([0, 1, 1, 0, 5, 0, 0, 0] -- 1.getPos.3.3 --> [0, 1, 1, 0, 3, 0, 0, 0])
Transition([0, 1, 3, 0, 7, 0, 0, 0] -- 1.getPos.3.3 --> [0, 1, 3, 0, 3, 0, 0, 0])
Transition([0, 1, 1, 0, 3, 0, 0, 0] -- checkSafeOk --> [0, 2, 1, 0, 0, 0, 0, 0])
Transition([0, 1, 3, 0, 3, 0, 0, 0] -- checkSafeOk --> [0, 2, 3, 0, 0, 0, 0, 0])
Transition([0, 2, 1, 0, 0, 0, 0, 0] -- startLiveCheck --> [0, 3, 1, 1, 0, 1, 0, 0])
Transition([0, 2, 3, 0, 0, 0, 0, 0] -- startLiveCheck --> [0, 3, 3, 1, 0, 1, 0, 0])
Transition([0, 3, 1, 1, 0, 1, 0, 0] -- 1.getPos.3.3 --> [0, 3, 1, 2, 0, 2, 0, 0])
Transition([0, 3, 3, 1, 0, 1, 0, 0] -- 1.getPos.3.3 --> [0, 3, 3, 2, 0, 2, 0, 0])
Transition([0, 3, 1, 2, 0, 2, 0, 0] -- checkLiveDone --> [0, 4, 1, 0, 0, 0, 0, 0])
Transition([0, 3, 3, 2, 0, 2, 0, 0] -- checkLiveDone --> [0, 4, 3, 0, 0, 0, 0, 0])
Transition([0, 4, 1, 0, 0, 0, 0, 0] -- down --> [0, 104, 1, 0, 0, 0, 0, 0])
Transition([0, 4, 3, 0, 0, 0, 0, 0] -- down --> [0, 104, 3, 0, 0, 0, 0, 0])
Transition([0, 4, 1, 0, 0, 0, 0, 0] -- left --> [0, 38, 1, 0, 0, 0, 0, 0])
Transition([0, 4, 3, 0, 0, 0, 0, 0] -- left --> [0, 38, 3, 0, 0, 0, 0, 0])
Transition([0, 4, 1, 0, 0, 0, 0, 0] -- right --> [0, 5, 1, 0, 0, 0, 0, 0])
Transition([0, 4, 3, 0, 0, 0, 0, 0] -- right --> [0, 5, 3, 0, 0, 0, 0, 0])
Transition([0, 4, 1, 0, 0, 0, 0, 0] -- up --> [0, 71, 1, 0, 0, 0, 0, 0])
Transition([0, 4, 3, 0, 0, 0, 0, 0] -- up --> [0, 71, 3, 0, 0, 0, 0, 0])
Transition([0, 71, 1, 0, 0, 0, 0, 0] -- 0.getPos.4.1 --> [0, 75, 1, 0, 0, 0, 0, 0])
Transition([0, 71, 3, 0, 0, 0, 0, 0] -- 0.getPos.2.3 --> [0, 78, 3, 0, 0, 0, 0, 0])
Transition([0, 38, 1, 0, 0, 0, 0, 0] -- 0.getPos.4.1 --> [0, 42, 1, 0, 0, 0, 0, 0])
Transition([0, 104, 1, 0, 0, 0, 0, 0] -- 0.getPos.4.1 --> [0, 106, 1, 0, 0, 0, 0, 0])
Transition([0, 5, 3, 0, 0, 0, 0, 0] -- 0.getPos.2.3 --> [0, 10, 3, 0, 0, 0, 0, 0])
Transition([0, 5, 1, 0, 0, 0, 0, 0] -- 0.getPos.4.1 --> [0, 7, 1, 0, 0, 0, 0, 0])
Transition([0, 38, 3, 0, 0, 0, 0, 0] -- 0.getPos.2.3 --> [0, 43, 3, 0, 0, 0, 0, 0])
Transition([0, 104, 3, 0, 0, 0, 0, 0] -- 0.getPos.2.3 --> [0, 107, 3, 0, 0, 0, 0, 0])
Transition([0, 43, 3, 0, 0, 0, 0, 0] -- 0.setPos.2.2 --> [0, 0, 6, 0, 0, 0, 0, 0])
Transition([0, 107, 3, 0, 0, 0, 0, 0] -- 1.getPos.3.3 --> [0, 108, 3, 0, 0, 0, 0, 0])
Transition([0, 78, 3, 0, 0, 0, 0, 0] -- 0.setPos.1.3 --> [0, 0, 7, 0, 0, 0, 1, 0])
Transition([0, 107, 3, 0, 0, 0, 0, 0] -- 0.setPos.3.3 --> [0, 0, 14, 0, 0, 0, 0, 0])
Transition([0, 10, 3, 0, 0, 0, 0, 0] -- 0.setPos.2.4 --> [0, 0, 15, 0, 0, 0, 0, 0])
Transition([0, 75, 1, 0, 0, 0, 0, 0] -- 0.setPos.3.1 --> [0, 0, 5, 0, 0, 0, 0, 0])
Transition([0, 7, 1, 0, 0, 0, 0, 0] -- 0.setPos.4.2 --> [0, 0, 13, 0, 0, 0, 0, 0])
Transition([0, 108, 3, 0, 0, 0, 0, 0] -- 1.setPos.4.3 --> [12, 109, 3, 0, 0, 0, 0, 0])
Transition([0, 0, 13, 0, 0, 0, 0, 0] -- startSafeCheck --> [0, 1, 13, 0, 1, 0, 0, 0])
Transition([0, 0, 14, 0, 0, 0, 0, 0] -- startSafeCheck --> [0, 1, 14, 0, 1, 0, 0, 0])
Transition([0, 0, 15, 0, 0, 0, 0, 0] -- startSafeCheck --> [0, 1, 15, 0, 1, 0, 0, 0])
Transition([0, 1, 14, 0, 1, 0, 0, 0] -- 0.getPos.3.3 --> [0, 1, 14, 0, 15, 0, 0, 0])
Transition([0, 1, 15, 0, 1, 0, 0, 0] -- 0.getPos.2.4 --> [0, 1, 15, 0, 16, 0, 0, 0])
Transition([12, 109, 3, 0, 0, 0, 0, 0] -- 0.setPos.3.3 --> [12, 0, 14, 0, 0, 0, 0, 0])
Transition([0, 1, 13, 0, 1, 0, 0, 0] -- 0.getPos.4.2 --> [0, 1, 13, 0, 14, 0, 0, 0])
Transition([12, 0, 14, 0, 0, 0, 0, 0] -- startSafeCheck --> [12, 1, 14, 0, 1, 0, 0, 0])
Transition([0, 1, 13, 0, 14, 0, 0, 0] -- 1.getPos.3.3 --> [0, 1, 13, 0, 3, 0, 0, 0])
Transition([0, 1, 14, 0, 15, 0, 0, 0] -- 1.getPos.3.3 --> [0, 1, 14, 0, 4, 0, 0, 0])
Transition([0, 1, 15, 0, 16, 0, 0, 0] -- 1.getPos.3.3 --> [0, 1, 15, 0, 3, 0, 0, 0])
Transition([0, 1, 13, 0, 3, 0, 0, 0] -- checkSafeOk --> [0, 2, 13, 0, 0, 0, 0, 0])
Transition([0, 1, 15, 0, 3, 0, 0, 0] -- checkSafeOk --> [0, 2, 15, 0, 0, 0, 0, 0])
Transition([12, 1, 14, 0, 1, 0, 0, 0] -- 0.getPos.3.3 --> [12, 1, 14, 0, 15, 0, 0, 0])
Transition([0, 2, 15, 0, 0, 0, 0, 0] -- startLiveCheck --> [0, 3, 15, 1, 0, 1, 0, 0])
Transition([12, 1, 14, 0, 15, 0, 0, 0] -- 1.getPos.4.3 --> [12, 1, 14, 0, 3, 0, 0, 0])
Transition([0, 2, 13, 0, 0, 0, 0, 0] -- startLiveCheck --> [0, 3, 13, 1, 0, 1, 0, 0])
Transition([12, 1, 14, 0, 3, 0, 0, 0] -- checkSafeOk --> [12, 2, 14, 0, 0, 0, 0, 0])
Transition([0, 3, 13, 1, 0, 1, 0, 0] -- 1.getPos.3.3 --> [0, 3, 13, 2, 0, 2, 0, 0])
Transition([0, 3, 15, 1, 0, 1, 0, 0] -- 1.getPos.3.3 --> [0, 3, 15, 2, 0, 2, 0, 0])
Transition([0, 3, 13, 2, 0, 2, 0, 0] -- checkLiveDone --> [0, 4, 13, 0, 0, 0, 0, 0])
Transition([0, 3, 15, 2, 0, 2, 0, 0] -- checkLiveDone --> [0, 4, 15, 0, 0, 0, 0, 0])
Transition([12, 2, 14, 0, 0, 0, 0, 0] -- startLiveCheck --> [12, 3, 14, 1, 0, 1, 0, 0])
Transition([0, 4, 15, 0, 0, 0, 0, 0] -- down --> [0, 104, 15, 0, 0, 0, 0, 0])
Transition([12, 3, 14, 1, 0, 1, 0, 0] -- 1.getPos.4.3 --> [12, 3, 14, 2, 0, 2, 0, 0])
Transition([0, 4, 15, 0, 0, 0, 0, 0] -- left --> [0, 38, 15, 0, 0, 0, 0, 0])
Transition([0, 4, 13, 0, 0, 0, 0, 0] -- down --> [0, 104, 13, 0, 0, 0, 0, 0])
Transition([0, 4, 15, 0, 0, 0, 0, 0] -- right --> [0, 5, 15, 0, 0, 0, 0, 0])
Transition([0, 4, 13, 0, 0, 0, 0, 0] -- left --> [0, 38, 13, 0, 0, 0, 0, 0])
Transition([0, 4, 15, 0, 0, 0, 0, 0] -- up --> [0, 71, 15, 0, 0, 0, 0, 0])
Transition([0, 4, 13, 0, 0, 0, 0, 0] -- right --> [0, 5, 13, 0, 0, 0, 0, 0])
Transition([0, 4, 13, 0, 0, 0, 0, 0] -- up --> [0, 71, 13, 0, 0, 0, 0, 0])
Transition([12, 3, 14, 2, 0, 2, 0, 0] -- checkLiveDone --> [12, 4, 14, 0, 0, 0, 0, 0])
Transition([0, 71, 13, 0, 0, 0, 0, 0] -- 0.getPos.4.2 --> [0, 83, 13, 0, 0, 0, 0, 0])
Transition([0, 71, 15, 0, 0, 0, 0, 0] -- 0.getPos.2.4 --> [0, 86, 15, 0, 0, 0, 0, 0])
Transition([0, 38, 15, 0, 0, 0, 0, 0] -- 0.getPos.2.4 --> [0, 51, 15, 0, 0, 0, 0, 0])
Transition([0, 5, 13, 0, 0, 0, 0, 0] -- 0.getPos.4.2 --> [0, 15, 13, 0, 0, 0, 0, 0])
Transition([0, 104, 13, 0, 0, 0, 0, 0] -- 0.getPos.4.2 --> [0, 114, 13, 0, 0, 0, 0, 0])
Transition([0, 104, 15, 0, 0, 0, 0, 0] -- 0.getPos.2.4 --> [0, 115, 15, 0, 0, 0, 0, 0])
Transition([0, 5, 15, 0, 0, 0, 0, 0] -- 0.getPos.2.4 --> [0, 18, 15, 0, 0, 0, 0, 0])
Transition([0, 38, 13, 0, 0, 0, 0, 0] -- 0.getPos.4.2 --> [0, 50, 13, 0, 0, 0, 0, 0])
Transition([12, 4, 14, 0, 0, 0, 0, 0] -- down --> [12, 104, 14, 0, 0, 0, 0, 0])
Transition([0, 50, 13, 0, 0, 0, 0, 0] -- 0.setPos.4.1 --> [0, 0, 1, 0, 0, 0, 0, 0])
Transition([12, 4, 14, 0, 0, 0, 0, 0] -- left --> [12, 38, 14, 0, 0, 0, 0, 0])
Transition([0, 51, 15, 0, 0, 0, 0, 0] -- 0.setPos.2.3 --> [0, 0, 3, 0, 0, 0, 0, 0])
Transition([0, 83, 13, 0, 0, 0, 0, 0] -- 0.setPos.3.2 --> [0, 0, 2, 0, 0, 0, 1, 0])
Transition([12, 4, 14, 0, 0, 0, 0, 0] -- right --> [12, 5, 14, 0, 0, 0, 0, 0])
Transition([0, 15, 13, 0, 0, 0, 0, 0] -- 0.setPos.4.3 --> [0, 0, 11, 0, 0, 0, 0, 0])
Transition([12, 4, 14, 0, 0, 0, 0, 0] -- up --> [12, 71, 14, 0, 0, 0, 0, 0])
Transition([0, 86, 15, 0, 0, 0, 0, 0] -- 0.setPos.1.4 --> [0, 0, 4, 0, 0, 0, 0, 0])
Transition([0, 115, 15, 0, 0, 0, 0, 0] -- 0.setPos.3.4 --> [0, 0, 12, 0, 0, 0, 0, 0])
Transition([0, 0, 4, 0, 0, 0, 0, 0] -- startSafeCheck --> [0, 1, 4, 0, 1, 0, 0, 0])
Transition([0, 0, 12, 0, 0, 0, 0, 0] -- startSafeCheck --> [0, 1, 12, 0, 1, 0, 0, 0])
Transition([0, 0, 11, 0, 0, 0, 0, 0] -- startSafeCheck --> [0, 1, 11, 0, 1, 0, 0, 0])
Transition([12, 104, 14, 0, 0, 0, 0, 0] -- 0.getPos.3.3 --> [12, 130, 14, 0, 0, 0, 0, 0])
Transition([12, 38, 14, 0, 0, 0, 0, 0] -- 0.getPos.3.3 --> [12, 66, 14, 0, 0, 0, 0, 0])
Transition([12, 71, 14, 0, 0, 0, 0, 0] -- 0.getPos.3.3 --> [12, 99, 14, 0, 0, 0, 0, 0])
Transition([12, 5, 14, 0, 0, 0, 0, 0] -- 0.getPos.3.3 --> [12, 31, 14, 0, 0, 0, 0, 0])
Transition([12, 99, 14, 0, 0, 0, 0, 0] -- 0.setPos.2.3 --> [12, 0, 3, 0, 0, 0, 0, 0])
Transition([12, 31, 14, 0, 0, 0, 0, 0] -- 0.setPos.3.4 --> [12, 0, 12, 0, 0, 0, 0, 0])
Transition([0, 1, 11, 0, 1, 0, 0, 0] -- 0.getPos.4.3 --> [0, 1, 11, 0, 12, 0, 0, 0])
Transition([0, 1, 4, 0, 1, 0, 0, 0] -- 0.getPos.1.4 --> [0, 1, 4, 0, 8, 0, 0, 0])
Transition([0, 1, 12, 0, 1, 0, 0, 0] -- 0.getPos.3.4 --> [0, 1, 12, 0, 13, 0, 0, 0])
Transition([12, 66, 14, 0, 0, 0, 0, 0] -- 0.setPos.3.2 --> [12, 0, 2, 0, 0, 0, 1, 0])
Transition([12, 130, 14, 0, 0, 0, 0, 0] -- 0.setPos.4.3 --> [12, 0, 11, 0, 0, 0, 0, 0])
Transition([12, 0, 2, 0, 0, 0, 1, 0] -- illegalPosition --> [12, 0, 2, 0, 0, 0, 1, 0])
Transition([12, 0, 11, 0, 0, 0, 0, 0] -- startSafeCheck --> [12, 1, 11, 0, 1, 0, 0, 0])
Transition([0, 1, 4, 0, 8, 0, 0, 0] -- 1.getPos.3.3 --> [0, 1, 4, 0, 3, 0, 0, 0])
Transition([0, 1, 11, 0, 12, 0, 0, 0] -- 1.getPos.3.3 --> [0, 1, 11, 0, 3, 0, 0, 0])
Transition([12, 0, 3, 0, 0, 0, 0, 0] -- startSafeCheck --> [12, 1, 3, 0, 1, 0, 0, 0])
Transition([12, 0, 12, 0, 0, 0, 0, 0] -- startSafeCheck --> [12, 1, 12, 0, 1, 0, 0, 0])
Transition([0, 1, 12, 0, 13, 0, 0, 0] -- 1.getPos.3.3 --> [0, 1, 12, 0, 3, 0, 0, 0])
Transition([12, 1, 12, 0, 1, 0, 0, 0] -- 0.getPos.3.4 --> [12, 1, 12, 0, 13, 0, 0, 0])
Transition([0, 1, 12, 0, 3, 0, 0, 0] -- checkSafeOk --> [0, 2, 12, 0, 0, 0, 0, 0])
Transition([0, 1, 11, 0, 3, 0, 0, 0] -- checkSafeOk --> [0, 2, 11, 0, 0, 0, 0, 0])
Transition([12, 1, 11, 0, 1, 0, 0, 0] -- 0.getPos.4.3 --> [12, 1, 11, 0, 12, 0, 0, 0])
Transition([0, 1, 4, 0, 3, 0, 0, 0] -- checkSafeOk --> [0, 2, 4, 0, 0, 0, 0, 0])
Transition([12, 1, 3, 0, 1, 0, 0, 0] -- 0.getPos.2.3 --> [12, 1, 3, 0, 7, 0, 0, 0])
Transition([0, 2, 4, 0, 0, 0, 0, 0] -- startLiveCheck --> [0, 3, 4, 1, 0, 1, 0, 0])
Transition([12, 1, 3, 0, 7, 0, 0, 0] -- 1.getPos.4.3 --> [12, 1, 3, 0, 3, 0, 0, 0])
Transition([0, 2, 11, 0, 0, 0, 0, 0] -- startLiveCheck --> [0, 3, 11, 1, 0, 1, 0, 0])
Transition([12, 1, 12, 0, 13, 0, 0, 0] -- 1.getPos.4.3 --> [12, 1, 12, 0, 3, 0, 0, 0])
Transition([0, 2, 12, 0, 0, 0, 0, 0] -- startLiveCheck --> [0, 3, 12, 1, 0, 1, 0, 0])
Transition([12, 1, 11, 0, 12, 0, 0, 0] -- 1.getPos.4.3 --> [12, 1, 11, 0, 4, 0, 0, 0])
Transition([0, 3, 12, 1, 0, 1, 0, 0] -- 1.getPos.3.3 --> [0, 3, 12, 2, 0, 2, 0, 0])
Transition([12, 1, 3, 0, 3, 0, 0, 0] -- checkSafeOk --> [12, 2, 3, 0, 0, 0, 0, 0])
Transition([0, 3, 11, 1, 0, 1, 0, 0] -- 1.getPos.3.3 --> [0, 3, 11, 2, 0, 2, 0, 0])
Transition([0, 3, 4, 1, 0, 1, 0, 0] -- 1.getPos.3.3 --> [0, 3, 4, 2, 0, 2, 0, 0])
Transition([12, 1, 12, 0, 3, 0, 0, 0] -- checkSafeOk --> [12, 2, 12, 0, 0, 0, 0, 0])
Transition([0, 3, 4, 2, 0, 2, 0, 0] -- checkLiveDone --> [0, 4, 4, 0, 0, 0, 0, 0])
Transition([12, 2, 12, 0, 0, 0, 0, 0] -- startLiveCheck --> [12, 3, 12, 1, 0, 1, 0, 0])
Transition([12, 2, 3, 0, 0, 0, 0, 0] -- startLiveCheck --> [12, 3, 3, 1, 0, 1, 0, 0])
Transition([0, 3, 12, 2, 0, 2, 0, 0] -- checkLiveDone --> [0, 4, 12, 0, 0, 0, 0, 0])
Transition([0, 3, 11, 2, 0, 2, 0, 0] -- checkLiveDone --> [0, 4, 11, 0, 0, 0, 0, 0])
Transition([0, 4, 12, 0, 0, 0, 0, 0] -- down --> [0, 104, 12, 0, 0, 0, 0, 0])
Transition([0, 4, 11, 0, 0, 0, 0, 0] -- down --> [0, 104, 11, 0, 0, 0, 0, 0])
Transition([0, 4, 12, 0, 0, 0, 0, 0] -- left --> [0, 38, 12, 0, 0, 0, 0, 0])
Transition([0, 4, 11, 0, 0, 0, 0, 0] -- left --> [0, 38, 11, 0, 0, 0, 0, 0])
Transition([0, 4, 12, 0, 0, 0, 0, 0] -- right --> [0, 5, 12, 0, 0, 0, 0, 0])
Transition([0, 4, 11, 0, 0, 0, 0, 0] -- right --> [0, 5, 11, 0, 0, 0, 0, 0])
Transition([12, 3, 12, 1, 0, 1, 0, 0] -- 1.getPos.4.3 --> [12, 3, 12, 2, 0, 2, 0, 0])
Transition([0, 4, 11, 0, 0, 0, 0, 0] -- up --> [0, 71, 11, 0, 0, 0, 0, 0])
Transition([0, 4, 4, 0, 0, 0, 0, 0] -- down --> [0, 104, 4, 0, 0, 0, 0, 0])
Transition([0, 4, 12, 0, 0, 0, 0, 0] -- up --> [0, 71, 12, 0, 0, 0, 0, 0])
Transition([12, 3, 3, 1, 0, 1, 0, 0] -- 1.getPos.4.3 --> [12, 3, 3, 2, 0, 2, 0, 0])
Transition([0, 4, 4, 0, 0, 0, 0, 0] -- left --> [0, 38, 4, 0, 0, 0, 0, 0])
Transition([0, 4, 4, 0, 0, 0, 0, 0] -- right --> [0, 5, 4, 0, 0, 0, 0, 0])
Transition([0, 4, 4, 0, 0, 0, 0, 0] -- up --> [0, 71, 4, 0, 0, 0, 0, 0])
Transition([0, 38, 12, 0, 0, 0, 0, 0] -- 0.getPos.3.4 --> [0, 63, 12, 0, 0, 0, 0, 0])
Transition([0, 71, 4, 0, 0, 0, 0, 0] -- 0.getPos.1.4 --> [0, 91, 4, 0, 0, 0, 0, 0])
Transition([0, 71, 11, 0, 0, 0, 0, 0] -- 0.getPos.4.3 --> [0, 80, 11, 0, 0, 0, 0, 0])
Transition([0, 5, 4, 0, 0, 0, 0, 0] -- 0.getPos.1.4 --> [0, 25, 4, 0, 0, 0, 0, 0])
Transition([0, 104, 12, 0, 0, 0, 0, 0] -- 0.getPos.3.4 --> [0, 129, 12, 0, 0, 0, 0, 0])
Transition([0, 38, 4, 0, 0, 0, 0, 0] -- 0.getPos.1.4 --> [0, 56, 4, 0, 0, 0, 0, 0])
Transition([0, 38, 11, 0, 0, 0, 0, 0] -- 0.getPos.4.3 --> [0, 47, 11, 0, 0, 0, 0, 0])
Transition([0, 5, 12, 0, 0, 0, 0, 0] -- 0.getPos.3.4 --> [0, 30, 12, 0, 0, 0, 0, 0])
Transition([12, 3, 12, 2, 0, 2, 0, 0] -- checkLiveDone --> [12, 4, 12, 0, 0, 0, 0, 0])
Transition([0, 5, 11, 0, 0, 0, 0, 0] -- 0.getPos.4.3 --> [0, 14, 11, 0, 0, 0, 0, 0])
Transition([0, 104, 4, 0, 0, 0, 0, 0] -- 0.getPos.1.4 --> [0, 122, 4, 0, 0, 0, 0, 0])
Transition([0, 104, 11, 0, 0, 0, 0, 0] -- 0.getPos.4.3 --> [0, 113, 11, 0, 0, 0, 0, 0])
Transition([0, 71, 12, 0, 0, 0, 0, 0] -- 0.getPos.3.4 --> [0, 96, 12, 0, 0, 0, 0, 0])
Transition([12, 3, 3, 2, 0, 2, 0, 0] -- checkLiveDone --> [12, 4, 3, 0, 0, 0, 0, 0])
Transition([0, 96, 12, 0, 0, 0, 0, 0] -- 0.setPos.2.4 --> [0, 0, 15, 0, 0, 0, 0, 0])
Transition([12, 4, 3, 0, 0, 0, 0, 0] -- down --> [12, 104, 3, 0, 0, 0, 0, 0])
Transition([0, 80, 11, 0, 0, 0, 0, 0] -- 1.getPos.3.3 --> [0, 81, 11, 0, 0, 0, 0, 0])
Transition([12, 4, 3, 0, 0, 0, 0, 0] -- left --> [12, 38, 3, 0, 0, 0, 0, 0])
Transition([0, 80, 11, 0, 0, 0, 0, 0] -- 0.setPos.3.3 --> [0, 0, 14, 0, 0, 0, 0, 0])
Transition([12, 4, 3, 0, 0, 0, 0, 0] -- right --> [12, 5, 3, 0, 0, 0, 0, 0])
Transition([12, 4, 12, 0, 0, 0, 0, 0] -- down --> [12, 104, 12, 0, 0, 0, 0, 0])
Transition([12, 4, 3, 0, 0, 0, 0, 0] -- up --> [12, 71, 3, 0, 0, 0, 0, 0])
Transition([12, 4, 12, 0, 0, 0, 0, 0] -- left --> [12, 38, 12, 0, 0, 0, 0, 0])
Transition([0, 129, 12, 0, 0, 0, 0, 0] -- 0.setPos.4.4 --> [0, 0, 10, 0, 0, 0, 0, 0])
Transition([12, 4, 12, 0, 0, 0, 0, 0] -- right --> [12, 5, 12, 0, 0, 0, 0, 0])
Transition([0, 63, 12, 0, 0, 0, 0, 0] -- 1.getPos.3.3 --> [0, 64, 12, 0, 0, 0, 0, 0])
Transition([12, 4, 12, 0, 0, 0, 0, 0] -- up --> [12, 71, 12, 0, 0, 0, 0, 0])
Transition([0, 47, 11, 0, 0, 0, 0, 0] -- 0.setPos.4.2 --> [0, 0, 13, 0, 0, 0, 0, 0])
Transition([0, 63, 12, 0, 0, 0, 0, 0] -- 0.setPos.3.3 --> [0, 0, 14, 0, 0, 0, 0, 0])
Transition([0, 56, 4, 0, 0, 0, 0, 0] -- 0.setPos.1.3 --> [0, 0, 7, 0, 0, 0, 1, 0])
Transition([0, 14, 11, 0, 0, 0, 0, 0] -- 0.setPos.4.4 --> [0, 0, 10, 0, 0, 0, 0, 0])
Transition([0, 122, 4, 0, 0, 0, 0, 0] -- 0.setPos.2.4 --> [0, 0, 15, 0, 0, 0, 0, 0])
Transition([12, 104, 12, 0, 0, 0, 0, 0] -- 0.getPos.3.4 --> [12, 129, 12, 0, 0, 0, 0, 0])
Transition([12, 5, 3, 0, 0, 0, 0, 0] -- 0.getPos.2.3 --> [12, 10, 3, 0, 0, 0, 0, 0])
Transition([12, 71, 12, 0, 0, 0, 0, 0] -- 0.getPos.3.4 --> [12, 96, 12, 0, 0, 0, 0, 0])
Transition([12, 38, 3, 0, 0, 0, 0, 0] -- 0.getPos.2.3 --> [12, 43, 3, 0, 0, 0, 0, 0])
Transition([12, 71, 3, 0, 0, 0, 0, 0] -- 0.getPos.2.3 --> [12, 78, 3, 0, 0, 0, 0, 0])
Transition([12, 104, 3, 0, 0, 0, 0, 0] -- 0.getPos.2.3 --> [12, 107, 3, 0, 0, 0, 0, 0])
Transition([0, 0, 10, 0, 0, 0, 0, 0] -- startSafeCheck --> [0, 1, 10, 0, 1, 0, 0, 0])
Transition([0, 81, 11, 0, 0, 0, 0, 0] -- 1.setPos.2.3 --> [3, 82, 11, 0, 0, 0, 0, 0])
Transition([12, 38, 12, 0, 0, 0, 0, 0] -- 0.getPos.3.4 --> [12, 63, 12, 0, 0, 0, 0, 0])
Transition([0, 64, 12, 0, 0, 0, 0, 0] -- 1.setPos.3.2 --> [2, 65, 12, 0, 0, 0, 1, 0])
Transition([12, 5, 12, 0, 0, 0, 0, 0] -- 0.getPos.3.4 --> [12, 30, 12, 0, 0, 0, 0, 0])
Transition([2, 65, 12, 0, 0, 0, 1, 0] -- illegalPosition --> [2, 65, 12, 0, 0, 0, 1, 0])
Transition([12, 43, 3, 0, 0, 0, 0, 0] -- 0.setPos.2.2 --> [12, 0, 6, 0, 0, 0, 0, 0])
Transition([12, 10, 3, 0, 0, 0, 0, 0] -- 0.setPos.2.4 --> [12, 0, 15, 0, 0, 0, 0, 0])
Transition([12, 107, 3, 0, 0, 0, 0, 0] -- 0.setPos.3.3 --> [12, 0, 14, 0, 0, 0, 0, 0])
Transition([12, 96, 12, 0, 0, 0, 0, 0] -- 0.setPos.2.4 --> [12, 0, 15, 0, 0, 0, 0, 0])
Transition([12, 129, 12, 0, 0, 0, 0, 0] -- 0.setPos.4.4 --> [12, 0, 10, 0, 0, 0, 0, 0])
Transition([3, 82, 11, 0, 0, 0, 0, 0] -- 0.setPos.3.3 --> [3, 0, 14, 0, 0, 0, 0, 0])
Transition([12, 78, 3, 0, 0, 0, 0, 0] -- 0.setPos.1.3 --> [12, 0, 7, 0, 0, 0, 1, 0])
Transition([12, 63, 12, 0, 0, 0, 0, 0] -- 0.setPos.3.3 --> [12, 0, 14, 0, 0, 0, 0, 0])
Transition([0, 1, 10, 0, 1, 0, 0, 0] -- 0.getPos.4.4 --> [0, 1, 10, 0, 2, 0, 0, 0])
Transition([3, 0, 14, 0, 0, 0, 0, 0] -- startSafeCheck --> [3, 1, 14, 0, 1, 0, 0, 0])
Transition([0, 1, 10, 0, 2, 0, 0, 0] -- 1.getPos.3.3 --> [0, 1, 10, 0, 3, 0, 0, 0])
Transition([12, 0, 10, 0, 0, 0, 0, 0] -- startSafeCheck --> [12, 1, 10, 0, 1, 0, 0, 0])
Transition([12, 0, 15, 0, 0, 0, 0, 0] -- startSafeCheck --> [12, 1, 15, 0, 1, 0, 0, 0])
Transition([12, 0, 6, 0, 0, 0, 0, 0] -- startSafeCheck --> [12, 1, 6, 0, 1, 0, 0, 0])
Transition([12, 0, 7, 0, 0, 0, 1, 0] -- illegalPosition --> [12, 0, 7, 0, 0, 0, 1, 0])
Transition([12, 1, 6, 0, 1, 0, 0, 0] -- 0.getPos.2.2 --> [12, 1, 6, 0, 10, 0, 0, 0])
Transition([0, 1, 10, 0, 3, 0, 0, 0] -- checkSafeOk --> [0, 2, 10, 0, 0, 0, 0, 0])
Transition([12, 1, 10, 0, 1, 0, 0, 0] -- 0.getPos.4.4 --> [12, 1, 10, 0, 2, 0, 0, 0])
Transition([3, 1, 14, 0, 1, 0, 0, 0] -- 0.getPos.3.3 --> [3, 1, 14, 0, 15, 0, 0, 0])
Transition([12, 1, 15, 0, 1, 0, 0, 0] -- 0.getPos.2.4 --> [12, 1, 15, 0, 16, 0, 0, 0])
Transition([3, 1, 14, 0, 15, 0, 0, 0] -- 1.getPos.2.3 --> [3, 1, 14, 0, 3, 0, 0, 0])
Transition([12, 1, 15, 0, 16, 0, 0, 0] -- 1.getPos.4.3 --> [12, 1, 15, 0, 3, 0, 0, 0])
Transition([0, 2, 10, 0, 0, 0, 0, 0] -- startLiveCheck --> [0, 3, 10, 1, 0, 1, 0, 0])
Transition([12, 1, 6, 0, 10, 0, 0, 0] -- 1.getPos.4.3 --> [12, 1, 6, 0, 3, 0, 0, 0])
Transition([12, 1, 10, 0, 2, 0, 0, 0] -- 1.getPos.4.3 --> [12, 1, 10, 0, 3, 0, 0, 0])
Transition([12, 1, 6, 0, 3, 0, 0, 0] -- checkSafeOk --> [12, 2, 6, 0, 0, 0, 0, 0])
Transition([12, 1, 10, 0, 3, 0, 0, 0] -- checkSafeOk --> [12, 2, 10, 0, 0, 0, 0, 0])
Transition([12, 1, 15, 0, 3, 0, 0, 0] -- checkSafeOk --> [12, 2, 15, 0, 0, 0, 0, 0])
Transition([3, 1, 14, 0, 3, 0, 0, 0] -- checkSafeOk --> [3, 2, 14, 0, 0, 0, 0, 0])
Transition([0, 3, 10, 1, 0, 1, 0, 0] -- 1.getPos.3.3 --> [0, 3, 10, 2, 0, 2, 0, 0])
Transition([3, 2, 14, 0, 0, 0, 0, 0] -- startLiveCheck --> [3, 3, 14, 1, 0, 1, 0, 0])
Transition([0, 3, 10, 2, 0, 2, 0, 0] -- checkLiveDone --> [0, 4, 10, 0, 0, 0, 0, 0])
Transition([12, 2, 10, 0, 0, 0, 0, 0] -- startLiveCheck --> [12, 3, 10, 1, 0, 1, 0, 0])
Transition([12, 2, 6, 0, 0, 0, 0, 0] -- startLiveCheck --> [12, 3, 6, 1, 0, 1, 0, 0])
Transition([12, 2, 15, 0, 0, 0, 0, 0] -- startLiveCheck --> [12, 3, 15, 1, 0, 1, 0, 0])
Transition([12, 3, 6, 1, 0, 1, 0, 0] -- 1.getPos.4.3 --> [12, 3, 6, 2, 0, 2, 0, 0])
Transition([12, 3, 15, 1, 0, 1, 0, 0] -- 1.getPos.4.3 --> [12, 3, 15, 2, 0, 2, 0, 0])
Transition([0, 4, 10, 0, 0, 0, 0, 0] -- down --> [0, 104, 10, 0, 0, 0, 0, 0])
Transition([3, 3, 14, 1, 0, 1, 0, 0] -- 1.getPos.2.3 --> [3, 3, 14, 2, 0, 2, 0, 0])
Transition([0, 4, 10, 0, 0, 0, 0, 0] -- left --> [0, 38, 10, 0, 0, 0, 0, 0])
Transition([12, 3, 10, 1, 0, 1, 0, 0] -- 1.getPos.4.3 --> [12, 3, 10, 2, 0, 2, 0, 0])
Transition([0, 4, 10, 0, 0, 0, 0, 0] -- right --> [0, 5, 10, 0, 0, 0, 0, 0])
Transition([0, 4, 10, 0, 0, 0, 0, 0] -- up --> [0, 71, 10, 0, 0, 0, 0, 0])
Transition([12, 3, 6, 2, 0, 2, 0, 0] -- checkLiveDone --> [12, 4, 6, 0, 0, 0, 0, 0])
Transition([0, 71, 10, 0, 0, 0, 0, 0] -- 0.getPos.4.4 --> [0, 72, 10, 0, 0, 0, 0, 0])
Transition([12, 3, 10, 2, 0, 2, 0, 0] -- checkLiveDone --> [12, 4, 10, 0, 0, 0, 0, 0])
Transition([12, 3, 15, 2, 0, 2, 0, 0] -- checkLiveDone --> [12, 4, 15, 0, 0, 0, 0, 0])
Transition([0, 104, 10, 0, 0, 0, 0, 0] -- 0.getPos.4.4 --> [0, 105, 10, 0, 0, 0, 0, 0])
Transition([3, 3, 14, 2, 0, 2, 0, 0] -- checkLiveDone --> [3, 4, 14, 0, 0, 0, 0, 0])
Transition([0, 5, 10, 0, 0, 0, 0, 0] -- 0.getPos.4.4 --> [0, 6, 10, 0, 0, 0, 0, 0])
Transition([0, 38, 10, 0, 0, 0, 0, 0] -- 0.getPos.4.4 --> [0, 39, 10, 0, 0, 0, 0, 0])
Transition([12, 4, 15, 0, 0, 0, 0, 0] -- down --> [12, 104, 15, 0, 0, 0, 0, 0])
Transition([0, 39, 10, 0, 0, 0, 0, 0] -- 0.setPos.4.3 --> [0, 0, 11, 0, 0, 0, 0, 0])
Transition([12, 4, 15, 0, 0, 0, 0, 0] -- left --> [12, 38, 15, 0, 0, 0, 0, 0])
Transition([12, 4, 10, 0, 0, 0, 0, 0] -- down --> [12, 104, 10, 0, 0, 0, 0, 0])
Transition([12, 4, 15, 0, 0, 0, 0, 0] -- right --> [12, 5, 15, 0, 0, 0, 0, 0])
Transition([12, 4, 6, 0, 0, 0, 0, 0] -- down --> [12, 104, 6, 0, 0, 0, 0, 0])
Transition([12, 4, 10, 0, 0, 0, 0, 0] -- left --> [12, 38, 10, 0, 0, 0, 0, 0])
Transition([12, 4, 6, 0, 0, 0, 0, 0] -- left --> [12, 38, 6, 0, 0, 0, 0, 0])
Transition([12, 4, 10, 0, 0, 0, 0, 0] -- right --> [12, 5, 10, 0, 0, 0, 0, 0])
Transition([12, 4, 15, 0, 0, 0, 0, 0] -- up --> [12, 71, 15, 0, 0, 0, 0, 0])
Transition([12, 4, 10, 0, 0, 0, 0, 0] -- up --> [12, 71, 10, 0, 0, 0, 0, 0])
Transition([0, 72, 10, 0, 0, 0, 0, 0] -- 0.setPos.3.4 --> [0, 0, 12, 0, 0, 0, 0, 0])
Transition([3, 4, 14, 0, 0, 0, 0, 0] -- down --> [3, 104, 14, 0, 0, 0, 0, 0])
Transition([12, 4, 6, 0, 0, 0, 0, 0] -- right --> [12, 5, 6, 0, 0, 0, 0, 0])
Transition([3, 4, 14, 0, 0, 0, 0, 0] -- left --> [3, 38, 14, 0, 0, 0, 0, 0])
Transition([12, 4, 6, 0, 0, 0, 0, 0] -- up --> [12, 71, 6, 0, 0, 0, 0, 0])
Transition([3, 4, 14, 0, 0, 0, 0, 0] -- right --> [3, 5, 14, 0, 0, 0, 0, 0])
Transition([3, 4, 14, 0, 0, 0, 0, 0] -- up --> [3, 71, 14, 0, 0, 0, 0, 0])
Transition([12, 5, 15, 0, 0, 0, 0, 0] -- 0.getPos.2.4 --> [12, 18, 15, 0, 0, 0, 0, 0])
Transition([3, 71, 14, 0, 0, 0, 0, 0] -- 0.getPos.3.3 --> [3, 99, 14, 0, 0, 0, 0, 0])
Transition([3, 5, 14, 0, 0, 0, 0, 0] -- 0.getPos.3.3 --> [3, 31, 14, 0, 0, 0, 0, 0])
Transition([12, 71, 6, 0, 0, 0, 0, 0] -- 0.getPos.2.2 --> [12, 79, 6, 0, 0, 0, 0, 0])
Transition([12, 71, 15, 0, 0, 0, 0, 0] -- 0.getPos.2.4 --> [12, 86, 15, 0, 0, 0, 0, 0])
Transition([12, 104, 15, 0, 0, 0, 0, 0] -- 0.getPos.2.4 --> [12, 115, 15, 0, 0, 0, 0, 0])
Transition([12, 104, 6, 0, 0, 0, 0, 0] -- 0.getPos.2.2 --> [12, 110, 6, 0, 0, 0, 0, 0])
Transition([12, 38, 15, 0, 0, 0, 0, 0] -- 0.getPos.2.4 --> [12, 51, 15, 0, 0, 0, 0, 0])
Transition([12, 38, 10, 0, 0, 0, 0, 0] -- 0.getPos.4.4 --> [12, 39, 10, 0, 0, 0, 0, 0])
Transition([12, 38, 6, 0, 0, 0, 0, 0] -- 0.getPos.2.2 --> [12, 46, 6, 0, 0, 0, 0, 0])
Transition([12, 71, 10, 0, 0, 0, 0, 0] -- 0.getPos.4.4 --> [12, 72, 10, 0, 0, 0, 0, 0])
Transition([12, 5, 10, 0, 0, 0, 0, 0] -- 0.getPos.4.4 --> [12, 6, 10, 0, 0, 0, 0, 0])
Transition([3, 104, 14, 0, 0, 0, 0, 0] -- 0.getPos.3.3 --> [3, 130, 14, 0, 0, 0, 0, 0])
Transition([3, 38, 14, 0, 0, 0, 0, 0] -- 0.getPos.3.3 --> [3, 66, 14, 0, 0, 0, 0, 0])
Transition([12, 5, 6, 0, 0, 0, 0, 0] -- 0.getPos.2.2 --> [12, 11, 6, 0, 0, 0, 0, 0])
Transition([12, 104, 10, 0, 0, 0, 0, 0] -- 0.getPos.4.4 --> [12, 105, 10, 0, 0, 0, 0, 0])
Transition([12, 11, 6, 0, 0, 0, 0, 0] -- 0.setPos.2.3 --> [12, 0, 3, 0, 0, 0, 0, 0])
Transition([12, 46, 6, 0, 0, 0, 0, 0] -- 0.setPos.2.1 --> [12, 0, 8, 0, 0, 0, 0, 0])
Transition([12, 39, 10, 0, 0, 0, 0, 0] -- 1.getPos.4.3 --> [12, 40, 10, 0, 0, 0, 0, 0])
Transition([12, 51, 15, 0, 0, 0, 0, 0] -- 0.setPos.2.3 --> [12, 0, 3, 0, 0, 0, 0, 0])
Transition([12, 39, 10, 0, 0, 0, 0, 0] -- 0.setPos.4.3 --> [12, 0, 11, 0, 0, 0, 0, 0])
Transition([12, 79, 6, 0, 0, 0, 0, 0] -- 0.setPos.1.2 --> [12, 0, 9, 0, 0, 0, 0, 0])
Transition([12, 115, 15, 0, 0, 0, 0, 0] -- 0.setPos.3.4 --> [12, 0, 12, 0, 0, 0, 0, 0])
Transition([3, 99, 14, 0, 0, 0, 0, 0] -- 1.getPos.2.3 --> [3, 100, 14, 0, 0, 0, 0, 0])
Transition([12, 86, 15, 0, 0, 0, 0, 0] -- 0.setPos.1.4 --> [12, 0, 4, 0, 0, 0, 0, 0])
Transition([3, 99, 14, 0, 0, 0, 0, 0] -- 0.setPos.2.3 --> [3, 0, 3, 0, 0, 0, 0, 0])
Transition([3, 31, 14, 0, 0, 0, 0, 0] -- 0.setPos.3.4 --> [3, 0, 12, 0, 0, 0, 0, 0])
Transition([12, 110, 6, 0, 0, 0, 0, 0] -- 0.setPos.3.2 --> [12, 0, 2, 0, 0, 0, 1, 0])
Transition([3, 66, 14, 0, 0, 0, 0, 0] -- 0.setPos.3.2 --> [3, 0, 2, 0, 0, 0, 1, 0])
Transition([12, 72, 10, 0, 0, 0, 0, 0] -- 0.setPos.3.4 --> [12, 0, 12, 0, 0, 0, 0, 0])
Transition([3, 130, 14, 0, 0, 0, 0, 0] -- 0.setPos.4.3 --> [3, 0, 11, 0, 0, 0, 0, 0])
Transition([12, 40, 10, 0, 0, 0, 0, 0] -- 1.setPos.4.2 --> [14, 41, 10, 0, 0, 0, 0, 0])
Transition([3, 0, 11, 0, 0, 0, 0, 0] -- startSafeCheck --> [3, 1, 11, 0, 1, 0, 0, 0])
Transition([3, 0, 3, 0, 0, 0, 0, 0] -- startSafeCheck --> [3, 1, 3, 0, 1, 0, 0, 0])
Transition([12, 0, 9, 0, 0, 0, 0, 0] -- startSafeCheck --> [12, 1, 9, 0, 1, 0, 0, 0])
Transition([12, 0, 8, 0, 0, 0, 0, 0] -- startSafeCheck --> [12, 1, 8, 0, 1, 0, 0, 0])
Transition([12, 0, 4, 0, 0, 0, 0, 0] -- startSafeCheck --> [12, 1, 4, 0, 1, 0, 0, 0])
Transition([3, 0, 2, 0, 0, 0, 1, 0] -- illegalPosition --> [3, 0, 2, 0, 0, 0, 1, 0])
Transition([3, 0, 12, 0, 0, 0, 0, 0] -- startSafeCheck --> [3, 1, 12, 0, 1, 0, 0, 0])
Transition([3, 100, 14, 0, 0, 0, 0, 0] -- 1.setPos.1.3 --> [7, 101, 14, 0, 0, 0, 1, 0])
Transition([3, 1, 12, 0, 1, 0, 0, 0] -- 0.getPos.3.4 --> [3, 1, 12, 0, 13, 0, 0, 0])
Transition([7, 101, 14, 0, 0, 0, 1, 0] -- illegalPosition --> [7, 101, 14, 0, 0, 0, 1, 0])
Transition([12, 1, 9, 0, 1, 0, 0, 0] -- 0.getPos.1.2 --> [12, 1, 9, 0, 18, 0, 0, 0])
Transition([12, 1, 4, 0, 1, 0, 0, 0] -- 0.getPos.1.4 --> [12, 1, 4, 0, 8, 0, 0, 0])
Transition([3, 1, 11, 0, 1, 0, 0, 0] -- 0.getPos.4.3 --> [3, 1, 11, 0, 12, 0, 0, 0])
Transition([3, 1, 3, 0, 1, 0, 0, 0] -- 0.getPos.2.3 --> [3, 1, 3, 0, 7, 0, 0, 0])
Transition([14, 41, 10, 0, 0, 0, 0, 0] -- 0.setPos.4.3 --> [14, 0, 11, 0, 0, 0, 0, 0])
Transition([12, 1, 8, 0, 1, 0, 0, 0] -- 0.getPos.2.1 --> [12, 1, 8, 0, 17, 0, 0, 0])
Transition([14, 0, 11, 0, 0, 0, 0, 0] -- startSafeCheck --> [14, 1, 11, 0, 1, 0, 0, 0])
Transition([12, 1, 8, 0, 17, 0, 0, 0] -- 1.getPos.4.3 --> [12, 1, 8, 0, 3, 0, 0, 0])
Transition([12, 1, 4, 0, 8, 0, 0, 0] -- 1.getPos.4.3 --> [12, 1, 4, 0, 3, 0, 0, 0])
Transition([3, 1, 12, 0, 13, 0, 0, 0] -- 1.getPos.2.3 --> [3, 1, 12, 0, 3, 0, 0, 0])
Transition([12, 1, 9, 0, 18, 0, 0, 0] -- 1.getPos.4.3 --> [12, 1, 9, 0, 3, 0, 0, 0])
Transition([3, 1, 3, 0, 7, 0, 0, 0] -- 1.getPos.2.3 --> [3, 1, 3, 0, 4, 0, 0, 0])
Transition([3, 1, 11, 0, 12, 0, 0, 0] -- 1.getPos.2.3 --> [3, 1, 11, 0, 3, 0, 0, 0])
Transition([3, 1, 12, 0, 3, 0, 0, 0] -- checkSafeOk --> [3, 2, 12, 0, 0, 0, 0, 0])
Transition([3, 1, 11, 0, 3, 0, 0, 0] -- checkSafeOk --> [3, 2, 11, 0, 0, 0, 0, 0])
Transition([12, 1, 4, 0, 3, 0, 0, 0] -- checkSafeOk --> [12, 2, 4, 0, 0, 0, 0, 0])
Transition([14, 1, 11, 0, 1, 0, 0, 0] -- 0.getPos.4.3 --> [14, 1, 11, 0, 12, 0, 0, 0])
Transition([12, 1, 8, 0, 3, 0, 0, 0] -- checkSafeOk --> [12, 2, 8, 0, 0, 0, 0, 0])
Transition([12, 1, 9, 0, 3, 0, 0, 0] -- checkSafeOk --> [12, 2, 9, 0, 0, 0, 0, 0])
Transition([12, 2, 8, 0, 0, 0, 0, 0] -- startLiveCheck --> [12, 3, 8, 1, 0, 1, 0, 0])
Transition([12, 2, 9, 0, 0, 0, 0, 0] -- startLiveCheck --> [12, 3, 9, 1, 0, 1, 0, 0])
Transition([12, 2, 4, 0, 0, 0, 0, 0] -- startLiveCheck --> [12, 3, 4, 1, 0, 1, 0, 0])
Transition([3, 2, 12, 0, 0, 0, 0, 0] -- startLiveCheck --> [3, 3, 12, 1, 0, 1, 0, 0])
Transition([3, 2, 11, 0, 0, 0, 0, 0] -- startLiveCheck --> [3, 3, 11, 1, 0, 1, 0, 0])
Transition([14, 1, 11, 0, 12, 0, 0, 0] -- 1.getPos.4.2 --> [14, 1, 11, 0, 3, 0, 0, 0])
Transition([3, 3, 11, 1, 0, 1, 0, 0] -- 1.getPos.2.3 --> [3, 3, 11, 2, 0, 2, 0, 0])
Transition([14, 1, 11, 0, 3, 0, 0, 0] -- checkSafeOk --> [14, 2, 11, 0, 0, 0, 0, 0])
Transition([12, 3, 4, 1, 0, 1, 0, 0] -- 1.getPos.4.3 --> [12, 3, 4, 2, 0, 2, 0, 0])
Transition([12, 3, 8, 1, 0, 1, 0, 0] -- 1.getPos.4.3 --> [12, 3, 8, 2, 0, 2, 0, 0])
Transition([12, 3, 9, 1, 0, 1, 0, 0] -- 1.getPos.4.3 --> [12, 3, 9, 2, 0, 2, 0, 0])
Transition([3, 3, 12, 1, 0, 1, 0, 0] -- 1.getPos.2.3 --> [3, 3, 12, 2, 0, 2, 0, 0])
Transition([12, 3, 9, 2, 0, 2, 0, 0] -- checkLiveDone --> [12, 4, 9, 0, 0, 0, 0, 0])
Transition([3, 3, 12, 2, 0, 2, 0, 0] -- checkLiveDone --> [3, 4, 12, 0, 0, 0, 0, 0])
Transition([12, 3, 4, 2, 0, 2, 0, 0] -- checkLiveDone --> [12, 4, 4, 0, 0, 0, 0, 0])
Transition([3, 3, 11, 2, 0, 2, 0, 0] -- checkLiveDone --> [3, 4, 11, 0, 0, 0, 0, 0])
Transition([14, 2, 11, 0, 0, 0, 0, 0] -- startLiveCheck --> [14, 3, 11, 1, 0, 1, 0, 0])
Transition([12, 3, 8, 2, 0, 2, 0, 0] -- checkLiveDone --> [12, 4, 8, 0, 0, 0, 0, 0])
Transition([14, 3, 11, 1, 0, 1, 0, 0] -- 1.getPos.4.2 --> [14, 3, 11, 2, 0, 2, 0, 0])
Transition([12, 4, 8, 0, 0, 0, 0, 0] -- down --> [12, 104, 8, 0, 0, 0, 0, 0])
Transition([12, 4, 4, 0, 0, 0, 0, 0] -- down --> [12, 104, 4, 0, 0, 0, 0, 0])
Transition([12, 4, 8, 0, 0, 0, 0, 0] -- left --> [12, 38, 8, 0, 0, 0, 0, 0])
Transition([12, 4, 9, 0, 0, 0, 0, 0] -- down --> [12, 104, 9, 0, 0, 0, 0, 0])
Transition([12, 4, 4, 0, 0, 0, 0, 0] -- left --> [12, 38, 4, 0, 0, 0, 0, 0])
Transition([12, 4, 9, 0, 0, 0, 0, 0] -- left --> [12, 38, 9, 0, 0, 0, 0, 0])
Transition([12, 4, 4, 0, 0, 0, 0, 0] -- right --> [12, 5, 4, 0, 0, 0, 0, 0])
Transition([12, 4, 8, 0, 0, 0, 0, 0] -- right --> [12, 5, 8, 0, 0, 0, 0, 0])
Transition([12, 4, 4, 0, 0, 0, 0, 0] -- up --> [12, 71, 4, 0, 0, 0, 0, 0])
Transition([3, 4, 12, 0, 0, 0, 0, 0] -- down --> [3, 104, 12, 0, 0, 0, 0, 0])
Transition([3, 4, 11, 0, 0, 0, 0, 0] -- down --> [3, 104, 11, 0, 0, 0, 0, 0])
Transition([3, 4, 12, 0, 0, 0, 0, 0] -- left --> [3, 38, 12, 0, 0, 0, 0, 0])
Transition([3, 4, 11, 0, 0, 0, 0, 0] -- left --> [3, 38, 11, 0, 0, 0, 0, 0])
Transition([3, 4, 12, 0, 0, 0, 0, 0] -- right --> [3, 5, 12, 0, 0, 0, 0, 0])
Transition([3, 4, 11, 0, 0, 0, 0, 0] -- right --> [3, 5, 11, 0, 0, 0, 0, 0])
Transition([3, 4, 12, 0, 0, 0, 0, 0] -- up --> [3, 71, 12, 0, 0, 0, 0, 0])
Transition([3, 4, 11, 0, 0, 0, 0, 0] -- up --> [3, 71, 11, 0, 0, 0, 0, 0])
Transition([12, 4, 9, 0, 0, 0, 0, 0] -- right --> [12, 5, 9, 0, 0, 0, 0, 0])
Transition([12, 4, 8, 0, 0, 0, 0, 0] -- up --> [12, 71, 8, 0, 0, 0, 0, 0])
Transition([12, 4, 9, 0, 0, 0, 0, 0] -- up --> [12, 71, 9, 0, 0, 0, 0, 0])
Transition([12, 71, 8, 0, 0, 0, 0, 0] -- 0.getPos.2.1 --> [12, 87, 8, 0, 0, 0, 0, 0])
Transition([12, 71, 9, 0, 0, 0, 0, 0] -- 0.getPos.1.2 --> [12, 102, 9, 0, 0, 0, 0, 0])
Transition([12, 104, 8, 0, 0, 0, 0, 0] -- 0.getPos.2.1 --> [12, 118, 8, 0, 0, 0, 0, 0])
Transition([12, 5, 9, 0, 0, 0, 0, 0] -- 0.getPos.1.2 --> [12, 32, 9, 0, 0, 0, 0, 0])
Transition([12, 104, 9, 0, 0, 0, 0, 0] -- 0.getPos.1.2 --> [12, 131, 9, 0, 0, 0, 0, 0])
Transition([12, 104, 4, 0, 0, 0, 0, 0] -- 0.getPos.1.4 --> [12, 122, 4, 0, 0, 0, 0, 0])
Transition([3, 38, 12, 0, 0, 0, 0, 0] -- 0.getPos.3.4 --> [3, 63, 12, 0, 0, 0, 0, 0])
Transition([3, 38, 11, 0, 0, 0, 0, 0] -- 0.getPos.4.3 --> [3, 47, 11, 0, 0, 0, 0, 0])
Transition([14, 3, 11, 2, 0, 2, 0, 0] -- checkLiveDone --> [14, 4, 11, 0, 0, 0, 0, 0])
Transition([3, 5, 12, 0, 0, 0, 0, 0] -- 0.getPos.3.4 --> [3, 30, 12, 0, 0, 0, 0, 0])
Transition([3, 5, 11, 0, 0, 0, 0, 0] -- 0.getPos.4.3 --> [3, 14, 11, 0, 0, 0, 0, 0])
Transition([12, 38, 4, 0, 0, 0, 0, 0] -- 0.getPos.1.4 --> [12, 56, 4, 0, 0, 0, 0, 0])
Transition([12, 38, 8, 0, 0, 0, 0, 0] -- 0.getPos.2.1 --> [12, 54, 8, 0, 0, 0, 0, 0])
Transition([12, 38, 9, 0, 0, 0, 0, 0] -- 0.getPos.1.2 --> [12, 69, 9, 0, 0, 0, 0, 0])
Transition([3, 71, 11, 0, 0, 0, 0, 0] -- 0.getPos.4.3 --> [3, 80, 11, 0, 0, 0, 0, 0])
Transition([12, 71, 4, 0, 0, 0, 0, 0] -- 0.getPos.1.4 --> [12, 91, 4, 0, 0, 0, 0, 0])
Transition([12, 5, 4, 0, 0, 0, 0, 0] -- 0.getPos.1.4 --> [12, 25, 4, 0, 0, 0, 0, 0])
Transition([12, 5, 8, 0, 0, 0, 0, 0] -- 0.getPos.2.1 --> [12, 19, 8, 0, 0, 0, 0, 0])
Transition([3, 71, 12, 0, 0, 0, 0, 0] -- 0.getPos.3.4 --> [3, 96, 12, 0, 0, 0, 0, 0])
Transition([3, 104, 12, 0, 0, 0, 0, 0] -- 0.getPos.3.4 --> [3, 129, 12, 0, 0, 0, 0, 0])
Transition([3, 104, 11, 0, 0, 0, 0, 0] -- 0.getPos.4.3 --> [3, 113, 11, 0, 0, 0, 0, 0])
Transition([3, 129, 12, 0, 0, 0, 0, 0] -- 0.setPos.4.4 --> [3, 0, 10, 0, 0, 0, 0, 0])
Transition([12, 87, 8, 0, 0, 0, 0, 0] -- 0.setPos.1.1 --> [12, 0, 0, 0, 0, 0, 0, 0])
Transition([12, 56, 4, 0, 0, 0, 0, 0] -- 0.setPos.1.3 --> [12, 0, 7, 0, 0, 0, 1, 0])
Transition([3, 47, 11, 0, 0, 0, 0, 0] -- 0.setPos.4.2 --> [3, 0, 13, 0, 0, 0, 0, 0])
Transition([12, 118, 8, 0, 0, 0, 0, 0] -- 0.setPos.3.1 --> [12, 0, 5, 0, 0, 0, 0, 0])
Transition([12, 32, 9, 0, 0, 0, 0, 0] -- 0.setPos.1.3 --> [12, 0, 7, 0, 0, 0, 1, 0])
Transition([3, 63, 12, 0, 0, 0, 0, 0] -- 0.setPos.3.3 --> [3, 0, 14, 0, 0, 0, 0, 0])
Transition([12, 69, 9, 0, 0, 0, 0, 0] -- 0.setPos.1.1 --> [12, 0, 0, 0, 0, 0, 0, 0])
Transition([12, 131, 9, 0, 0, 0, 0, 0] -- 0.setPos.2.2 --> [12, 0, 6, 0, 0, 0, 0, 0])
Transition([12, 122, 4, 0, 0, 0, 0, 0] -- 0.setPos.2.4 --> [12, 0, 15, 0, 0, 0, 0, 0])
Transition([3, 14, 11, 0, 0, 0, 0, 0] -- 0.setPos.4.4 --> [3, 0, 10, 0, 0, 0, 0, 0])
Transition([14, 4, 11, 0, 0, 0, 0, 0] -- down --> [14, 104, 11, 0, 0, 0, 0, 0])
Transition([3, 96, 12, 0, 0, 0, 0, 0] -- 0.setPos.2.4 --> [3, 0, 15, 0, 0, 0, 0, 0])
Transition([14, 4, 11, 0, 0, 0, 0, 0] -- left --> [14, 38, 11, 0, 0, 0, 0, 0])
Transition([3, 80, 11, 0, 0, 0, 0, 0] -- 0.setPos.3.3 --> [3, 0, 14, 0, 0, 0, 0, 0])
Transition([14, 4, 11, 0, 0, 0, 0, 0] -- right --> [14, 5, 11, 0, 0, 0, 0, 0])
Transition([12, 19, 8, 0, 0, 0, 0, 0] -- 0.setPos.2.2 --> [12, 0, 6, 0, 0, 0, 0, 0])
Transition([14, 4, 11, 0, 0, 0, 0, 0] -- up --> [14, 71, 11, 0, 0, 0, 0, 0])
Transition([14, 5, 11, 0, 0, 0, 0, 0] -- 0.getPos.4.3 --> [14, 14, 11, 0, 0, 0, 0, 0])
Transition([14, 71, 11, 0, 0, 0, 0, 0] -- 0.getPos.4.3 --> [14, 80, 11, 0, 0, 0, 0, 0])
Transition([3, 0, 13, 0, 0, 0, 0, 0] -- startSafeCheck --> [3, 1, 13, 0, 1, 0, 0, 0])
Transition([12, 0, 0, 0, 0, 0, 0, 0] -- startSafeCheck --> [12, 1, 0, 0, 1, 0, 0, 0])
Transition([14, 104, 11, 0, 0, 0, 0, 0] -- 0.getPos.4.3 --> [14, 113, 11, 0, 0, 0, 0, 0])
Transition([12, 0, 5, 0, 0, 0, 0, 0] -- startSafeCheck --> [12, 1, 5, 0, 1, 0, 0, 0])
Transition([14, 38, 11, 0, 0, 0, 0, 0] -- 0.getPos.4.3 --> [14, 47, 11, 0, 0, 0, 0, 0])
Transition([3, 0, 10, 0, 0, 0, 0, 0] -- startSafeCheck --> [3, 1, 10, 0, 1, 0, 0, 0])
Transition([3, 0, 15, 0, 0, 0, 0, 0] -- startSafeCheck --> [3, 1, 15, 0, 1, 0, 0, 0])
Transition([3, 1, 10, 0, 1, 0, 0, 0] -- 0.getPos.4.4 --> [3, 1, 10, 0, 2, 0, 0, 0])
Transition([3, 1, 15, 0, 1, 0, 0, 0] -- 0.getPos.2.4 --> [3, 1, 15, 0, 16, 0, 0, 0])
Transition([12, 1, 0, 0, 1, 0, 0, 0] -- 0.getPos.1.1 --> [12, 1, 0, 0, 19, 0, 0, 0])
Transition([14, 80, 11, 0, 0, 0, 0, 0] -- 0.setPos.3.3 --> [14, 0, 14, 0, 0, 0, 0, 0])
Transition([3, 1, 13, 0, 1, 0, 0, 0] -- 0.getPos.4.2 --> [3, 1, 13, 0, 14, 0, 0, 0])
Transition([14, 47, 11, 0, 0, 0, 0, 0] -- 0.setPos.4.2 --> [14, 0, 13, 0, 0, 0, 0, 0])
Transition([14, 14, 11, 0, 0, 0, 0, 0] -- 0.setPos.4.4 --> [14, 0, 10, 0, 0, 0, 0, 0])
Transition([14, 47, 11, 0, 0, 0, 0, 0] -- 1.getPos.4.2 --> [14, 48, 11, 0, 0, 0, 0, 0])
Transition([12, 1, 5, 0, 1, 0, 0, 0] -- 0.getPos.3.1 --> [12, 1, 5, 0, 9, 0, 0, 0])
Transition([14, 48, 11, 0, 0, 0, 0, 0] -- 1.setPos.4.1 --> [1, 49, 11, 0, 0, 0, 0, 0])
Transition([12, 1, 5, 0, 9, 0, 0, 0] -- 1.getPos.4.3 --> [12, 1, 5, 0, 3, 0, 0, 0])
Transition([3, 1, 10, 0, 2, 0, 0, 0] -- 1.getPos.2.3 --> [3, 1, 10, 0, 3, 0, 0, 0])
Transition([12, 1, 0, 0, 19, 0, 0, 0] -- 1.getPos.4.3 --> [12, 1, 0, 0, 3, 0, 0, 0])
Transition([14, 0, 13, 0, 0, 0, 0, 0] -- startSafeCheck --> [14, 1, 13, 0, 1, 0, 0, 0])
Transition([3, 1, 15, 0, 16, 0, 0, 0] -- 1.getPos.2.3 --> [3, 1, 15, 0, 3, 0, 0, 0])
Transition([14, 0, 10, 0, 0, 0, 0, 0] -- startSafeCheck --> [14, 1, 10, 0, 1, 0, 0, 0])
Transition([14, 0, 14, 0, 0, 0, 0, 0] -- startSafeCheck --> [14, 1, 14, 0, 1, 0, 0, 0])
Transition([3, 1, 13, 0, 14, 0, 0, 0] -- 1.getPos.2.3 --> [3, 1, 13, 0, 3, 0, 0, 0])
Transition([14, 1, 14, 0, 1, 0, 0, 0] -- 0.getPos.3.3 --> [14, 1, 14, 0, 15, 0, 0, 0])
Transition([3, 1, 13, 0, 3, 0, 0, 0] -- checkSafeOk --> [3, 2, 13, 0, 0, 0, 0, 0])
Transition([12, 1, 0, 0, 3, 0, 0, 0] -- checkSafeOk --> [12, 2, 0, 0, 0, 0, 0, 0])
Transition([12, 1, 5, 0, 3, 0, 0, 0] -- checkSafeOk --> [12, 2, 5, 0, 0, 0, 0, 0])
Transition([1, 49, 11, 0, 0, 0, 0, 0] -- 0.setPos.4.2 --> [1, 0, 13, 0, 0, 0, 0, 0])
Transition([3, 1, 10, 0, 3, 0, 0, 0] -- checkSafeOk --> [3, 2, 10, 0, 0, 0, 0, 0])
Transition([14, 1, 10, 0, 1, 0, 0, 0] -- 0.getPos.4.4 --> [14, 1, 10, 0, 2, 0, 0, 0])
Transition([14, 1, 13, 0, 1, 0, 0, 0] -- 0.getPos.4.2 --> [14, 1, 13, 0, 14, 0, 0, 0])
Transition([3, 1, 15, 0, 3, 0, 0, 0] -- checkSafeOk --> [3, 2, 15, 0, 0, 0, 0, 0])
Transition([14, 1, 13, 0, 14, 0, 0, 0] -- 1.getPos.4.2 --> [14, 1, 13, 0, 4, 0, 0, 0])
Transition([3, 2, 15, 0, 0, 0, 0, 0] -- startLiveCheck --> [3, 3, 15, 1, 0, 1, 0, 0])
Transition([14, 1, 14, 0, 15, 0, 0, 0] -- 1.getPos.4.2 --> [14, 1, 14, 0, 3, 0, 0, 0])
Transition([12, 2, 5, 0, 0, 0, 0, 0] -- startLiveCheck --> [12, 3, 5, 1, 0, 1, 0, 0])
Transition([3, 2, 13, 0, 0, 0, 0, 0] -- startLiveCheck --> [3, 3, 13, 1, 0, 1, 0, 0])
Transition([12, 2, 0, 0, 0, 0, 0, 0] -- startLiveCheck --> [12, 3, 0, 1, 0, 1, 0, 0])
Transition([14, 1, 10, 0, 2, 0, 0, 0] -- 1.getPos.4.2 --> [14, 1, 10, 0, 3, 0, 0, 0])
Transition([1, 0, 13, 0, 0, 0, 0, 0] -- startSafeCheck --> [1, 1, 13, 0, 1, 0, 0, 0])
Transition([3, 2, 10, 0, 0, 0, 0, 0] -- startLiveCheck --> [3, 3, 10, 1, 0, 1, 0, 0])
Transition([1, 1, 13, 0, 1, 0, 0, 0] -- 0.getPos.4.2 --> [1, 1, 13, 0, 14, 0, 0, 0])
Transition([3, 3, 10, 1, 0, 1, 0, 0] -- 1.getPos.2.3 --> [3, 3, 10, 2, 0, 2, 0, 0])
Transition([12, 3, 5, 1, 0, 1, 0, 0] -- 1.getPos.4.3 --> [12, 3, 5, 2, 0, 2, 0, 0])
Transition([3, 3, 15, 1, 0, 1, 0, 0] -- 1.getPos.2.3 --> [3, 3, 15, 2, 0, 2, 0, 0])
Transition([14, 1, 14, 0, 3, 0, 0, 0] -- checkSafeOk --> [14, 2, 14, 0, 0, 0, 0, 0])
Transition([14, 1, 10, 0, 3, 0, 0, 0] -- checkSafeOk --> [14, 2, 10, 0, 0, 0, 0, 0])
Transition([3, 3, 13, 1, 0, 1, 0, 0] -- 1.getPos.2.3 --> [3, 3, 13, 2, 0, 2, 0, 0])
Transition([12, 3, 0, 1, 0, 1, 0, 0] -- 1.getPos.4.3 --> [12, 3, 0, 2, 0, 2, 0, 0])
Transition([3, 3, 13, 2, 0, 2, 0, 0] -- checkLiveDone --> [3, 4, 13, 0, 0, 0, 0, 0])
Transition([12, 3, 0, 2, 0, 2, 0, 0] -- checkLiveDone --> [12, 4, 0, 0, 0, 0, 0, 0])
Transition([12, 3, 5, 2, 0, 2, 0, 0] -- checkLiveDone --> [12, 4, 5, 0, 0, 0, 0, 0])
Transition([1, 1, 13, 0, 14, 0, 0, 0] -- 1.getPos.4.1 --> [1, 1, 13, 0, 3, 0, 0, 0])
Transition([3, 3, 10, 2, 0, 2, 0, 0] -- checkLiveDone --> [3, 4, 10, 0, 0, 0, 0, 0])
Transition([14, 2, 10, 0, 0, 0, 0, 0] -- startLiveCheck --> [14, 3, 10, 1, 0, 1, 0, 0])
Transition([3, 3, 15, 2, 0, 2, 0, 0] -- checkLiveDone --> [3, 4, 15, 0, 0, 0, 0, 0])
Transition([14, 2, 14, 0, 0, 0, 0, 0] -- startLiveCheck --> [14, 3, 14, 1, 0, 1, 0, 0])
Transition([3, 4, 15, 0, 0, 0, 0, 0] -- down --> [3, 104, 15, 0, 0, 0, 0, 0])
Transition([14, 3, 14, 1, 0, 1, 0, 0] -- 1.getPos.4.2 --> [14, 3, 14, 2, 0, 2, 0, 0])
Transition([3, 4, 15, 0, 0, 0, 0, 0] -- left --> [3, 38, 15, 0, 0, 0, 0, 0])
Transition([12, 4, 5, 0, 0, 0, 0, 0] -- down --> [12, 104, 5, 0, 0, 0, 0, 0])
Transition([3, 4, 15, 0, 0, 0, 0, 0] -- right --> [3, 5, 15, 0, 0, 0, 0, 0])
Transition([12, 4, 5, 0, 0, 0, 0, 0] -- left --> [12, 38, 5, 0, 0, 0, 0, 0])
Transition([3, 4, 15, 0, 0, 0, 0, 0] -- up --> [3, 71, 15, 0, 0, 0, 0, 0])
Transition([12, 4, 5, 0, 0, 0, 0, 0] -- right --> [12, 5, 5, 0, 0, 0, 0, 0])
Transition([3, 4, 13, 0, 0, 0, 0, 0] -- down --> [3, 104, 13, 0, 0, 0, 0, 0])
Transition([12, 4, 5, 0, 0, 0, 0, 0] -- up --> [12, 71, 5, 0, 0, 0, 0, 0])
Transition([3, 4, 13, 0, 0, 0, 0, 0] -- left --> [3, 38, 13, 0, 0, 0, 0, 0])
Transition([12, 4, 0, 0, 0, 0, 0, 0] -- down --> [12, 104, 0, 0, 0, 0, 0, 0])
Transition([3, 4, 13, 0, 0, 0, 0, 0] -- right --> [3, 5, 13, 0, 0, 0, 0, 0])
Transition([12, 4, 0, 0, 0, 0, 0, 0] -- left --> [12, 38, 0, 0, 0, 0, 0, 0])
Transition([3, 4, 13, 0, 0, 0, 0, 0] -- up --> [3, 71, 13, 0, 0, 0, 0, 0])
Transition([12, 4, 0, 0, 0, 0, 0, 0] -- right --> [12, 5, 0, 0, 0, 0, 0, 0])
Transition([14, 3, 10, 1, 0, 1, 0, 0] -- 1.getPos.4.2 --> [14, 3, 10, 2, 0, 2, 0, 0])
Transition([12, 4, 0, 0, 0, 0, 0, 0] -- up --> [12, 71, 0, 0, 0, 0, 0, 0])
Transition([1, 1, 13, 0, 3, 0, 0, 0] -- checkSafeOk --> [1, 2, 13, 0, 0, 0, 0, 0])
Transition([3, 4, 10, 0, 0, 0, 0, 0] -- down --> [3, 104, 10, 0, 0, 0, 0, 0])
Transition([3, 4, 10, 0, 0, 0, 0, 0] -- left --> [3, 38, 10, 0, 0, 0, 0, 0])
Transition([3, 4, 10, 0, 0, 0, 0, 0] -- right --> [3, 5, 10, 0, 0, 0, 0, 0])
Transition([3, 4, 10, 0, 0, 0, 0, 0] -- up --> [3, 71, 10, 0, 0, 0, 0, 0])
Transition([12, 104, 5, 0, 0, 0, 0, 0] -- 0.getPos.3.1 --> [12, 125, 5, 0, 0, 0, 0, 0])
Transition([3, 71, 10, 0, 0, 0, 0, 0] -- 0.getPos.4.4 --> [3, 72, 10, 0, 0, 0, 0, 0])
Transition([3, 5, 15, 0, 0, 0, 0, 0] -- 0.getPos.2.4 --> [3, 18, 15, 0, 0, 0, 0, 0])
Transition([3, 38, 15, 0, 0, 0, 0, 0] -- 0.getPos.2.4 --> [3, 51, 15, 0, 0, 0, 0, 0])
Transition([3, 5, 10, 0, 0, 0, 0, 0] -- 0.getPos.4.4 --> [3, 6, 10, 0, 0, 0, 0, 0])
Transition([12, 71, 5, 0, 0, 0, 0, 0] -- 0.getPos.3.1 --> [12, 92, 5, 0, 0, 0, 0, 0])
Transition([3, 38, 10, 0, 0, 0, 0, 0] -- 0.getPos.4.4 --> [3, 39, 10, 0, 0, 0, 0, 0])
Transition([12, 104, 0, 0, 0, 0, 0, 0] -- 0.getPos.1.1 --> [12, 134, 0, 0, 0, 0, 0, 0])
Transition([3, 5, 13, 0, 0, 0, 0, 0] -- 0.getPos.4.2 --> [3, 15, 13, 0, 0, 0, 0, 0])
Transition([14, 3, 14, 2, 0, 2, 0, 0] -- checkLiveDone --> [14, 4, 14, 0, 0, 0, 0, 0])
Transition([12, 38, 0, 0, 0, 0, 0, 0] -- 0.getPos.1.1 --> [12, 70, 0, 0, 0, 0, 0, 0])
Transition([12, 5, 0, 0, 0, 0, 0, 0] -- 0.getPos.1.1 --> [12, 35, 0, 0, 0, 0, 0, 0])
Transition([3, 71, 15, 0, 0, 0, 0, 0] -- 0.getPos.2.4 --> [3, 86, 15, 0, 0, 0, 0, 0])
Transition([3, 104, 15, 0, 0, 0, 0, 0] -- 0.getPos.2.4 --> [3, 115, 15, 0, 0, 0, 0, 0])
Transition([3, 104, 10, 0, 0, 0, 0, 0] -- 0.getPos.4.4 --> [3, 105, 10, 0, 0, 0, 0, 0])
Transition([1, 2, 13, 0, 0, 0, 0, 0] -- startLiveCheck --> [1, 3, 13, 1, 0, 1, 0, 0])
Transition([12, 71, 0, 0, 0, 0, 0, 0] -- 0.getPos.1.1 --> [12, 103, 0, 0, 0, 0, 0, 0])
Transition([3, 71, 13, 0, 0, 0, 0, 0] -- 0.getPos.4.2 --> [3, 83, 13, 0, 0, 0, 0, 0])
Transition([12, 38, 5, 0, 0, 0, 0, 0] -- 0.getPos.3.1 --> [12, 59, 5, 0, 0, 0, 0, 0])
Transition([12, 5, 5, 0, 0, 0, 0, 0] -- 0.getPos.3.1 --> [12, 26, 5, 0, 0, 0, 0, 0])
Transition([14, 3, 10, 2, 0, 2, 0, 0] -- checkLiveDone --> [14, 4, 10, 0, 0, 0, 0, 0])
Transition([3, 104, 13, 0, 0, 0, 0, 0] -- 0.getPos.4.2 --> [3, 114, 13, 0, 0, 0, 0, 0])
Transition([3, 38, 13, 0, 0, 0, 0, 0] -- 0.getPos.4.2 --> [3, 50, 13, 0, 0, 0, 0, 0])
Transition([12, 125, 5, 0, 0, 0, 0, 0] -- 0.setPos.4.1 --> [12, 0, 1, 0, 0, 0, 0, 0])
Transition([3, 50, 13, 0, 0, 0, 0, 0] -- 0.setPos.4.1 --> [3, 0, 1, 0, 0, 0, 0, 0])
Transition([3, 115, 15, 0, 0, 0, 0, 0] -- 0.setPos.3.4 --> [3, 0, 12, 0, 0, 0, 0, 0])
Transition([3, 15, 13, 0, 0, 0, 0, 0] -- 0.setPos.4.3 --> [3, 0, 11, 0, 0, 0, 0, 0])
Transition([3, 72, 10, 0, 0, 0, 0, 0] -- 0.setPos.3.4 --> [3, 0, 12, 0, 0, 0, 0, 0])
Transition([3, 83, 13, 0, 0, 0, 0, 0] -- 0.setPos.3.2 --> [3, 0, 2, 0, 0, 0, 1, 0])
Transition([1, 3, 13, 1, 0, 1, 0, 0] -- 1.getPos.4.1 --> [1, 3, 13, 2, 0, 2, 0, 0])
Transition([3, 39, 10, 0, 0, 0, 0, 0] -- 0.setPos.4.3 --> [3, 0, 11, 0, 0, 0, 0, 0])
Transition([3, 51, 15, 0, 0, 0, 0, 0] -- 1.getPos.2.3 --> [3, 52, 15, 0, 0, 0, 0, 0])
Transition([12, 35, 0, 0, 0, 0, 0, 0] -- 0.setPos.1.2 --> [12, 0, 9, 0, 0, 0, 0, 0])
Transition([3, 51, 15, 0, 0, 0, 0, 0] -- 0.setPos.2.3 --> [3, 0, 3, 0, 0, 0, 0, 0])
Transition([12, 134, 0, 0, 0, 0, 0, 0] -- 0.setPos.2.1 --> [12, 0, 8, 0, 0, 0, 0, 0])
Transition([3, 86, 15, 0, 0, 0, 0, 0] -- 0.setPos.1.4 --> [3, 0, 4, 0, 0, 0, 0, 0])
Transition([14, 4, 14, 0, 0, 0, 0, 0] -- down --> [14, 104, 14, 0, 0, 0, 0, 0])
Transition([14, 4, 10, 0, 0, 0, 0, 0] -- down --> [14, 104, 10, 0, 0, 0, 0, 0])
Transition([14, 4, 14, 0, 0, 0, 0, 0] -- left --> [14, 38, 14, 0, 0, 0, 0, 0])
Transition([14, 4, 10, 0, 0, 0, 0, 0] -- left --> [14, 38, 10, 0, 0, 0, 0, 0])
Transition([12, 92, 5, 0, 0, 0, 0, 0] -- 0.setPos.2.1 --> [12, 0, 8, 0, 0, 0, 0, 0])
Transition([14, 4, 14, 0, 0, 0, 0, 0] -- right --> [14, 5, 14, 0, 0, 0, 0, 0])
Transition([14, 4, 10, 0, 0, 0, 0, 0] -- right --> [14, 5, 10, 0, 0, 0, 0, 0])
Transition([12, 26, 5, 0, 0, 0, 0, 0] -- 0.setPos.3.2 --> [12, 0, 2, 0, 0, 0, 1, 0])
Transition([14, 4, 14, 0, 0, 0, 0, 0] -- up --> [14, 71, 14, 0, 0, 0, 0, 0])
Transition([14, 4, 10, 0, 0, 0, 0, 0] -- up --> [14, 71, 10, 0, 0, 0, 0, 0])
Transition([14, 71, 14, 0, 0, 0, 0, 0] -- 0.getPos.3.3 --> [14, 99, 14, 0, 0, 0, 0, 0])
Transition([14, 71, 10, 0, 0, 0, 0, 0] -- 0.getPos.4.4 --> [14, 72, 10, 0, 0, 0, 0, 0])
Transition([3, 0, 1, 0, 0, 0, 0, 0] -- startSafeCheck --> [3, 1, 1, 0, 1, 0, 0, 0])
Transition([1, 3, 13, 2, 0, 2, 0, 0] -- checkLiveDone --> [1, 4, 13, 0, 0, 0, 0, 0])
Transition([12, 0, 1, 0, 0, 0, 0, 0] -- startSafeCheck --> [12, 1, 1, 0, 1, 0, 0, 0])
Transition([14, 104, 14, 0, 0, 0, 0, 0] -- 0.getPos.3.3 --> [14, 130, 14, 0, 0, 0, 0, 0])
Transition([3, 52, 15, 0, 0, 0, 0, 0] -- 1.setPos.2.2 --> [6, 53, 15, 0, 0, 0, 0, 0])
Transition([14, 104, 10, 0, 0, 0, 0, 0] -- 0.getPos.4.4 --> [14, 105, 10, 0, 0, 0, 0, 0])
Transition([14, 38, 14, 0, 0, 0, 0, 0] -- 0.getPos.3.3 --> [14, 66, 14, 0, 0, 0, 0, 0])
Transition([14, 5, 14, 0, 0, 0, 0, 0] -- 0.getPos.3.3 --> [14, 31, 14, 0, 0, 0, 0, 0])
Transition([14, 5, 10, 0, 0, 0, 0, 0] -- 0.getPos.4.4 --> [14, 6, 10, 0, 0, 0, 0, 0])
Transition([3, 0, 4, 0, 0, 0, 0, 0] -- startSafeCheck --> [3, 1, 4, 0, 1, 0, 0, 0])
Transition([14, 38, 10, 0, 0, 0, 0, 0] -- 0.getPos.4.4 --> [14, 39, 10, 0, 0, 0, 0, 0])
Transition([3, 1, 4, 0, 1, 0, 0, 0] -- 0.getPos.1.4 --> [3, 1, 4, 0, 8, 0, 0, 0])
Transition([14, 39, 10, 0, 0, 0, 0, 0] -- 0.setPos.4.3 --> [14, 0, 11, 0, 0, 0, 0, 0])
Transition([6, 53, 15, 0, 0, 0, 0, 0] -- 0.setPos.2.3 --> [6, 0, 3, 0, 0, 0, 0, 0])
Transition([1, 4, 13, 0, 0, 0, 0, 0] -- down --> [1, 104, 13, 0, 0, 0, 0, 0])
Transition([3, 1, 1, 0, 1, 0, 0, 0] -- 0.getPos.4.1 --> [3, 1, 1, 0, 5, 0, 0, 0])
Transition([1, 4, 13, 0, 0, 0, 0, 0] -- left --> [1, 38, 13, 0, 0, 0, 0, 0])
Transition([14, 99, 14, 0, 0, 0, 0, 0] -- 0.setPos.2.3 --> [14, 0, 3, 0, 0, 0, 0, 0])
Transition([1, 4, 13, 0, 0, 0, 0, 0] -- right --> [1, 5, 13, 0, 0, 0, 0, 0])
Transition([14, 72, 10, 0, 0, 0, 0, 0] -- 0.setPos.3.4 --> [14, 0, 12, 0, 0, 0, 0, 0])
Transition([1, 4, 13, 0, 0, 0, 0, 0] -- up --> [1, 71, 13, 0, 0, 0, 0, 0])
Transition([14, 130, 14, 0, 0, 0, 0, 0] -- 0.setPos.4.3 --> [14, 0, 11, 0, 0, 0, 0, 0])
Transition([12, 1, 1, 0, 1, 0, 0, 0] -- 0.getPos.4.1 --> [12, 1, 1, 0, 5, 0, 0, 0])
Transition([14, 66, 14, 0, 0, 0, 0, 0] -- 0.setPos.3.2 --> [14, 0, 2, 0, 0, 0, 1, 0])
Transition([14, 31, 14, 0, 0, 0, 0, 0] -- 0.setPos.3.4 --> [14, 0, 12, 0, 0, 0, 0, 0])
Transition([14, 0, 2, 0, 0, 0, 1, 0] -- illegalPosition --> [14, 0, 2, 0, 0, 0, 1, 0])
Transition([1, 38, 13, 0, 0, 0, 0, 0] -- 0.getPos.4.2 --> [1, 50, 13, 0, 0, 0, 0, 0])
Transition([1, 104, 13, 0, 0, 0, 0, 0] -- 0.getPos.4.2 --> [1, 114, 13, 0, 0, 0, 0, 0])
Transition([14, 0, 12, 0, 0, 0, 0, 0] -- startSafeCheck --> [14, 1, 12, 0, 1, 0, 0, 0])
Transition([6, 0, 3, 0, 0, 0, 0, 0] -- startSafeCheck --> [6, 1, 3, 0, 1, 0, 0, 0])
Transition([3, 1, 1, 0, 5, 0, 0, 0] -- 1.getPos.2.3 --> [3, 1, 1, 0, 3, 0, 0, 0])
Transition([3, 1, 4, 0, 8, 0, 0, 0] -- 1.getPos.2.3 --> [3, 1, 4, 0, 3, 0, 0, 0])
Transition([14, 0, 3, 0, 0, 0, 0, 0] -- startSafeCheck --> [14, 1, 3, 0, 1, 0, 0, 0])
Transition([12, 1, 1, 0, 5, 0, 0, 0] -- 1.getPos.4.3 --> [12, 1, 1, 0, 3, 0, 0, 0])
Transition([1, 71, 13, 0, 0, 0, 0, 0] -- 0.getPos.4.2 --> [1, 83, 13, 0, 0, 0, 0, 0])
Transition([1, 5, 13, 0, 0, 0, 0, 0] -- 0.getPos.4.2 --> [1, 15, 13, 0, 0, 0, 0, 0])
Transition([1, 83, 13, 0, 0, 0, 0, 0] -- 0.setPos.3.2 --> [1, 0, 2, 0, 0, 0, 1, 0])
Transition([1, 15, 13, 0, 0, 0, 0, 0] -- 0.setPos.4.3 --> [1, 0, 11, 0, 0, 0, 0, 0])
Transition([3, 1, 1, 0, 3, 0, 0, 0] -- checkSafeOk --> [3, 2, 1, 0, 0, 0, 0, 0])
Transition([14, 1, 12, 0, 1, 0, 0, 0] -- 0.getPos.3.4 --> [14, 1, 12, 0, 13, 0, 0, 0])
Transition([1, 50, 13, 0, 0, 0, 0, 0] -- 0.setPos.4.1 --> [1, 0, 1, 0, 0, 0, 0, 0])
Transition([6, 1, 3, 0, 1, 0, 0, 0] -- 0.getPos.2.3 --> [6, 1, 3, 0, 7, 0, 0, 0])
Transition([12, 1, 1, 0, 3, 0, 0, 0] -- checkSafeOk --> [12, 2, 1, 0, 0, 0, 0, 0])
Transition([3, 1, 4, 0, 3, 0, 0, 0] -- checkSafeOk --> [3, 2, 4, 0, 0, 0, 0, 0])
Transition([14, 1, 3, 0, 1, 0, 0, 0] -- 0.getPos.2.3 --> [14, 1, 3, 0, 7, 0, 0, 0])
Transition([3, 2, 4, 0, 0, 0, 0, 0] -- startLiveCheck --> [3, 3, 4, 1, 0, 1, 0, 0])
Transition([14, 1, 3, 0, 7, 0, 0, 0] -- 1.getPos.4.2 --> [14, 1, 3, 0, 3, 0, 0, 0])
Transition([14, 1, 12, 0, 13, 0, 0, 0] -- 1.getPos.4.2 --> [14, 1, 12, 0, 3, 0, 0, 0])
Transition([1, 0, 11, 0, 0, 0, 0, 0] -- startSafeCheck --> [1, 1, 11, 0, 1, 0, 0, 0])
Transition([1, 0, 2, 0, 0, 0, 1, 0] -- illegalPosition --> [1, 0, 2, 0, 0, 0, 1, 0])
Transition([3, 2, 1, 0, 0, 0, 0, 0] -- startLiveCheck --> [3, 3, 1, 1, 0, 1, 0, 0])
Transition([12, 2, 1, 0, 0, 0, 0, 0] -- startLiveCheck --> [12, 3, 1, 1, 0, 1, 0, 0])
Transition([1, 0, 1, 0, 0, 0, 0, 0] -- startSafeCheck --> [1, 1, 1, 0, 1, 0, 0, 0])
Transition([6, 1, 3, 0, 7, 0, 0, 0] -- 1.getPos.2.2 --> [6, 1, 3, 0, 3, 0, 0, 0])
Transition([1, 1, 1, 0, 1, 0, 0, 0] -- 0.getPos.4.1 --> [1, 1, 1, 0, 5, 0, 0, 0])
Transition([6, 1, 3, 0, 3, 0, 0, 0] -- checkSafeOk --> [6, 2, 3, 0, 0, 0, 0, 0])
Transition([1, 1, 11, 0, 1, 0, 0, 0] -- 0.getPos.4.3 --> [1, 1, 11, 0, 12, 0, 0, 0])
Transition([14, 1, 3, 0, 3, 0, 0, 0] -- checkSafeOk --> [14, 2, 3, 0, 0, 0, 0, 0])
Transition([14, 1, 12, 0, 3, 0, 0, 0] -- checkSafeOk --> [14, 2, 12, 0, 0, 0, 0, 0])
Transition([12, 3, 1, 1, 0, 1, 0, 0] -- 1.getPos.4.3 --> [12, 3, 1, 2, 0, 2, 0, 0])
Transition([3, 3, 4, 1, 0, 1, 0, 0] -- 1.getPos.2.3 --> [3, 3, 4, 2, 0, 2, 0, 0])
Transition([3, 3, 1, 1, 0, 1, 0, 0] -- 1.getPos.2.3 --> [3, 3, 1, 2, 0, 2, 0, 0])
Transition([3, 3, 4, 2, 0, 2, 0, 0] -- checkLiveDone --> [3, 4, 4, 0, 0, 0, 0, 0])
Transition([3, 3, 1, 2, 0, 2, 0, 0] -- checkLiveDone --> [3, 4, 1, 0, 0, 0, 0, 0])
Transition([1, 1, 11, 0, 12, 0, 0, 0] -- 1.getPos.4.1 --> [1, 1, 11, 0, 3, 0, 0, 0])
Transition([1, 1, 1, 0, 5, 0, 0, 0] -- 1.getPos.4.1 --> [1, 1, 1, 0, 4, 0, 0, 0])
Transition([6, 2, 3, 0, 0, 0, 0, 0] -- startLiveCheck --> [6, 3, 3, 1, 0, 1, 0, 0])
Transition([14, 2, 12, 0, 0, 0, 0, 0] -- startLiveCheck --> [14, 3, 12, 1, 0, 1, 0, 0])
Transition([12, 3, 1, 2, 0, 2, 0, 0] -- checkLiveDone --> [12, 4, 1, 0, 0, 0, 0, 0])
Transition([14, 2, 3, 0, 0, 0, 0, 0] -- startLiveCheck --> [14, 3, 3, 1, 0, 1, 0, 0])
Transition([12, 4, 1, 0, 0, 0, 0, 0] -- down --> [12, 104, 1, 0, 0, 0, 0, 0])
Transition([14, 3, 3, 1, 0, 1, 0, 0] -- 1.getPos.4.2 --> [14, 3, 3, 2, 0, 2, 0, 0])
Transition([12, 4, 1, 0, 0, 0, 0, 0] -- left --> [12, 38, 1, 0, 0, 0, 0, 0])
Transition([1, 1, 11, 0, 3, 0, 0, 0] -- checkSafeOk --> [1, 2, 11, 0, 0, 0, 0, 0])
Transition([3, 4, 4, 0, 0, 0, 0, 0] -- down --> [3, 104, 4, 0, 0, 0, 0, 0])
Transition([12, 4, 1, 0, 0, 0, 0, 0] -- right --> [12, 5, 1, 0, 0, 0, 0, 0])
Transition([3, 4, 1, 0, 0, 0, 0, 0] -- down --> [3, 104, 1, 0, 0, 0, 0, 0])
Transition([3, 4, 4, 0, 0, 0, 0, 0] -- left --> [3, 38, 4, 0, 0, 0, 0, 0])
Transition([3, 4, 1, 0, 0, 0, 0, 0] -- left --> [3, 38, 1, 0, 0, 0, 0, 0])
Transition([3, 4, 4, 0, 0, 0, 0, 0] -- right --> [3, 5, 4, 0, 0, 0, 0, 0])
Transition([12, 4, 1, 0, 0, 0, 0, 0] -- up --> [12, 71, 1, 0, 0, 0, 0, 0])
Transition([3, 4, 4, 0, 0, 0, 0, 0] -- up --> [3, 71, 4, 0, 0, 0, 0, 0])
Transition([14, 3, 12, 1, 0, 1, 0, 0] -- 1.getPos.4.2 --> [14, 3, 12, 2, 0, 2, 0, 0])
Transition([6, 3, 3, 1, 0, 1, 0, 0] -- 1.getPos.2.2 --> [6, 3, 3, 2, 0, 2, 0, 0])
Transition([3, 4, 1, 0, 0, 0, 0, 0] -- right --> [3, 5, 1, 0, 0, 0, 0, 0])
Transition([3, 4, 1, 0, 0, 0, 0, 0] -- up --> [3, 71, 1, 0, 0, 0, 0, 0])
Transition([12, 38, 1, 0, 0, 0, 0, 0] -- 0.getPos.4.1 --> [12, 42, 1, 0, 0, 0, 0, 0])
Transition([3, 71, 1, 0, 0, 0, 0, 0] -- 0.getPos.4.1 --> [3, 75, 1, 0, 0, 0, 0, 0])
Transition([3, 5, 1, 0, 0, 0, 0, 0] -- 0.getPos.4.1 --> [3, 7, 1, 0, 0, 0, 0, 0])
Transition([6, 3, 3, 2, 0, 2, 0, 0] -- checkLiveDone --> [6, 4, 3, 0, 0, 0, 0, 0])
Transition([12, 104, 1, 0, 0, 0, 0, 0] -- 0.getPos.4.1 --> [12, 106, 1, 0, 0, 0, 0, 0])
Transition([14, 3, 3, 2, 0, 2, 0, 0] -- checkLiveDone --> [14, 4, 3, 0, 0, 0, 0, 0])
Transition([3, 5, 4, 0, 0, 0, 0, 0] -- 0.getPos.1.4 --> [3, 25, 4, 0, 0, 0, 0, 0])
Transition([3, 104, 4, 0, 0, 0, 0, 0] -- 0.getPos.1.4 --> [3, 122, 4, 0, 0, 0, 0, 0])
Transition([3, 38, 1, 0, 0, 0, 0, 0] -- 0.getPos.4.1 --> [3, 42, 1, 0, 0, 0, 0, 0])
Transition([1, 2, 11, 0, 0, 0, 0, 0] -- startLiveCheck --> [1, 3, 11, 1, 0, 1, 0, 0])
Transition([3, 38, 4, 0, 0, 0, 0, 0] -- 0.getPos.1.4 --> [3, 56, 4, 0, 0, 0, 0, 0])
Transition([12, 5, 1, 0, 0, 0, 0, 0] -- 0.getPos.4.1 --> [12, 7, 1, 0, 0, 0, 0, 0])
Transition([3, 104, 1, 0, 0, 0, 0, 0] -- 0.getPos.4.1 --> [3, 106, 1, 0, 0, 0, 0, 0])
Transition([14, 3, 12, 2, 0, 2, 0, 0] -- checkLiveDone --> [14, 4, 12, 0, 0, 0, 0, 0])
Transition([12, 71, 1, 0, 0, 0, 0, 0] -- 0.getPos.4.1 --> [12, 75, 1, 0, 0, 0, 0, 0])
Transition([3, 71, 4, 0, 0, 0, 0, 0] -- 0.getPos.1.4 --> [3, 91, 4, 0, 0, 0, 0, 0])
Transition([12, 75, 1, 0, 0, 0, 0, 0] -- 0.setPos.3.1 --> [12, 0, 5, 0, 0, 0, 0, 0])
Transition([14, 4, 3, 0, 0, 0, 0, 0] -- down --> [14, 104, 3, 0, 0, 0, 0, 0])
Transition([3, 7, 1, 0, 0, 0, 0, 0] -- 0.setPos.4.2 --> [3, 0, 13, 0, 0, 0, 0, 0])
Transition([14, 4, 3, 0, 0, 0, 0, 0] -- left --> [14, 38, 3, 0, 0, 0, 0, 0])
Transition([3, 56, 4, 0, 0, 0, 0, 0] -- 0.setPos.1.3 --> [3, 0, 7, 0, 0, 0, 1, 0])
Transition([14, 4, 3, 0, 0, 0, 0, 0] -- right --> [14, 5, 3, 0, 0, 0, 0, 0])
Transition([6, 4, 3, 0, 0, 0, 0, 0] -- down --> [6, 104, 3, 0, 0, 0, 0, 0])
Transition([14, 4, 3, 0, 0, 0, 0, 0] -- up --> [14, 71, 3, 0, 0, 0, 0, 0])
Transition([6, 4, 3, 0, 0, 0, 0, 0] -- left --> [6, 38, 3, 0, 0, 0, 0, 0])
Transition([3, 75, 1, 0, 0, 0, 0, 0] -- 0.setPos.3.1 --> [3, 0, 5, 0, 0, 0, 0, 0])
Transition([6, 4, 3, 0, 0, 0, 0, 0] -- right --> [6, 5, 3, 0, 0, 0, 0, 0])
Transition([1, 3, 11, 1, 0, 1, 0, 0] -- 1.getPos.4.1 --> [1, 3, 11, 2, 0, 2, 0, 0])
Transition([6, 4, 3, 0, 0, 0, 0, 0] -- up --> [6, 71, 3, 0, 0, 0, 0, 0])
Transition([14, 4, 12, 0, 0, 0, 0, 0] -- down --> [14, 104, 12, 0, 0, 0, 0, 0])
Transition([12, 7, 1, 0, 0, 0, 0, 0] -- 0.setPos.4.2 --> [12, 0, 13, 0, 0, 0, 0, 0])
Transition([3, 122, 4, 0, 0, 0, 0, 0] -- 0.setPos.2.4 --> [3, 0, 15, 0, 0, 0, 0, 0])
Transition([14, 4, 12, 0, 0, 0, 0, 0] -- left --> [14, 38, 12, 0, 0, 0, 0, 0])
Transition([14, 4, 12, 0, 0, 0, 0, 0] -- right --> [14, 5, 12, 0, 0, 0, 0, 0])
Transition([14, 4, 12, 0, 0, 0, 0, 0] -- up --> [14, 71, 12, 0, 0, 0, 0, 0])
Transition([14, 104, 3, 0, 0, 0, 0, 0] -- 0.getPos.2.3 --> [14, 107, 3, 0, 0, 0, 0, 0])
Transition([14, 71, 12, 0, 0, 0, 0, 0] -- 0.getPos.3.4 --> [14, 96, 12, 0, 0, 0, 0, 0])
Transition([6, 71, 3, 0, 0, 0, 0, 0] -- 0.getPos.2.3 --> [6, 78, 3, 0, 0, 0, 0, 0])
Transition([3, 0, 5, 0, 0, 0, 0, 0] -- startSafeCheck --> [3, 1, 5, 0, 1, 0, 0, 0])
Transition([3, 0, 7, 0, 0, 0, 1, 0] -- illegalPosition --> [3, 0, 7, 0, 0, 0, 1, 0])
Transition([14, 38, 3, 0, 0, 0, 0, 0] -- 0.getPos.2.3 --> [14, 43, 3, 0, 0, 0, 0, 0])
Transition([14, 5, 12, 0, 0, 0, 0, 0] -- 0.getPos.3.4 --> [14, 30, 12, 0, 0, 0, 0, 0])
Transition([14, 71, 3, 0, 0, 0, 0, 0] -- 0.getPos.2.3 --> [14, 78, 3, 0, 0, 0, 0, 0])
Transition([14, 38, 12, 0, 0, 0, 0, 0] -- 0.getPos.3.4 --> [14, 63, 12, 0, 0, 0, 0, 0])
Transition([14, 5, 3, 0, 0, 0, 0, 0] -- 0.getPos.2.3 --> [14, 10, 3, 0, 0, 0, 0, 0])
Transition([6, 104, 3, 0, 0, 0, 0, 0] -- 0.getPos.2.3 --> [6, 107, 3, 0, 0, 0, 0, 0])
Transition([14, 104, 12, 0, 0, 0, 0, 0] -- 0.getPos.3.4 --> [14, 129, 12, 0, 0, 0, 0, 0])
Transition([1, 3, 11, 2, 0, 2, 0, 0] -- checkLiveDone --> [1, 4, 11, 0, 0, 0, 0, 0])
Transition([6, 38, 3, 0, 0, 0, 0, 0] -- 0.getPos.2.3 --> [6, 43, 3, 0, 0, 0, 0, 0])
Transition([6, 5, 3, 0, 0, 0, 0, 0] -- 0.getPos.2.3 --> [6, 10, 3, 0, 0, 0, 0, 0])
Transition([12, 0, 13, 0, 0, 0, 0, 0] -- startSafeCheck --> [12, 1, 13, 0, 1, 0, 0, 0])
Transition([6, 10, 3, 0, 0, 0, 0, 0] -- 0.setPos.2.4 --> [6, 0, 15, 0, 0, 0, 0, 0])
Transition([12, 1, 13, 0, 1, 0, 0, 0] -- 0.getPos.4.2 --> [12, 1, 13, 0, 14, 0, 0, 0])
Transition([14, 63, 12, 0, 0, 0, 0, 0] -- 0.setPos.3.3 --> [14, 0, 14, 0, 0, 0, 0, 0])
Transition([6, 78, 3, 0, 0, 0, 0, 0] -- 0.setPos.1.3 --> [6, 0, 7, 0, 0, 0, 1, 0])
Transition([6, 107, 3, 0, 0, 0, 0, 0] -- 0.setPos.3.3 --> [6, 0, 14, 0, 0, 0, 0, 0])
Transition([14, 107, 3, 0, 0, 0, 0, 0] -- 0.setPos.3.3 --> [14, 0, 14, 0, 0, 0, 0, 0])
Transition([14, 96, 12, 0, 0, 0, 0, 0] -- 0.setPos.2.4 --> [14, 0, 15, 0, 0, 0, 0, 0])
Transition([14, 10, 3, 0, 0, 0, 0, 0] -- 0.setPos.2.4 --> [14, 0, 15, 0, 0, 0, 0, 0])
Transition([14, 78, 3, 0, 0, 0, 0, 0] -- 0.setPos.1.3 --> [14, 0, 7, 0, 0, 0, 1, 0])
Transition([3, 1, 5, 0, 1, 0, 0, 0] -- 0.getPos.3.1 --> [3, 1, 5, 0, 9, 0, 0, 0])
Transition([14, 43, 3, 0, 0, 0, 0, 0] -- 0.setPos.2.2 --> [14, 0, 6, 0, 0, 0, 0, 0])
Transition([6, 43, 3, 0, 0, 0, 0, 0] -- 1.getPos.2.2 --> [6, 44, 3, 0, 0, 0, 0, 0])
Transition([14, 129, 12, 0, 0, 0, 0, 0] -- 0.setPos.4.4 --> [14, 0, 10, 0, 0, 0, 0, 0])
Transition([1, 4, 11, 0, 0, 0, 0, 0] -- down --> [1, 104, 11, 0, 0, 0, 0, 0])
Transition([6, 43, 3, 0, 0, 0, 0, 0] -- 0.setPos.2.2 --> [6, 0, 6, 0, 0, 0, 0, 0])
Transition([1, 4, 11, 0, 0, 0, 0, 0] -- left --> [1, 38, 11, 0, 0, 0, 0, 0])
Transition([1, 4, 11, 0, 0, 0, 0, 0] -- right --> [1, 5, 11, 0, 0, 0, 0, 0])
Transition([1, 4, 11, 0, 0, 0, 0, 0] -- up --> [1, 71, 11, 0, 0, 0, 0, 0])
Transition([14, 0, 6, 0, 0, 0, 0, 0] -- startSafeCheck --> [14, 1, 6, 0, 1, 0, 0, 0])
Transition([1, 71, 11, 0, 0, 0, 0, 0] -- 0.getPos.4.3 --> [1, 80, 11, 0, 0, 0, 0, 0])
Transition([14, 0, 7, 0, 0, 0, 1, 0] -- illegalPosition --> [14, 0, 7, 0, 0, 0, 1, 0])
Transition([6, 0, 7, 0, 0, 0, 1, 0] -- illegalPosition --> [6, 0, 7, 0, 0, 0, 1, 0])
Transition([1, 5, 11, 0, 0, 0, 0, 0] -- 0.getPos.4.3 --> [1, 14, 11, 0, 0, 0, 0, 0])
Transition([1, 38, 11, 0, 0, 0, 0, 0] -- 0.getPos.4.3 --> [1, 47, 11, 0, 0, 0, 0, 0])
Transition([6, 0, 15, 0, 0, 0, 0, 0] -- startSafeCheck --> [6, 1, 15, 0, 1, 0, 0, 0])
Transition([12, 1, 13, 0, 14, 0, 0, 0] -- 1.getPos.4.3 --> [12, 1, 13, 0, 3, 0, 0, 0])
Transition([14, 0, 15, 0, 0, 0, 0, 0] -- startSafeCheck --> [14, 1, 15, 0, 1, 0, 0, 0])
Transition([6, 0, 14, 0, 0, 0, 0, 0] -- startSafeCheck --> [6, 1, 14, 0, 1, 0, 0, 0])
Transition([1, 104, 11, 0, 0, 0, 0, 0] -- 0.getPos.4.3 --> [1, 113, 11, 0, 0, 0, 0, 0])
Transition([6, 44, 3, 0, 0, 0, 0, 0] -- 1.setPos.2.1 --> [8, 45, 3, 0, 0, 0, 0, 0])
Transition([3, 1, 5, 0, 9, 0, 0, 0] -- 1.getPos.2.3 --> [3, 1, 5, 0, 3, 0, 0, 0])
Transition([6, 0, 6, 0, 0, 0, 0, 0] -- startSafeCheck --> [6, 1, 6, 0, 1, 0, 0, 0])
Transition([3, 1, 5, 0, 3, 0, 0, 0] -- checkSafeOk --> [3, 2, 5, 0, 0, 0, 0, 0])
Transition([6, 1, 6, 0, 1, 0, 0, 0] -- 0.getPos.2.2 --> [6, 1, 6, 0, 10, 0, 0, 0])
Transition([14, 1, 15, 0, 1, 0, 0, 0] -- 0.getPos.2.4 --> [14, 1, 15, 0, 16, 0, 0, 0])
Transition([1, 14, 11, 0, 0, 0, 0, 0] -- 0.setPos.4.4 --> [1, 0, 10, 0, 0, 0, 0, 0])
Transition([14, 1, 6, 0, 1, 0, 0, 0] -- 0.getPos.2.2 --> [14, 1, 6, 0, 10, 0, 0, 0])
Transition([1, 80, 11, 0, 0, 0, 0, 0] -- 0.setPos.3.3 --> [1, 0, 14, 0, 0, 0, 0, 0])
Transition([12, 1, 13, 0, 3, 0, 0, 0] -- checkSafeOk --> [12, 2, 13, 0, 0, 0, 0, 0])
Transition([1, 47, 11, 0, 0, 0, 0, 0] -- 0.setPos.4.2 --> [1, 0, 13, 0, 0, 0, 0, 0])
Transition([8, 45, 3, 0, 0, 0, 0, 0] -- 0.setPos.2.2 --> [8, 0, 6, 0, 0, 0, 0, 0])
Transition([6, 1, 14, 0, 1, 0, 0, 0] -- 0.getPos.3.3 --> [6, 1, 14, 0, 15, 0, 0, 0])
Transition([6, 1, 15, 0, 1, 0, 0, 0] -- 0.getPos.2.4 --> [6, 1, 15, 0, 16, 0, 0, 0])
Transition([6, 1, 14, 0, 15, 0, 0, 0] -- 1.getPos.2.2 --> [6, 1, 14, 0, 3, 0, 0, 0])
Transition([6, 1, 15, 0, 16, 0, 0, 0] -- 1.getPos.2.2 --> [6, 1, 15, 0, 3, 0, 0, 0])
Transition([1, 0, 14, 0, 0, 0, 0, 0] -- startSafeCheck --> [1, 1, 14, 0, 1, 0, 0, 0])
Transition([14, 1, 15, 0, 16, 0, 0, 0] -- 1.getPos.4.2 --> [14, 1, 15, 0, 3, 0, 0, 0])
Transition([3, 2, 5, 0, 0, 0, 0, 0] -- startLiveCheck --> [3, 3, 5, 1, 0, 1, 0, 0])
Transition([6, 1, 6, 0, 10, 0, 0, 0] -- 1.getPos.2.2 --> [6, 1, 6, 0, 4, 0, 0, 0])
Transition([14, 1, 6, 0, 10, 0, 0, 0] -- 1.getPos.4.2 --> [14, 1, 6, 0, 3, 0, 0, 0])
Transition([8, 0, 6, 0, 0, 0, 0, 0] -- startSafeCheck --> [8, 1, 6, 0, 1, 0, 0, 0])
Transition([12, 2, 13, 0, 0, 0, 0, 0] -- startLiveCheck --> [12, 3, 13, 1, 0, 1, 0, 0])
Transition([1, 0, 10, 0, 0, 0, 0, 0] -- startSafeCheck --> [1, 1, 10, 0, 1, 0, 0, 0])
Transition([12, 3, 13, 1, 0, 1, 0, 0] -- 1.getPos.4.3 --> [12, 3, 13, 2, 0, 2, 0, 0])
Transition([1, 1, 10, 0, 1, 0, 0, 0] -- 0.getPos.4.4 --> [1, 1, 10, 0, 2, 0, 0, 0])
Transition([3, 3, 5, 1, 0, 1, 0, 0] -- 1.getPos.2.3 --> [3, 3, 5, 2, 0, 2, 0, 0])
Transition([1, 1, 14, 0, 1, 0, 0, 0] -- 0.getPos.3.3 --> [1, 1, 14, 0, 15, 0, 0, 0])
Transition([6, 1, 14, 0, 3, 0, 0, 0] -- checkSafeOk --> [6, 2, 14, 0, 0, 0, 0, 0])
Transition([14, 1, 15, 0, 3, 0, 0, 0] -- checkSafeOk --> [14, 2, 15, 0, 0, 0, 0, 0])
Transition([8, 1, 6, 0, 1, 0, 0, 0] -- 0.getPos.2.2 --> [8, 1, 6, 0, 10, 0, 0, 0])
Transition([6, 1, 15, 0, 3, 0, 0, 0] -- checkSafeOk --> [6, 2, 15, 0, 0, 0, 0, 0])
Transition([14, 1, 6, 0, 3, 0, 0, 0] -- checkSafeOk --> [14, 2, 6, 0, 0, 0, 0, 0])
Transition([6, 2, 15, 0, 0, 0, 0, 0] -- startLiveCheck --> [6, 3, 15, 1, 0, 1, 0, 0])
Transition([14, 2, 6, 0, 0, 0, 0, 0] -- startLiveCheck --> [14, 3, 6, 1, 0, 1, 0, 0])
Transition([1, 1, 14, 0, 15, 0, 0, 0] -- 1.getPos.4.1 --> [1, 1, 14, 0, 3, 0, 0, 0])
Transition([1, 1, 10, 0, 2, 0, 0, 0] -- 1.getPos.4.1 --> [1, 1, 10, 0, 3, 0, 0, 0])
Transition([12, 3, 13, 2, 0, 2, 0, 0] -- checkLiveDone --> [12, 4, 13, 0, 0, 0, 0, 0])
Transition([3, 3, 5, 2, 0, 2, 0, 0] -- checkLiveDone --> [3, 4, 5, 0, 0, 0, 0, 0])
Transition([8, 1, 6, 0, 10, 0, 0, 0] -- 1.getPos.2.1 --> [8, 1, 6, 0, 3, 0, 0, 0])
Transition([6, 2, 14, 0, 0, 0, 0, 0] -- startLiveCheck --> [6, 3, 14, 1, 0, 1, 0, 0])
Transition([14, 2, 15, 0, 0, 0, 0, 0] -- startLiveCheck --> [14, 3, 15, 1, 0, 1, 0, 0])
Transition([6, 3, 14, 1, 0, 1, 0, 0] -- 1.getPos.2.2 --> [6, 3, 14, 2, 0, 2, 0, 0])
Transition([14, 3, 15, 1, 0, 1, 0, 0] -- 1.getPos.4.2 --> [14, 3, 15, 2, 0, 2, 0, 0])
Transition([1, 1, 10, 0, 3, 0, 0, 0] -- checkSafeOk --> [1, 2, 10, 0, 0, 0, 0, 0])
Transition([14, 3, 6, 1, 0, 1, 0, 0] -- 1.getPos.4.2 --> [14, 3, 6, 2, 0, 2, 0, 0])
Transition([6, 3, 15, 1, 0, 1, 0, 0] -- 1.getPos.2.2 --> [6, 3, 15, 2, 0, 2, 0, 0])
Transition([1, 1, 14, 0, 3, 0, 0, 0] -- checkSafeOk --> [1, 2, 14, 0, 0, 0, 0, 0])
Transition([8, 1, 6, 0, 3, 0, 0, 0] -- checkSafeOk --> [8, 2, 6, 0, 0, 0, 0, 0])
Transition([12, 4, 13, 0, 0, 0, 0, 0] -- down --> [12, 104, 13, 0, 0, 0, 0, 0])
Transition([3, 4, 5, 0, 0, 0, 0, 0] -- down --> [3, 104, 5, 0, 0, 0, 0, 0])
Transition([12, 4, 13, 0, 0, 0, 0, 0] -- left --> [12, 38, 13, 0, 0, 0, 0, 0])
Transition([3, 4, 5, 0, 0, 0, 0, 0] -- left --> [3, 38, 5, 0, 0, 0, 0, 0])
Transition([12, 4, 13, 0, 0, 0, 0, 0] -- right --> [12, 5, 13, 0, 0, 0, 0, 0])
Transition([3, 4, 5, 0, 0, 0, 0, 0] -- right --> [3, 5, 5, 0, 0, 0, 0, 0])
Transition([12, 4, 13, 0, 0, 0, 0, 0] -- up --> [12, 71, 13, 0, 0, 0, 0, 0])
Transition([3, 4, 5, 0, 0, 0, 0, 0] -- up --> [3, 71, 5, 0, 0, 0, 0, 0])
Transition([12, 71, 13, 0, 0, 0, 0, 0] -- 0.getPos.4.2 --> [12, 83, 13, 0, 0, 0, 0, 0])
Transition([3, 71, 5, 0, 0, 0, 0, 0] -- 0.getPos.3.1 --> [3, 92, 5, 0, 0, 0, 0, 0])
Transition([14, 3, 6, 2, 0, 2, 0, 0] -- checkLiveDone --> [14, 4, 6, 0, 0, 0, 0, 0])
Transition([14, 3, 15, 2, 0, 2, 0, 0] -- checkLiveDone --> [14, 4, 15, 0, 0, 0, 0, 0])
Transition([6, 3, 14, 2, 0, 2, 0, 0] -- checkLiveDone --> [6, 4, 14, 0, 0, 0, 0, 0])
Transition([12, 104, 13, 0, 0, 0, 0, 0] -- 0.getPos.4.2 --> [12, 114, 13, 0, 0, 0, 0, 0])
Transition([1, 2, 10, 0, 0, 0, 0, 0] -- startLiveCheck --> [1, 3, 10, 1, 0, 1, 0, 0])
Transition([3, 5, 5, 0, 0, 0, 0, 0] -- 0.getPos.3.1 --> [3, 26, 5, 0, 0, 0, 0, 0])
Transition([3, 104, 5, 0, 0, 0, 0, 0] -- 0.getPos.3.1 --> [3, 125, 5, 0, 0, 0, 0, 0])
Transition([12, 38, 13, 0, 0, 0, 0, 0] -- 0.getPos.4.2 --> [12, 50, 13, 0, 0, 0, 0, 0])
Transition([8, 2, 6, 0, 0, 0, 0, 0] -- startLiveCheck --> [8, 3, 6, 1, 0, 1, 0, 0])
Transition([6, 3, 15, 2, 0, 2, 0, 0] -- checkLiveDone --> [6, 4, 15, 0, 0, 0, 0, 0])
Transition([3, 38, 5, 0, 0, 0, 0, 0] -- 0.getPos.3.1 --> [3, 59, 5, 0, 0, 0, 0, 0])
Transition([12, 5, 13, 0, 0, 0, 0, 0] -- 0.getPos.4.2 --> [12, 15, 13, 0, 0, 0, 0, 0])
Transition([1, 2, 14, 0, 0, 0, 0, 0] -- startLiveCheck --> [1, 3, 14, 1, 0, 1, 0, 0])
Transition([12, 15, 13, 0, 0, 0, 0, 0] -- 1.getPos.4.3 --> [12, 16, 13, 0, 0, 0, 0, 0])
Transition([1, 3, 14, 1, 0, 1, 0, 0] -- 1.getPos.4.1 --> [1, 3, 14, 2, 0, 2, 0, 0])
Transition([12, 15, 13, 0, 0, 0, 0, 0] -- 0.setPos.4.3 --> [12, 0, 11, 0, 0, 0, 0, 0])
Transition([3, 26, 5, 0, 0, 0, 0, 0] -- 0.setPos.3.2 --> [3, 0, 2, 0, 0, 0, 1, 0])
Transition([14, 4, 6, 0, 0, 0, 0, 0] -- down --> [14, 104, 6, 0, 0, 0, 0, 0])
Transition([3, 125, 5, 0, 0, 0, 0, 0] -- 0.setPos.4.1 --> [3, 0, 1, 0, 0, 0, 0, 0])
Transition([14, 4, 6, 0, 0, 0, 0, 0] -- left --> [14, 38, 6, 0, 0, 0, 0, 0])
Transition([12, 83, 13, 0, 0, 0, 0, 0] -- 0.setPos.3.2 --> [12, 0, 2, 0, 0, 0, 1, 0])
Transition([14, 4, 6, 0, 0, 0, 0, 0] -- right --> [14, 5, 6, 0, 0, 0, 0, 0])
Transition([3, 92, 5, 0, 0, 0, 0, 0] -- 0.setPos.2.1 --> [3, 0, 8, 0, 0, 0, 0, 0])
Transition([14, 4, 6, 0, 0, 0, 0, 0] -- up --> [14, 71, 6, 0, 0, 0, 0, 0])
Transition([1, 3, 10, 1, 0, 1, 0, 0] -- 1.getPos.4.1 --> [1, 3, 10, 2, 0, 2, 0, 0])
Transition([14, 4, 15, 0, 0, 0, 0, 0] -- down --> [14, 104, 15, 0, 0, 0, 0, 0])
Transition([6, 4, 14, 0, 0, 0, 0, 0] -- down --> [6, 104, 14, 0, 0, 0, 0, 0])
Transition([14, 4, 15, 0, 0, 0, 0, 0] -- left --> [14, 38, 15, 0, 0, 0, 0, 0])
Transition([6, 4, 14, 0, 0, 0, 0, 0] -- left --> [6, 38, 14, 0, 0, 0, 0, 0])
Transition([14, 4, 15, 0, 0, 0, 0, 0] -- right --> [14, 5, 15, 0, 0, 0, 0, 0])
Transition([6, 4, 14, 0, 0, 0, 0, 0] -- right --> [6, 5, 14, 0, 0, 0, 0, 0])
Transition([14, 4, 15, 0, 0, 0, 0, 0] -- up --> [14, 71, 15, 0, 0, 0, 0, 0])
Transition([6, 4, 14, 0, 0, 0, 0, 0] -- up --> [6, 71, 14, 0, 0, 0, 0, 0])
Transition([12, 50, 13, 0, 0, 0, 0, 0] -- 0.setPos.4.1 --> [12, 0, 1, 0, 0, 0, 0, 0])
Transition([8, 3, 6, 1, 0, 1, 0, 0] -- 1.getPos.2.1 --> [8, 3, 6, 2, 0, 2, 0, 0])
Transition([6, 4, 15, 0, 0, 0, 0, 0] -- down --> [6, 104, 15, 0, 0, 0, 0, 0])
Transition([6, 4, 15, 0, 0, 0, 0, 0] -- left --> [6, 38, 15, 0, 0, 0, 0, 0])
Transition([6, 4, 15, 0, 0, 0, 0, 0] -- right --> [6, 5, 15, 0, 0, 0, 0, 0])
Transition([6, 4, 15, 0, 0, 0, 0, 0] -- up --> [6, 71, 15, 0, 0, 0, 0, 0])
Transition([14, 71, 6, 0, 0, 0, 0, 0] -- 0.getPos.2.2 --> [14, 79, 6, 0, 0, 0, 0, 0])
Transition([6, 71, 15, 0, 0, 0, 0, 0] -- 0.getPos.2.4 --> [6, 86, 15, 0, 0, 0, 0, 0])
Transition([14, 38, 6, 0, 0, 0, 0, 0] -- 0.getPos.2.2 --> [14, 46, 6, 0, 0, 0, 0, 0])
Transition([1, 3, 14, 2, 0, 2, 0, 0] -- checkLiveDone --> [1, 4, 14, 0, 0, 0, 0, 0])
Transition([1, 3, 10, 2, 0, 2, 0, 0] -- checkLiveDone --> [1, 4, 10, 0, 0, 0, 0, 0])
Transition([6, 38, 14, 0, 0, 0, 0, 0] -- 0.getPos.3.3 --> [6, 66, 14, 0, 0, 0, 0, 0])
Transition([14, 5, 15, 0, 0, 0, 0, 0] -- 0.getPos.2.4 --> [14, 18, 15, 0, 0, 0, 0, 0])
Transition([12, 16, 13, 0, 0, 0, 0, 0] -- 1.setPos.4.4 --> [11, 17, 13, 0, 0, 0, 0, 0])
Transition([6, 5, 15, 0, 0, 0, 0, 0] -- 0.getPos.2.4 --> [6, 18, 15, 0, 0, 0, 0, 0])
Transition([6, 104, 15, 0, 0, 0, 0, 0] -- 0.getPos.2.4 --> [6, 115, 15, 0, 0, 0, 0, 0])
Transition([6, 38, 15, 0, 0, 0, 0, 0] -- 0.getPos.2.4 --> [6, 51, 15, 0, 0, 0, 0, 0])
Transition([14, 104, 6, 0, 0, 0, 0, 0] -- 0.getPos.2.2 --> [14, 110, 6, 0, 0, 0, 0, 0])
Transition([8, 3, 6, 2, 0, 2, 0, 0] -- checkLiveDone --> [8, 4, 6, 0, 0, 0, 0, 0])
Transition([3, 0, 8, 0, 0, 0, 0, 0] -- startSafeCheck --> [3, 1, 8, 0, 1, 0, 0, 0])
Transition([6, 5, 14, 0, 0, 0, 0, 0] -- 0.getPos.3.3 --> [6, 31, 14, 0, 0, 0, 0, 0])
Transition([14, 71, 15, 0, 0, 0, 0, 0] -- 0.getPos.2.4 --> [14, 86, 15, 0, 0, 0, 0, 0])
Transition([14, 5, 6, 0, 0, 0, 0, 0] -- 0.getPos.2.2 --> [14, 11, 6, 0, 0, 0, 0, 0])
Transition([14, 104, 15, 0, 0, 0, 0, 0] -- 0.getPos.2.4 --> [14, 115, 15, 0, 0, 0, 0, 0])
Transition([6, 71, 14, 0, 0, 0, 0, 0] -- 0.getPos.3.3 --> [6, 99, 14, 0, 0, 0, 0, 0])
Transition([6, 104, 14, 0, 0, 0, 0, 0] -- 0.getPos.3.3 --> [6, 130, 14, 0, 0, 0, 0, 0])
Transition([14, 38, 15, 0, 0, 0, 0, 0] -- 0.getPos.2.4 --> [14, 51, 15, 0, 0, 0, 0, 0])
Transition([6, 130, 14, 0, 0, 0, 0, 0] -- 0.setPos.4.3 --> [6, 0, 11, 0, 0, 0, 0, 0])
Transition([14, 51, 15, 0, 0, 0, 0, 0] -- 0.setPos.2.3 --> [14, 0, 3, 0, 0, 0, 0, 0])
Transition([14, 110, 6, 0, 0, 0, 0, 0] -- 0.setPos.3.2 --> [14, 0, 2, 0, 0, 0, 1, 0])
Transition([1, 4, 14, 0, 0, 0, 0, 0] -- down --> [1, 104, 14, 0, 0, 0, 0, 0])
Transition([6, 86, 15, 0, 0, 0, 0, 0] -- 0.setPos.1.4 --> [6, 0, 4, 0, 0, 0, 0, 0])
Transition([1, 4, 14, 0, 0, 0, 0, 0] -- left --> [1, 38, 14, 0, 0, 0, 0, 0])
Transition([11, 17, 13, 0, 0, 0, 0, 0] -- 0.setPos.4.3 --> [11, 0, 11, 0, 0, 0, 0, 0])
Transition([1, 4, 14, 0, 0, 0, 0, 0] -- right --> [1, 5, 14, 0, 0, 0, 0, 0])
Transition([14, 46, 6, 0, 0, 0, 0, 0] -- 0.setPos.2.1 --> [14, 0, 8, 0, 0, 0, 0, 0])
Transition([1, 4, 14, 0, 0, 0, 0, 0] -- up --> [1, 71, 14, 0, 0, 0, 0, 0])
Transition([14, 79, 6, 0, 0, 0, 0, 0] -- 0.setPos.1.2 --> [14, 0, 9, 0, 0, 0, 0, 0])
Transition([6, 66, 14, 0, 0, 0, 0, 0] -- 0.setPos.3.2 --> [6, 0, 2, 0, 0, 0, 1, 0])
Transition([6, 51, 15, 0, 0, 0, 0, 0] -- 0.setPos.2.3 --> [6, 0, 3, 0, 0, 0, 0, 0])
Transition([1, 4, 10, 0, 0, 0, 0, 0] -- down --> [1, 104, 10, 0, 0, 0, 0, 0])
Transition([6, 115, 15, 0, 0, 0, 0, 0] -- 0.setPos.3.4 --> [6, 0, 12, 0, 0, 0, 0, 0])
Transition([1, 4, 10, 0, 0, 0, 0, 0] -- left --> [1, 38, 10, 0, 0, 0, 0, 0])
Transition([6, 99, 14, 0, 0, 0, 0, 0] -- 0.setPos.2.3 --> [6, 0, 3, 0, 0, 0, 0, 0])
Transition([1, 4, 10, 0, 0, 0, 0, 0] -- right --> [1, 5, 10, 0, 0, 0, 0, 0])
Transition([6, 31, 14, 0, 0, 0, 0, 0] -- 0.setPos.3.4 --> [6, 0, 12, 0, 0, 0, 0, 0])
Transition([1, 4, 10, 0, 0, 0, 0, 0] -- up --> [1, 71, 10, 0, 0, 0, 0, 0])
Transition([8, 4, 6, 0, 0, 0, 0, 0] -- down --> [8, 104, 6, 0, 0, 0, 0, 0])
Transition([3, 1, 8, 0, 1, 0, 0, 0] -- 0.getPos.2.1 --> [3, 1, 8, 0, 17, 0, 0, 0])
Transition([8, 4, 6, 0, 0, 0, 0, 0] -- left --> [8, 38, 6, 0, 0, 0, 0, 0])
Transition([14, 115, 15, 0, 0, 0, 0, 0] -- 0.setPos.3.4 --> [14, 0, 12, 0, 0, 0, 0, 0])
Transition([8, 4, 6, 0, 0, 0, 0, 0] -- right --> [8, 5, 6, 0, 0, 0, 0, 0])
Transition([14, 86, 15, 0, 0, 0, 0, 0] -- 0.setPos.1.4 --> [14, 0, 4, 0, 0, 0, 0, 0])
Transition([8, 4, 6, 0, 0, 0, 0, 0] -- up --> [8, 71, 6, 0, 0, 0, 0, 0])
Transition([14, 11, 6, 0, 0, 0, 0, 0] -- 0.setPos.2.3 --> [14, 0, 3, 0, 0, 0, 0, 0])
Transition([8, 71, 6, 0, 0, 0, 0, 0] -- 0.getPos.2.2 --> [8, 79, 6, 0, 0, 0, 0, 0])
Transition([8, 5, 6, 0, 0, 0, 0, 0] -- 0.getPos.2.2 --> [8, 11, 6, 0, 0, 0, 0, 0])
Transition([1, 5, 14, 0, 0, 0, 0, 0] -- 0.getPos.3.3 --> [1, 31, 14, 0, 0, 0, 0, 0])
Transition([14, 0, 8, 0, 0, 0, 0, 0] -- startSafeCheck --> [14, 1, 8, 0, 1, 0, 0, 0])
Transition([6, 0, 4, 0, 0, 0, 0, 0] -- startSafeCheck --> [6, 1, 4, 0, 1, 0, 0, 0])
Transition([6, 0, 11, 0, 0, 0, 0, 0] -- startSafeCheck --> [6, 1, 11, 0, 1, 0, 0, 0])
Transition([1, 104, 14, 0, 0, 0, 0, 0] -- 0.getPos.3.3 --> [1, 130, 14, 0, 0, 0, 0, 0])
Transition([11, 0, 11, 0, 0, 0, 0, 0] -- startSafeCheck --> [11, 1, 11, 0, 1, 0, 0, 0])
Transition([1, 38, 14, 0, 0, 0, 0, 0] -- 0.getPos.3.3 --> [1, 66, 14, 0, 0, 0, 0, 0])
Transition([1, 104, 10, 0, 0, 0, 0, 0] -- 0.getPos.4.4 --> [1, 105, 10, 0, 0, 0, 0, 0])
Transition([14, 0, 9, 0, 0, 0, 0, 0] -- startSafeCheck --> [14, 1, 9, 0, 1, 0, 0, 0])
Transition([6, 0, 2, 0, 0, 0, 1, 0] -- illegalPosition --> [6, 0, 2, 0, 0, 0, 1, 0])
Transition([8, 104, 6, 0, 0, 0, 0, 0] -- 0.getPos.2.2 --> [8, 110, 6, 0, 0, 0, 0, 0])
Transition([1, 71, 14, 0, 0, 0, 0, 0] -- 0.getPos.3.3 --> [1, 99, 14, 0, 0, 0, 0, 0])
Transition([14, 0, 4, 0, 0, 0, 0, 0] -- startSafeCheck --> [14, 1, 4, 0, 1, 0, 0, 0])
Transition([1, 5, 10, 0, 0, 0, 0, 0] -- 0.getPos.4.4 --> [1, 6, 10, 0, 0, 0, 0, 0])
Transition([6, 0, 12, 0, 0, 0, 0, 0] -- startSafeCheck --> [6, 1, 12, 0, 1, 0, 0, 0])
Transition([1, 38, 10, 0, 0, 0, 0, 0] -- 0.getPos.4.4 --> [1, 39, 10, 0, 0, 0, 0, 0])
Transition([8, 38, 6, 0, 0, 0, 0, 0] -- 0.getPos.2.2 --> [8, 46, 6, 0, 0, 0, 0, 0])
Transition([1, 71, 10, 0, 0, 0, 0, 0] -- 0.getPos.4.4 --> [1, 72, 10, 0, 0, 0, 0, 0])
Transition([3, 1, 8, 0, 17, 0, 0, 0] -- 1.getPos.2.3 --> [3, 1, 8, 0, 3, 0, 0, 0])
Transition([1, 72, 10, 0, 0, 0, 0, 0] -- 0.setPos.3.4 --> [1, 0, 12, 0, 0, 0, 0, 0])
Transition([3, 1, 8, 0, 3, 0, 0, 0] -- checkSafeOk --> [3, 2, 8, 0, 0, 0, 0, 0])
Transition([6, 1, 4, 0, 1, 0, 0, 0] -- 0.getPos.1.4 --> [6, 1, 4, 0, 8, 0, 0, 0])
Transition([1, 130, 14, 0, 0, 0, 0, 0] -- 0.setPos.4.3 --> [1, 0, 11, 0, 0, 0, 0, 0])
Transition([1, 31, 14, 0, 0, 0, 0, 0] -- 0.setPos.3.4 --> [1, 0, 12, 0, 0, 0, 0, 0])
Transition([8, 79, 6, 0, 0, 0, 0, 0] -- 0.setPos.1.2 --> [8, 0, 9, 0, 0, 0, 0, 0])
Transition([8, 11, 6, 0, 0, 0, 0, 0] -- 0.setPos.2.3 --> [8, 0, 3, 0, 0, 0, 0, 0])
Transition([6, 1, 11, 0, 1, 0, 0, 0] -- 0.getPos.4.3 --> [6, 1, 11, 0, 12, 0, 0, 0])
Transition([14, 1, 9, 0, 1, 0, 0, 0] -- 0.getPos.1.2 --> [14, 1, 9, 0, 18, 0, 0, 0])
Transition([1, 66, 14, 0, 0, 0, 0, 0] -- 0.setPos.3.2 --> [1, 0, 2, 0, 0, 0, 1, 0])
Transition([11, 1, 11, 0, 1, 0, 0, 0] -- 0.getPos.4.3 --> [11, 1, 11, 0, 12, 0, 0, 0])
Transition([6, 1, 12, 0, 1, 0, 0, 0] -- 0.getPos.3.4 --> [6, 1, 12, 0, 13, 0, 0, 0])
Transition([8, 46, 6, 0, 0, 0, 0, 0] -- 0.setPos.2.1 --> [8, 0, 8, 0, 0, 0, 0, 0])
Transition([14, 1, 4, 0, 1, 0, 0, 0] -- 0.getPos.1.4 --> [14, 1, 4, 0, 8, 0, 0, 0])
Transition([8, 110, 6, 0, 0, 0, 0, 0] -- 0.setPos.3.2 --> [8, 0, 2, 0, 0, 0, 1, 0])
Transition([1, 99, 14, 0, 0, 0, 0, 0] -- 0.setPos.2.3 --> [1, 0, 3, 0, 0, 0, 0, 0])
Transition([1, 39, 10, 0, 0, 0, 0, 0] -- 0.setPos.4.3 --> [1, 0, 11, 0, 0, 0, 0, 0])
Transition([14, 1, 8, 0, 1, 0, 0, 0] -- 0.getPos.2.1 --> [14, 1, 8, 0, 17, 0, 0, 0])
Transition([14, 1, 4, 0, 8, 0, 0, 0] -- 1.getPos.4.2 --> [14, 1, 4, 0, 3, 0, 0, 0])
Transition([14, 1, 8, 0, 17, 0, 0, 0] -- 1.getPos.4.2 --> [14, 1, 8, 0, 3, 0, 0, 0])
Transition([14, 1, 9, 0, 18, 0, 0, 0] -- 1.getPos.4.2 --> [14, 1, 9, 0, 3, 0, 0, 0])
Transition([1, 0, 12, 0, 0, 0, 0, 0] -- startSafeCheck --> [1, 1, 12, 0, 1, 0, 0, 0])
Transition([6, 1, 4, 0, 8, 0, 0, 0] -- 1.getPos.2.2 --> [6, 1, 4, 0, 3, 0, 0, 0])
Transition([3, 2, 8, 0, 0, 0, 0, 0] -- startLiveCheck --> [3, 3, 8, 1, 0, 1, 0, 0])
Transition([6, 1, 11, 0, 12, 0, 0, 0] -- 1.getPos.2.2 --> [6, 1, 11, 0, 3, 0, 0, 0])
Transition([8, 0, 9, 0, 0, 0, 0, 0] -- startSafeCheck --> [8, 1, 9, 0, 1, 0, 0, 0])
Transition([8, 0, 3, 0, 0, 0, 0, 0] -- startSafeCheck --> [8, 1, 3, 0, 1, 0, 0, 0])
Transition([1, 0, 3, 0, 0, 0, 0, 0] -- startSafeCheck --> [1, 1, 3, 0, 1, 0, 0, 0])
Transition([8, 0, 8, 0, 0, 0, 0, 0] -- startSafeCheck --> [8, 1, 8, 0, 1, 0, 0, 0])
Transition([11, 1, 11, 0, 12, 0, 0, 0] -- 1.getPos.4.4 --> [11, 1, 11, 0, 3, 0, 0, 0])
Transition([6, 1, 12, 0, 13, 0, 0, 0] -- 1.getPos.2.2 --> [6, 1, 12, 0, 3, 0, 0, 0])
Transition([8, 0, 2, 0, 0, 0, 1, 0] -- illegalPosition --> [8, 0, 2, 0, 0, 0, 1, 0])
Transition([6, 1, 12, 0, 3, 0, 0, 0] -- checkSafeOk --> [6, 2, 12, 0, 0, 0, 0, 0])
Transition([8, 1, 3, 0, 1, 0, 0, 0] -- 0.getPos.2.3 --> [8, 1, 3, 0, 7, 0, 0, 0])
Transition([6, 1, 11, 0, 3, 0, 0, 0] -- checkSafeOk --> [6, 2, 11, 0, 0, 0, 0, 0])
Transition([14, 1, 9, 0, 3, 0, 0, 0] -- checkSafeOk --> [14, 2, 9, 0, 0, 0, 0, 0])
Transition([14, 1, 4, 0, 3, 0, 0, 0] -- checkSafeOk --> [14, 2, 4, 0, 0, 0, 0, 0])
Transition([14, 1, 8, 0, 3, 0, 0, 0] -- checkSafeOk --> [14, 2, 8, 0, 0, 0, 0, 0])
Transition([3, 3, 8, 1, 0, 1, 0, 0] -- 1.getPos.2.3 --> [3, 3, 8, 2, 0, 2, 0, 0])
Transition([1, 1, 12, 0, 1, 0, 0, 0] -- 0.getPos.3.4 --> [1, 1, 12, 0, 13, 0, 0, 0])
Transition([6, 1, 4, 0, 3, 0, 0, 0] -- checkSafeOk --> [6, 2, 4, 0, 0, 0, 0, 0])
Transition([11, 1, 11, 0, 3, 0, 0, 0] -- checkSafeOk --> [11, 2, 11, 0, 0, 0, 0, 0])
Transition([1, 1, 3, 0, 1, 0, 0, 0] -- 0.getPos.2.3 --> [1, 1, 3, 0, 7, 0, 0, 0])
Transition([8, 1, 9, 0, 1, 0, 0, 0] -- 0.getPos.1.2 --> [8, 1, 9, 0, 18, 0, 0, 0])
Transition([8, 1, 8, 0, 1, 0, 0, 0] -- 0.getPos.2.1 --> [8, 1, 8, 0, 17, 0, 0, 0])
Transition([8, 1, 9, 0, 18, 0, 0, 0] -- 1.getPos.2.1 --> [8, 1, 9, 0, 3, 0, 0, 0])
Transition([8, 1, 8, 0, 17, 0, 0, 0] -- 1.getPos.2.1 --> [8, 1, 8, 0, 4, 0, 0, 0])
Transition([3, 3, 8, 2, 0, 2, 0, 0] -- checkLiveDone --> [3, 4, 8, 0, 0, 0, 0, 0])
Transition([1, 1, 12, 0, 13, 0, 0, 0] -- 1.getPos.4.1 --> [1, 1, 12, 0, 3, 0, 0, 0])
Transition([6, 2, 11, 0, 0, 0, 0, 0] -- startLiveCheck --> [6, 3, 11, 1, 0, 1, 0, 0])
Transition([6, 2, 12, 0, 0, 0, 0, 0] -- startLiveCheck --> [6, 3, 12, 1, 0, 1, 0, 0])
Transition([8, 1, 3, 0, 7, 0, 0, 0] -- 1.getPos.2.1 --> [8, 1, 3, 0, 3, 0, 0, 0])
Transition([14, 2, 8, 0, 0, 0, 0, 0] -- startLiveCheck --> [14, 3, 8, 1, 0, 1, 0, 0])
Transition([14, 2, 9, 0, 0, 0, 0, 0] -- startLiveCheck --> [14, 3, 9, 1, 0, 1, 0, 0])
Transition([14, 2, 4, 0, 0, 0, 0, 0] -- startLiveCheck --> [14, 3, 4, 1, 0, 1, 0, 0])
Transition([1, 1, 3, 0, 7, 0, 0, 0] -- 1.getPos.4.1 --> [1, 1, 3, 0, 3, 0, 0, 0])
Transition([6, 2, 4, 0, 0, 0, 0, 0] -- startLiveCheck --> [6, 3, 4, 1, 0, 1, 0, 0])
Transition([11, 2, 11, 0, 0, 0, 0, 0] -- startLiveCheck --> [11, 3, 11, 1, 0, 1, 0, 0])
Transition([6, 3, 4, 1, 0, 1, 0, 0] -- 1.getPos.2.2 --> [6, 3, 4, 2, 0, 2, 0, 0])
Transition([11, 3, 11, 1, 0, 1, 0, 0] -- 1.getPos.4.4 --> [11, 3, 11, 3, 0, 3, 0, 0])
Transition([14, 3, 8, 1, 0, 1, 0, 0] -- 1.getPos.4.2 --> [14, 3, 8, 2, 0, 2, 0, 0])
Transition([1, 1, 12, 0, 3, 0, 0, 0] -- checkSafeOk --> [1, 2, 12, 0, 0, 0, 0, 0])
Transition([8, 1, 9, 0, 3, 0, 0, 0] -- checkSafeOk --> [8, 2, 9, 0, 0, 0, 0, 0])
Transition([3, 4, 8, 0, 0, 0, 0, 0] -- down --> [3, 104, 8, 0, 0, 0, 0, 0])
Transition([8, 1, 3, 0, 3, 0, 0, 0] -- checkSafeOk --> [8, 2, 3, 0, 0, 0, 0, 0])
Transition([3, 4, 8, 0, 0, 0, 0, 0] -- left --> [3, 38, 8, 0, 0, 0, 0, 0])
Transition([6, 3, 11, 1, 0, 1, 0, 0] -- 1.getPos.2.2 --> [6, 3, 11, 2, 0, 2, 0, 0])
Transition([3, 4, 8, 0, 0, 0, 0, 0] -- right --> [3, 5, 8, 0, 0, 0, 0, 0])
Transition([6, 3, 12, 1, 0, 1, 0, 0] -- 1.getPos.2.2 --> [6, 3, 12, 2, 0, 2, 0, 0])
Transition([3, 4, 8, 0, 0, 0, 0, 0] -- up --> [3, 71, 8, 0, 0, 0, 0, 0])
Transition([1, 1, 3, 0, 3, 0, 0, 0] -- checkSafeOk --> [1, 2, 3, 0, 0, 0, 0, 0])
Transition([14, 3, 9, 1, 0, 1, 0, 0] -- 1.getPos.4.2 --> [14, 3, 9, 2, 0, 2, 0, 0])
Transition([14, 3, 4, 1, 0, 1, 0, 0] -- 1.getPos.4.2 --> [14, 3, 4, 2, 0, 2, 0, 0])
Transition([14, 3, 9, 2, 0, 2, 0, 0] -- checkLiveDone --> [14, 4, 9, 0, 0, 0, 0, 0])
Transition([14, 3, 4, 2, 0, 2, 0, 0] -- checkLiveDone --> [14, 4, 4, 0, 0, 0, 0, 0])
Transition([6, 3, 11, 2, 0, 2, 0, 0] -- checkLiveDone --> [6, 4, 11, 0, 0, 0, 0, 0])
Transition([14, 3, 8, 2, 0, 2, 0, 0] -- checkLiveDone --> [14, 4, 8, 0, 0, 0, 0, 0])
Transition([6, 3, 4, 2, 0, 2, 0, 0] -- checkLiveDone --> [6, 4, 4, 0, 0, 0, 0, 0])
Transition([11, 3, 11, 3, 0, 3, 0, 0] -- win --> [11, 3, 11, 3, 0, 3, 0, 1])
Transition([8, 2, 3, 0, 0, 0, 0, 0] -- startLiveCheck --> [8, 3, 3, 1, 0, 1, 0, 0])
Transition([1, 2, 12, 0, 0, 0, 0, 0] -- startLiveCheck --> [1, 3, 12, 1, 0, 1, 0, 0])
Transition([8, 2, 9, 0, 0, 0, 0, 0] -- startLiveCheck --> [8, 3, 9, 1, 0, 1, 0, 0])
Transition([1, 2, 3, 0, 0, 0, 0, 0] -- startLiveCheck --> [1, 3, 3, 1, 0, 1, 0, 0])
Transition([6, 3, 12, 2, 0, 2, 0, 0] -- checkLiveDone --> [6, 4, 12, 0, 0, 0, 0, 0])
Transition([3, 104, 8, 0, 0, 0, 0, 0] -- 0.getPos.2.1 --> [3, 118, 8, 0, 0, 0, 0, 0])
Transition([3, 38, 8, 0, 0, 0, 0, 0] -- 0.getPos.2.1 --> [3, 54, 8, 0, 0, 0, 0, 0])
Transition([3, 71, 8, 0, 0, 0, 0, 0] -- 0.getPos.2.1 --> [3, 87, 8, 0, 0, 0, 0, 0])
Transition([3, 5, 8, 0, 0, 0, 0, 0] -- 0.getPos.2.1 --> [3, 19, 8, 0, 0, 0, 0, 0])
Transition([3, 87, 8, 0, 0, 0, 0, 0] -- 0.setPos.1.1 --> [3, 0, 0, 0, 0, 0, 0, 0])
Transition([3, 19, 8, 0, 0, 0, 0, 0] -- 0.setPos.2.2 --> [3, 0, 6, 0, 0, 0, 0, 0])
Transition([8, 3, 3, 1, 0, 1, 0, 0] -- 1.getPos.2.1 --> [8, 3, 3, 2, 0, 2, 0, 0])
Transition([6, 4, 11, 0, 0, 0, 0, 0] -- down --> [6, 104, 11, 0, 0, 0, 0, 0])
Transition([14, 4, 9, 0, 0, 0, 0, 0] -- down --> [14, 104, 9, 0, 0, 0, 0, 0])
Transition([6, 4, 11, 0, 0, 0, 0, 0] -- left --> [6, 38, 11, 0, 0, 0, 0, 0])
Transition([14, 4, 4, 0, 0, 0, 0, 0] -- down --> [14, 104, 4, 0, 0, 0, 0, 0])
Transition([14, 4, 9, 0, 0, 0, 0, 0] -- left --> [14, 38, 9, 0, 0, 0, 0, 0])
Transition([6, 4, 11, 0, 0, 0, 0, 0] -- right --> [6, 5, 11, 0, 0, 0, 0, 0])
Transition([14, 4, 4, 0, 0, 0, 0, 0] -- left --> [14, 38, 4, 0, 0, 0, 0, 0])
Transition([6, 4, 11, 0, 0, 0, 0, 0] -- up --> [6, 71, 11, 0, 0, 0, 0, 0])
Transition([14, 4, 4, 0, 0, 0, 0, 0] -- right --> [14, 5, 4, 0, 0, 0, 0, 0])
Transition([14, 4, 9, 0, 0, 0, 0, 0] -- right --> [14, 5, 9, 0, 0, 0, 0, 0])
Transition([14, 4, 4, 0, 0, 0, 0, 0] -- up --> [14, 71, 4, 0, 0, 0, 0, 0])
Transition([14, 4, 9, 0, 0, 0, 0, 0] -- up --> [14, 71, 9, 0, 0, 0, 0, 0])
Transition([11, 3, 11, 3, 0, 3, 0, 1] -- win --> [11, 3, 11, 3, 0, 3, 0, 1])
