Transition([0, 0, 0, 0, 0, 0, 0, 0] -- startSafeCheck --> [0, 1, 0, 0, 1, 0, 0, 0])
Transition([0, 1, 0, 0, 1, 0, 0, 0] -- 0.getPos.1.1 --> [0, 1, 0, 0, 19, 0, 0, 0])
Transition([0, 1, 0, 0, 19, 0, 0, 0] -- 1.getPos.2.2 --> [0, 1, 0, 0, 3, 0, 0, 0])
Transition([0, 1, 0, 0, 3, 0, 0, 0] -- checkSafeOk --> [0, 2, 0, 0, 0, 0, 0, 0])
Transition([0, 2, 0, 0, 0, 0, 0, 0] -- startLiveCheck --> [0, 3, 0, 1, 0, 1, 0, 0])
Transition([0, 3, 0, 1, 0, 1, 0, 0] -- 1.getPos.2.2 --> [0, 3, 0, 3, 0, 3, 0, 0])
Transition([0, 3, 0, 3, 0, 3, 0, 0] -- checkLiveDone --> [0, 4, 0, 0, 0, 0, 0, 0])
Transition([0, 4, 0, 0, 0, 0, 0, 0] -- down --> [0, 104, 0, 0, 0, 0, 0, 0])
Transition([0, 104, 0, 0, 0, 0, 0, 0] -- 0.getPos.1.1 --> [0, 134, 0, 0, 0, 0, 0, 0])
Transition([0, 134, 0, 0, 0, 0, 0, 0] -- 0.setPos.2.1 --> [0, 0, 8, 0, 0, 0, 0, 0])
Transition([0, 0, 8, 0, 0, 0, 0, 0] -- startSafeCheck --> [0, 1, 8, 0, 1, 0, 0, 0])
Transition([0, 1, 8, 0, 1, 0, 0, 0] -- 0.getPos.2.1 --> [0, 1, 8, 0, 17, 0, 0, 0])
Transition([0, 1, 8, 0, 17, 0, 0, 0] -- 1.getPos.2.2 --> [0, 1, 8, 0, 3, 0, 0, 0])
Transition([0, 1, 8, 0, 3, 0, 0, 0] -- checkSafeOk --> [0, 2, 8, 0, 0, 0, 0, 0])
Transition([0, 2, 8, 0, 0, 0, 0, 0] -- startLiveCheck --> [0, 3, 8, 1, 0, 1, 0, 0])
Transition([0, 3, 8, 1, 0, 1, 0, 0] -- 1.getPos.2.2 --> [0, 3, 8, 3, 0, 3, 0, 0])
Transition([0, 3, 8, 3, 0, 3, 0, 0] -- checkLiveDone --> [0, 4, 8, 0, 0, 0, 0, 0])
Transition([0, 4, 0, 0, 0, 0, 0, 0] -- left --> [0, 38, 0, 0, 0, 0, 0, 0])
Transition([0, 38, 0, 0, 0, 0, 0, 0] -- 0.getPos.1.1 --> [0, 70, 0, 0, 0, 0, 0, 0])
Transition([0, 4, 0, 0, 0, 0, 0, 0] -- right --> [0, 5, 0, 0, 0, 0, 0, 0])
Transition([0, 5, 0, 0, 0, 0, 0, 0] -- 0.getPos.1.1 --> [0, 35, 0, 0, 0, 0, 0, 0])
Transition([0, 35, 0, 0, 0, 0, 0, 0] -- 0.setPos.1.2 --> [0, 0, 9, 0, 0, 0, 0, 0])
Transition([0, 0, 9, 0, 0, 0, 0, 0] -- startSafeCheck --> [0, 1, 9, 0, 1, 0, 0, 0])
Transition([0, 1, 9, 0, 1, 0, 0, 0] -- 0.getPos.1.2 --> [0, 1, 9, 0, 18, 0, 0, 0])
Transition([0, 1, 9, 0, 18, 0, 0, 0] -- 1.getPos.2.2 --> [0, 1, 9, 0, 3, 0, 0, 0])
Transition([0, 1, 9, 0, 3, 0, 0, 0] -- checkSafeOk --> [0, 2, 9, 0, 0, 0, 0, 0])
Transition([0, 2, 9, 0, 0, 0, 0, 0] -- startLiveCheck --> [0, 3, 9, 1, 0, 1, 0, 0])
Transition([0, 3, 9, 1, 0, 1, 0, 0] -- 1.getPos.2.2 --> [0, 3, 9, 3, 0, 3, 0, 0])
Transition([0, 3, 9, 3, 0, 3, 0, 0] -- checkLiveDone --> [0, 4, 9, 0, 0, 0, 0, 0])
Transition([0, 4, 0, 0, 0, 0, 0, 0] -- up --> [0, 71, 0, 0, 0, 0, 0, 0])
Transition([0, 71, 0, 0, 0, 0, 0, 0] -- 0.getPos.1.1 --> [0, 103, 0, 0, 0, 0, 0, 0])
Transition([0, 4, 9, 0, 0, 0, 0, 0] -- down --> [0, 104, 9, 0, 0, 0, 0, 0])
Transition([0, 104, 9, 0, 0, 0, 0, 0] -- 0.getPos.1.2 --> [0, 131, 9, 0, 0, 0, 0, 0])
Transition([0, 131, 9, 0, 0, 0, 0, 0] -- 0.setPos.2.2 --> [0, 0, 6, 0, 0, 0, 0, 0])
Transition([0, 0, 6, 0, 0, 0, 0, 0] -- startSafeCheck --> [0, 1, 6, 0, 1, 0, 0, 0])
Transition([0, 1, 6, 0, 1, 0, 0, 0] -- 0.getPos.2.2 --> [0, 1, 6, 0, 10, 0, 0, 0])
Transition([0, 1, 6, 0, 10, 0, 0, 0] -- 1.getPos.2.2 --> [0, 1, 6, 0, 4, 0, 0, 0])
Transition([0, 131, 9, 0, 0, 0, 0, 0] -- 1.getPos.2.2 --> [0, 132, 9, 0, 0, 0, 0, 0])
Transition([0, 132, 9, 0, 0, 0, 0, 0] -- 1.setPos.3.2 --> [2, 133, 9, 0, 0, 0, 0, 0])
Transition([2, 133, 9, 0, 0, 0, 0, 0] -- 0.setPos.2.2 --> [2, 0, 6, 0, 0, 0, 0, 0])
Transition([2, 0, 6, 0, 0, 0, 0, 0] -- startSafeCheck --> [2, 1, 6, 0, 1, 0, 0, 0])
Transition([2, 1, 6, 0, 1, 0, 0, 0] -- 0.getPos.2.2 --> [2, 1, 6, 0, 10, 0, 0, 0])
Transition([2, 1, 6, 0, 10, 0, 0, 0] -- 1.getPos.3.2 --> [2, 1, 6, 0, 3, 0, 0, 0])
Transition([2, 1, 6, 0, 3, 0, 0, 0] -- checkSafeOk --> [2, 2, 6, 0, 0, 0, 0, 0])
Transition([2, 2, 6, 0, 0, 0, 0, 0] -- startLiveCheck --> [2, 3, 6, 1, 0, 1, 0, 0])
Transition([2, 3, 6, 1, 0, 1, 0, 0] -- 1.getPos.3.2 --> [2, 3, 6, 3, 0, 3, 0, 0])
Transition([2, 3, 6, 3, 0, 3, 0, 0] -- checkLiveDone --> [2, 4, 6, 0, 0, 0, 0, 0])
Transition([0, 4, 9, 0, 0, 0, 0, 0] -- left --> [0, 38, 9, 0, 0, 0, 0, 0])
Transition([0, 38, 9, 0, 0, 0, 0, 0] -- 0.getPos.1.2 --> [0, 69, 9, 0, 0, 0, 0, 0])
Transition([0, 69, 9, 0, 0, 0, 0, 0] -- 0.setPos.1.1 --> [0, 0, 0, 0, 0, 0, 0, 0])
Transition([0, 4, 9, 0, 0, 0, 0, 0] -- right --> [0, 5, 9, 0, 0, 0, 0, 0])
Transition([0, 5, 9, 0, 0, 0, 0, 0] -- 0.getPos.1.2 --> [0, 32, 9, 0, 0, 0, 0, 0])
Transition([0, 32, 9, 0, 0, 0, 0, 0] -- 0.setPos.1.3 --> [0, 0, 7, 0, 0, 0, 1, 0])
Transition([0, 0, 7, 0, 0, 0, 1, 0] -- illegalPosition --> [0, 0, 7, 0, 0, 0, 1, 0])
Transition([0, 4, 9, 0, 0, 0, 0, 0] -- up --> [0, 71, 9, 0, 0, 0, 0, 0])
Transition([0, 71, 9, 0, 0, 0, 0, 0] -- 0.getPos.1.2 --> [0, 102, 9, 0, 0, 0, 0, 0])
Transition([0, 4, 8, 0, 0, 0, 0, 0] -- down --> [0, 104, 8, 0, 0, 0, 0, 0])
Transition([0, 104, 8, 0, 0, 0, 0, 0] -- 0.getPos.2.1 --> [0, 118, 8, 0, 0, 0, 0, 0])
Transition([0, 118, 8, 0, 0, 0, 0, 0] -- 0.setPos.3.1 --> [0, 0, 5, 0, 0, 0, 0, 0])
Transition([0, 0, 5, 0, 0, 0, 0, 0] -- startSafeCheck --> [0, 1, 5, 0, 1, 0, 0, 0])
Transition([0, 1, 5, 0, 1, 0, 0, 0] -- 0.getPos.3.1 --> [0, 1, 5, 0, 9, 0, 0, 0])
Transition([0, 1, 5, 0, 9, 0, 0, 0] -- 1.getPos.2.2 --> [0, 1, 5, 0, 3, 0, 0, 0])
Transition([0, 1, 5, 0, 3, 0, 0, 0] -- checkSafeOk --> [0, 2, 5, 0, 0, 0, 0, 0])
Transition([0, 2, 5, 0, 0, 0, 0, 0] -- startLiveCheck --> [0, 3, 5, 1, 0, 1, 0, 0])
Transition([0, 3, 5, 1, 0, 1, 0, 0] -- 1.getPos.2.2 --> [0, 3, 5, 3, 0, 3, 0, 0])
Transition([0, 3, 5, 3, 0, 3, 0, 0] -- checkLiveDone --> [0, 4, 5, 0, 0, 0, 0, 0])
Transition([0, 4, 8, 0, 0, 0, 0, 0] -- left --> [0, 38, 8, 0, 0, 0, 0, 0])
Transition([0, 38, 8, 0, 0, 0, 0, 0] -- 0.getPos.2.1 --> [0, 54, 8, 0, 0, 0, 0, 0])
Transition([0, 4, 8, 0, 0, 0, 0, 0] -- right --> [0, 5, 8, 0, 0, 0, 0, 0])
Transition([0, 5, 8, 0, 0, 0, 0, 0] -- 0.getPos.2.1 --> [0, 19, 8, 0, 0, 0, 0, 0])
Transition([0, 19, 8, 0, 0, 0, 0, 0] -- 0.setPos.2.2 --> [0, 0, 6, 0, 0, 0, 0, 0])
Transition([0, 19, 8, 0, 0, 0, 0, 0] -- 1.getPos.2.2 --> [0, 20, 8, 0, 0, 0, 0, 0])
Transition([0, 20, 8, 0, 0, 0, 0, 0] -- 1.setPos.2.3 --> [3, 21, 8, 0, 0, 0, 0, 0])
Transition([3, 21, 8, 0, 0, 0, 0, 0] -- 0.setPos.2.2 --> [3, 0, 6, 0, 0, 0, 0, 0])
Transition([3, 0, 6, 0, 0, 0, 0, 0] -- startSafeCheck --> [3, 1, 6, 0, 1, 0, 0, 0])
Transition([3, 1, 6, 0, 1, 0, 0, 0] -- 0.getPos.2.2 --> [3, 1, 6, 0, 10, 0, 0, 0])
Transition([3, 1, 6, 0, 10, 0, 0, 0] -- 1.getPos.2.3 --> [3, 1, 6, 0, 3, 0, 0, 0])
Transition([3, 1, 6, 0, 3, 0, 0, 0] -- checkSafeOk --> [3, 2, 6, 0, 0, 0, 0, 0])
Transition([3, 2, 6, 0, 0, 0, 0, 0] -- startLiveCheck --> [3, 3, 6, 1, 0, 1, 0, 0])
Transition([3, 3, 6, 1, 0, 1, 0, 0] -- 1.getPos.2.3 --> [3, 3, 6, 3, 0, 3, 0, 0])
Transition([3, 3, 6, 3, 0, 3, 0, 0] -- checkLiveDone --> [3, 4, 6, 0, 0, 0, 0, 0])
Transition([0, 4, 8, 0, 0, 0, 0, 0] -- up --> [0, 71, 8, 0, 0, 0, 0, 0])
Transition([0, 71, 8, 0, 0, 0, 0, 0] -- 0.getPos.2.1 --> [0, 87, 8, 0, 0, 0, 0, 0])
Transition([0, 87, 8, 0, 0, 0, 0, 0] -- 0.setPos.1.1 --> [0, 0, 0, 0, 0, 0, 0, 0])
Transition([0, 4, 5, 0, 0, 0, 0, 0] -- down --> [0, 104, 5, 0, 0, 0, 0, 0])
Transition([0, 104, 5, 0, 0, 0, 0, 0] -- 0.getPos.3.1 --> [0, 125, 5, 0, 0, 0, 0, 0])
Transition([0, 125, 5, 0, 0, 0, 0, 0] -- 0.setPos.4.1 --> [0, 0, 1, 0, 0, 0, 0, 0])
Transition([0, 0, 1, 0, 0, 0, 0, 0] -- startSafeCheck --> [0, 1, 1, 0, 1, 0, 0, 0])
Transition([0, 1, 1, 0, 1, 0, 0, 0] -- 0.getPos.4.1 --> [0, 1, 1, 0, 5, 0, 0, 0])
Transition([0, 1, 1, 0, 5, 0, 0, 0] -- 1.getPos.2.2 --> [0, 1, 1, 0, 3, 0, 0, 0])
Transition([0, 1, 1, 0, 3, 0, 0, 0] -- checkSafeOk --> [0, 2, 1, 0, 0, 0, 0, 0])
Transition([0, 2, 1, 0, 0, 0, 0, 0] -- startLiveCheck --> [0, 3, 1, 1, 0, 1, 0, 0])
Transition([0, 3, 1, 1, 0, 1, 0, 0] -- 1.getPos.2.2 --> [0, 3, 1, 3, 0, 3, 0, 0])
Transition([0, 3, 1, 3, 0, 3, 0, 0] -- checkLiveDone --> [0, 4, 1, 0, 0, 0, 0, 0])
Transition([0, 4, 5, 0, 0, 0, 0, 0] -- left --> [0, 38, 5, 0, 0, 0, 0, 0])
Transition([0, 38, 5, 0, 0, 0, 0, 0] -- 0.getPos.3.1 --> [0, 59, 5, 0, 0, 0, 0, 0])
Transition([0, 4, 5, 0, 0, 0, 0, 0] -- right --> [0, 5, 5, 0, 0, 0, 0, 0])
Transition([0, 5, 5, 0, 0, 0, 0, 0] -- 0.getPos.3.1 --> [0, 26, 5, 0, 0, 0, 0, 0])
Transition([0, 26, 5, 0, 0, 0, 0, 0] -- 0.setPos.3.2 --> [0, 0, 2, 0, 0, 0, 0, 0])
Transition([0, 0, 2, 0, 0, 0, 0, 0] -- startSafeCheck --> [0, 1, 2, 0, 1, 0, 0, 0])
Transition([0, 1, 2, 0, 1, 0, 0, 0] -- 0.getPos.3.2 --> [0, 1, 2, 0, 6, 0, 0, 0])
Transition([0, 1, 2, 0, 6, 0, 0, 0] -- 1.getPos.2.2 --> [0, 1, 2, 0, 3, 0, 0, 0])
Transition([0, 1, 2, 0, 3, 0, 0, 0] -- checkSafeOk --> [0, 2, 2, 0, 0, 0, 0, 0])
Transition([0, 2, 2, 0, 0, 0, 0, 0] -- startLiveCheck --> [0, 3, 2, 1, 0, 1, 0, 0])
Transition([0, 3, 2, 1, 0, 1, 0, 0] -- 1.getPos.2.2 --> [0, 3, 2, 3, 0, 3, 0, 0])
Transition([0, 3, 2, 3, 0, 3, 0, 0] -- checkLiveDone --> [0, 4, 2, 0, 0, 0, 0, 0])
Transition([0, 4, 5, 0, 0, 0, 0, 0] -- up --> [0, 71, 5, 0, 0, 0, 0, 0])
Transition([0, 71, 5, 0, 0, 0, 0, 0] -- 0.getPos.3.1 --> [0, 92, 5, 0, 0, 0, 0, 0])
Transition([0, 92, 5, 0, 0, 0, 0, 0] -- 0.setPos.2.1 --> [0, 0, 8, 0, 0, 0, 0, 0])
Transition([2, 4, 6, 0, 0, 0, 0, 0] -- down --> [2, 104, 6, 0, 0, 0, 0, 0])
Transition([2, 104, 6, 0, 0, 0, 0, 0] -- 0.getPos.2.2 --> [2, 110, 6, 0, 0, 0, 0, 0])
Transition([2, 110, 6, 0, 0, 0, 0, 0] -- 0.setPos.3.2 --> [2, 0, 2, 0, 0, 0, 0, 0])
Transition([2, 0, 2, 0, 0, 0, 0, 0] -- startSafeCheck --> [2, 1, 2, 0, 1, 0, 0, 0])
Transition([2, 1, 2, 0, 1, 0, 0, 0] -- 0.getPos.3.2 --> [2, 1, 2, 0, 6, 0, 0, 0])
Transition([2, 1, 2, 0, 6, 0, 0, 0] -- 1.getPos.3.2 --> [2, 1, 2, 0, 4, 0, 0, 0])
Transition([2, 110, 6, 0, 0, 0, 0, 0] -- 1.getPos.3.2 --> [2, 111, 6, 0, 0, 0, 0, 0])
Transition([2, 111, 6, 0, 0, 0, 0, 0] -- 1.setPos.4.2 --> [13, 112, 6, 0, 0, 0, 0, 0])
Transition([13, 112, 6, 0, 0, 0, 0, 0] -- 0.setPos.3.2 --> [13, 0, 2, 0, 0, 0, 0, 0])
Transition([13, 0, 2, 0, 0, 0, 0, 0] -- startSafeCheck --> [13, 1, 2, 0, 1, 0, 0, 0])
Transition([13, 1, 2, 0, 1, 0, 0, 0] -- 0.getPos.3.2 --> [13, 1, 2, 0, 6, 0, 0, 0])
Transition([13, 1, 2, 0, 6, 0, 0, 0] -- 1.getPos.4.2 --> [13, 1, 2, 0, 3, 0, 0, 0])
Transition([13, 1, 2, 0, 3, 0, 0, 0] -- checkSafeOk --> [13, 2, 2, 0, 0, 0, 0, 0])
Transition([13, 2, 2, 0, 0, 0, 0, 0] -- startLiveCheck --> [13, 3, 2, 1, 0, 1, 0, 0])
Transition([13, 3, 2, 1, 0, 1, 0, 0] -- 1.getPos.4.2 --> [13, 3, 2, 3, 0, 3, 0, 0])
Transition([13, 3, 2, 3, 0, 3, 0, 0] -- checkLiveDone --> [13, 4, 2, 0, 0, 0, 0, 0])
Transition([3, 4, 6, 0, 0, 0, 0, 0] -- down --> [3, 104, 6, 0, 0, 0, 0, 0])
Transition([3, 104, 6, 0, 0, 0, 0, 0] -- 0.getPos.2.2 --> [3, 110, 6, 0, 0, 0, 0, 0])
Transition([3, 110, 6, 0, 0, 0, 0, 0] -- 0.setPos.3.2 --> [3, 0, 2, 0, 0, 0, 0, 0])
Transition([3, 0, 2, 0, 0, 0, 0, 0] -- startSafeCheck --> [3, 1, 2, 0, 1, 0, 0, 0])
Transition([3, 1, 2, 0, 1, 0, 0, 0] -- 0.getPos.3.2 --> [3, 1, 2, 0, 6, 0, 0, 0])
Transition([3, 1, 2, 0, 6, 0, 0, 0] -- 1.getPos.2.3 --> [3, 1, 2, 0, 3, 0, 0, 0])
Transition([3, 1, 2, 0, 3, 0, 0, 0] -- checkSafeOk --> [3, 2, 2, 0, 0, 0, 0, 0])
Transition([3, 2, 2, 0, 0, 0, 0, 0] -- startLiveCheck --> [3, 3, 2, 1, 0, 1, 0, 0])
Transition([3, 3, 2, 1, 0, 1, 0, 0] -- 1.getPos.2.3 --> [3, 3, 2, 3, 0, 3, 0, 0])
Transition([3, 3, 2, 3, 0, 3, 0, 0] -- checkLiveDone --> [3, 4, 2, 0, 0, 0, 0, 0])
Transition([2, 4, 6, 0, 0, 0, 0, 0] -- left --> [2, 38, 6, 0, 0, 0, 0, 0])
Transition([2, 38, 6, 0, 0, 0, 0, 0] -- 0.getPos.2.2 --> [2, 46, 6, 0, 0, 0, 0, 0])
Transition([2, 46, 6, 0, 0, 0, 0, 0] -- 0.setPos.2.1 --> [2, 0, 8, 0, 0, 0, 0, 0])
Transition([2, 0, 8, 0, 0, 0, 0, 0] -- startSafeCheck --> [2, 1, 8, 0, 1, 0, 0, 0])
Transition([2, 1, 8, 0, 1, 0, 0, 0] -- 0.getPos.2.1 --> [2, 1, 8, 0, 17, 0, 0, 0])
Transition([2, 1, 8, 0, 17, 0, 0, 0] -- 1.getPos.3.2 --> [2, 1, 8, 0, 3, 0, 0, 0])
Transition([2, 1, 8, 0, 3, 0, 0, 0] -- checkSafeOk --> [2, 2, 8, 0, 0, 0, 0, 0])
Transition([2, 2, 8, 0, 0, 0, 0, 0] -- startLiveCheck --> [2, 3, 8, 1, 0, 1, 0, 0])
Transition([2, 3, 8, 1, 0, 1, 0, 0] -- 1.getPos.3.2 --> [2, 3, 8, 3, 0, 3, 0, 0])
Transition([2, 3, 8, 3, 0, 3, 0, 0] -- checkLiveDone --> [2, 4, 8, 0, 0, 0, 0, 0])
Transition([2, 4, 6, 0, 0, 0, 0, 0] -- right --> [2, 5, 6, 0, 0, 0, 0, 0])
Transition([2, 5, 6, 0, 0, 0, 0, 0] -- 0.getPos.2.2 --> [2, 11, 6, 0, 0, 0, 0, 0])
Transition([2, 11, 6, 0, 0, 0, 0, 0] -- 0.setPos.2.3 --> [2, 0, 3, 0, 0, 0, 0, 0])
Transition([2, 0, 3, 0, 0, 0, 0, 0] -- startSafeCheck --> [2, 1, 3, 0, 1, 0, 0, 0])
Transition([2, 1, 3, 0, 1, 0, 0, 0] -- 0.getPos.2.3 --> [2, 1, 3, 0, 7, 0, 0, 0])
Transition([2, 1, 3, 0, 7, 0, 0, 0] -- 1.getPos.3.2 --> [2, 1, 3, 0, 3, 0, 0, 0])
Transition([2, 1, 3, 0, 3, 0, 0, 0] -- checkSafeOk --> [2, 2, 3, 0, 0, 0, 0, 0])
Transition([2, 2, 3, 0, 0, 0, 0, 0] -- startLiveCheck --> [2, 3, 3, 1, 0, 1, 0, 0])
Transition([2, 3, 3, 1, 0, 1, 0, 0] -- 1.getPos.3.2 --> [2, 3, 3, 3, 0, 3, 0, 0])
Transition([2, 3, 3, 3, 0, 3, 0, 0] -- checkLiveDone --> [2, 4, 3, 0, 0, 0, 0, 0])
Transition([2, 4, 6, 0, 0, 0, 0, 0] -- up --> [2, 71, 6, 0, 0, 0, 0, 0])
Transition([2, 71, 6, 0, 0, 0, 0, 0] -- 0.getPos.2.2 --> [2, 79, 6, 0, 0, 0, 0, 0])
Transition([2, 79, 6, 0, 0, 0, 0, 0] -- 0.setPos.1.2 --> [2, 0, 9, 0, 0, 0, 0, 0])
Transition([2, 0, 9, 0, 0, 0, 0, 0] -- startSafeCheck --> [2, 1, 9, 0, 1, 0, 0, 0])
Transition([2, 1, 9, 0, 1, 0, 0, 0] -- 0.getPos.1.2 --> [2, 1, 9, 0, 18, 0, 0, 0])
Transition([2, 1, 9, 0, 18, 0, 0, 0] -- 1.getPos.3.2 --> [2, 1, 9, 0, 3, 0, 0, 0])
Transition([2, 1, 9, 0, 3, 0, 0, 0] -- checkSafeOk --> [2, 2, 9, 0, 0, 0, 0, 0])
Transition([2, 2, 9, 0, 0, 0, 0, 0] -- startLiveCheck --> [2, 3, 9, 1, 0, 1, 0, 0])
Transition([2, 3, 9, 1, 0, 1, 0, 0] -- 1.getPos.3.2 --> [2, 3, 9, 3, 0, 3, 0, 0])
Transition([2, 3, 9, 3, 0, 3, 0, 0] -- checkLiveDone --> [2, 4, 9, 0, 0, 0, 0, 0])
Transition([3, 4, 6, 0, 0, 0, 0, 0] -- left --> [3, 38, 6, 0, 0, 0, 0, 0])
Transition([3, 38, 6, 0, 0, 0, 0, 0] -- 0.getPos.2.2 --> [3, 46, 6, 0, 0, 0, 0, 0])
Transition([3, 46, 6, 0, 0, 0, 0, 0] -- 0.setPos.2.1 --> [3, 0, 8, 0, 0, 0, 0, 0])
Transition([3, 0, 8, 0, 0, 0, 0, 0] -- startSafeCheck --> [3, 1, 8, 0, 1, 0, 0, 0])
Transition([3, 1, 8, 0, 1, 0, 0, 0] -- 0.getPos.2.1 --> [3, 1, 8, 0, 17, 0, 0, 0])
Transition([3, 1, 8, 0, 17, 0, 0, 0] -- 1.getPos.2.3 --> [3, 1, 8, 0, 3, 0, 0, 0])
Transition([3, 1, 8, 0, 3, 0, 0, 0] -- checkSafeOk --> [3, 2, 8, 0, 0, 0, 0, 0])
Transition([3, 2, 8, 0, 0, 0, 0, 0] -- startLiveCheck --> [3, 3, 8, 1, 0, 1, 0, 0])
Transition([3, 3, 8, 1, 0, 1, 0, 0] -- 1.getPos.2.3 --> [3, 3, 8, 3, 0, 3, 0, 0])
Transition([3, 3, 8, 3, 0, 3, 0, 0] -- checkLiveDone --> [3, 4, 8, 0, 0, 0, 0, 0])
Transition([3, 4, 6, 0, 0, 0, 0, 0] -- right --> [3, 5, 6, 0, 0, 0, 0, 0])
Transition([3, 5, 6, 0, 0, 0, 0, 0] -- 0.getPos.2.2 --> [3, 11, 6, 0, 0, 0, 0, 0])
Transition([3, 11, 6, 0, 0, 0, 0, 0] -- 0.setPos.2.3 --> [3, 0, 3, 0, 0, 0, 0, 0])
Transition([3, 0, 3, 0, 0, 0, 0, 0] -- startSafeCheck --> [3, 1, 3, 0, 1, 0, 0, 0])
Transition([3, 1, 3, 0, 1, 0, 0, 0] -- 0.getPos.2.3 --> [3, 1, 3, 0, 7, 0, 0, 0])
Transition([3, 1, 3, 0, 7, 0, 0, 0] -- 1.getPos.2.3 --> [3, 1, 3, 0, 4, 0, 0, 0])
Transition([3, 11, 6, 0, 0, 0, 0, 0] -- 1.getPos.2.3 --> [3, 12, 6, 0, 0, 0, 0, 0])
Transition([3, 12, 6, 0, 0, 0, 0, 0] -- 1.setPos.2.4 --> [15, 13, 6, 0, 0, 0, 0, 0])
Transition([15, 13, 6, 0, 0, 0, 0, 0] -- 0.setPos.2.3 --> [15, 0, 3, 0, 0, 0, 0, 0])
Transition([15, 0, 3, 0, 0, 0, 0, 0] -- startSafeCheck --> [15, 1, 3, 0, 1, 0, 0, 0])
Transition([15, 1, 3, 0, 1, 0, 0, 0] -- 0.getPos.2.3 --> [15, 1, 3, 0, 7, 0, 0, 0])
Transition([15, 1, 3, 0, 7, 0, 0, 0] -- 1.getPos.2.4 --> [15, 1, 3, 0, 3, 0, 0, 0])
Transition([15, 1, 3, 0, 3, 0, 0, 0] -- checkSafeOk --> [15, 2, 3, 0, 0, 0, 0, 0])
Transition([15, 2, 3, 0, 0, 0, 0, 0] -- startLiveCheck --> [15, 3, 3, 1, 0, 1, 0, 0])
Transition([15, 3, 3, 1, 0, 1, 0, 0] -- 1.getPos.2.4 --> [15, 3, 3, 3, 0, 3, 0, 0])
Transition([15, 3, 3, 3, 0, 3, 0, 0] -- checkLiveDone --> [15, 4, 3, 0, 0, 0, 0, 0])
Transition([3, 4, 6, 0, 0, 0, 0, 0] -- up --> [3, 71, 6, 0, 0, 0, 0, 0])
Transition([3, 71, 6, 0, 0, 0, 0, 0] -- 0.getPos.2.2 --> [3, 79, 6, 0, 0, 0, 0, 0])
Transition([3, 79, 6, 0, 0, 0, 0, 0] -- 0.setPos.1.2 --> [3, 0, 9, 0, 0, 0, 0, 0])
Transition([3, 0, 9, 0, 0, 0, 0, 0] -- startSafeCheck --> [3, 1, 9, 0, 1, 0, 0, 0])
Transition([3, 1, 9, 0, 1, 0, 0, 0] -- 0.getPos.1.2 --> [3, 1, 9, 0, 18, 0, 0, 0])
Transition([3, 1, 9, 0, 18, 0, 0, 0] -- 1.getPos.2.3 --> [3, 1, 9, 0, 3, 0, 0, 0])
Transition([3, 1, 9, 0, 3, 0, 0, 0] -- checkSafeOk --> [3, 2, 9, 0, 0, 0, 0, 0])
Transition([3, 2, 9, 0, 0, 0, 0, 0] -- startLiveCheck --> [3, 3, 9, 1, 0, 1, 0, 0])
Transition([3, 3, 9, 1, 0, 1, 0, 0] -- 1.getPos.2.3 --> [3, 3, 9, 3, 0, 3, 0, 0])
Transition([3, 3, 9, 3, 0, 3, 0, 0] -- checkLiveDone --> [3, 4, 9, 0, 0, 0, 0, 0])
Transition([0, 4, 2, 0, 0, 0, 0, 0] -- down --> [0, 104, 2, 0, 0, 0, 0, 0])
Transition([0, 104, 2, 0, 0, 0, 0, 0] -- 0.getPos.3.2 --> [0, 121, 2, 0, 0, 0, 0, 0])
Transition([0, 121, 2, 0, 0, 0, 0, 0] -- 0.setPos.4.2 --> [0, 0, 13, 0, 0, 0, 0, 0])
Transition([0, 0, 13, 0, 0, 0, 0, 0] -- startSafeCheck --> [0, 1, 13, 0, 1, 0, 0, 0])
Transition([0, 1, 13, 0, 1, 0, 0, 0] -- 0.getPos.4.2 --> [0, 1, 13, 0, 14, 0, 0, 0])
Transition([0, 1, 13, 0, 14, 0, 0, 0] -- 1.getPos.2.2 --> [0, 1, 13, 0, 3, 0, 0, 0])
Transition([0, 1, 13, 0, 3, 0, 0, 0] -- checkSafeOk --> [0, 2, 13, 0, 0, 0, 0, 0])
Transition([0, 2, 13, 0, 0, 0, 0, 0] -- startLiveCheck --> [0, 3, 13, 1, 0, 1, 0, 0])
Transition([0, 3, 13, 1, 0, 1, 0, 0] -- 1.getPos.2.2 --> [0, 3, 13, 3, 0, 3, 0, 0])
Transition([0, 3, 13, 3, 0, 3, 0, 0] -- checkLiveDone --> [0, 4, 13, 0, 0, 0, 0, 0])
Transition([0, 4, 1, 0, 0, 0, 0, 0] -- down --> [0, 104, 1, 0, 0, 0, 0, 0])
Transition([0, 104, 1, 0, 0, 0, 0, 0] -- 0.getPos.4.1 --> [0, 106, 1, 0, 0, 0, 0, 0])
Transition([0, 4, 2, 0, 0, 0, 0, 0] -- left --> [0, 38, 2, 0, 0, 0, 0, 0])
Transition([0, 38, 2, 0, 0, 0, 0, 0] -- 0.getPos.3.2 --> [0, 55, 2, 0, 0, 0, 0, 0])
Transition([0, 55, 2, 0, 0, 0, 0, 0] -- 0.setPos.3.1 --> [0, 0, 5, 0, 0, 0, 0, 0])
Transition([0, 4, 1, 0, 0, 0, 0, 0] -- left --> [0, 38, 1, 0, 0, 0, 0, 0])
Transition([0, 38, 1, 0, 0, 0, 0, 0] -- 0.getPos.4.1 --> [0, 42, 1, 0, 0, 0, 0, 0])
Transition([0, 4, 2, 0, 0, 0, 0, 0] -- right --> [0, 5, 2, 0, 0, 0, 0, 0])
Transition([0, 5, 2, 0, 0, 0, 0, 0] -- 0.getPos.3.2 --> [0, 22, 2, 0, 0, 0, 0, 0])
Transition([0, 22, 2, 0, 0, 0, 0, 0] -- 0.setPos.3.3 --> [0, 0, 14, 0, 0, 0, 0, 0])
Transition([0, 0, 14, 0, 0, 0, 0, 0] -- startSafeCheck --> [0, 1, 14, 0, 1, 0, 0, 0])
Transition([0, 1, 14, 0, 1, 0, 0, 0] -- 0.getPos.3.3 --> [0, 1, 14, 0, 15, 0, 0, 0])
Transition([0, 1, 14, 0, 15, 0, 0, 0] -- 1.getPos.2.2 --> [0, 1, 14, 0, 3, 0, 0, 0])
Transition([0, 1, 14, 0, 3, 0, 0, 0] -- checkSafeOk --> [0, 2, 14, 0, 0, 0, 0, 0])
Transition([0, 2, 14, 0, 0, 0, 0, 0] -- startLiveCheck --> [0, 3, 14, 1, 0, 1, 0, 0])
Transition([0, 3, 14, 1, 0, 1, 0, 0] -- 1.getPos.2.2 --> [0, 3, 14, 3, 0, 3, 0, 0])
Transition([0, 3, 14, 3, 0, 3, 0, 0] -- checkLiveDone --> [0, 4, 14, 0, 0, 0, 0, 0])
Transition([0, 4, 1, 0, 0, 0, 0, 0] -- right --> [0, 5, 1, 0, 0, 0, 0, 0])
Transition([0, 5, 1, 0, 0, 0, 0, 0] -- 0.getPos.4.1 --> [0, 7, 1, 0, 0, 0, 0, 0])
Transition([0, 7, 1, 0, 0, 0, 0, 0] -- 0.setPos.4.2 --> [0, 0, 13, 0, 0, 0, 0, 0])
Transition([0, 4, 2, 0, 0, 0, 0, 0] -- up --> [0, 71, 2, 0, 0, 0, 0, 0])
Transition([0, 71, 2, 0, 0, 0, 0, 0] -- 0.getPos.3.2 --> [0, 88, 2, 0, 0, 0, 0, 0])
Transition([0, 88, 2, 0, 0, 0, 0, 0] -- 0.setPos.2.2 --> [0, 0, 6, 0, 0, 0, 0, 0])
Transition([0, 88, 2, 0, 0, 0, 0, 0] -- 1.getPos.2.2 --> [0, 89, 2, 0, 0, 0, 0, 0])
Transition([0, 89, 2, 0, 0, 0, 0, 0] -- 1.setPos.1.2 --> [8, 90, 2, 0, 0, 0, 0, 0])
Transition([8, 90, 2, 0, 0, 0, 0, 0] -- 0.setPos.2.2 --> [8, 0, 6, 0, 0, 0, 0, 0])
Transition([8, 0, 6, 0, 0, 0, 0, 0] -- startSafeCheck --> [8, 1, 6, 0, 1, 0, 0, 0])
Transition([8, 1, 6, 0, 1, 0, 0, 0] -- 0.getPos.2.2 --> [8, 1, 6, 0, 10, 0, 0, 0])
Transition([8, 1, 6, 0, 10, 0, 0, 0] -- 1.getPos.1.2 --> [8, 1, 6, 0, 3, 0, 0, 0])
Transition([8, 1, 6, 0, 3, 0, 0, 0] -- checkSafeOk --> [8, 2, 6, 0, 0, 0, 0, 0])
Transition([8, 2, 6, 0, 0, 0, 0, 0] -- startLiveCheck --> [8, 3, 6, 1, 0, 1, 0, 0])
Transition([8, 3, 6, 1, 0, 1, 0, 0] -- 1.getPos.1.2 --> [8, 3, 6, 3, 0, 3, 0, 0])
Transition([8, 3, 6, 3, 0, 3, 0, 0] -- checkLiveDone --> [8, 4, 6, 0, 0, 0, 0, 0])
Transition([0, 4, 1, 0, 0, 0, 0, 0] -- up --> [0, 71, 1, 0, 0, 0, 0, 0])
Transition([0, 71, 1, 0, 0, 0, 0, 0] -- 0.getPos.4.1 --> [0, 75, 1, 0, 0, 0, 0, 0])
Transition([0, 75, 1, 0, 0, 0, 0, 0] -- 0.setPos.3.1 --> [0, 0, 5, 0, 0, 0, 0, 0])
Transition([3, 4, 8, 0, 0, 0, 0, 0] -- down --> [3, 104, 8, 0, 0, 0, 0, 0])
Transition([3, 104, 8, 0, 0, 0, 0, 0] -- 0.getPos.2.1 --> [3, 118, 8, 0, 0, 0, 0, 0])
Transition([3, 118, 8, 0, 0, 0, 0, 0] -- 0.setPos.3.1 --> [3, 0, 5, 0, 0, 0, 0, 0])
Transition([3, 0, 5, 0, 0, 0, 0, 0] -- startSafeCheck --> [3, 1, 5, 0, 1, 0, 0, 0])
Transition([3, 1, 5, 0, 1, 0, 0, 0] -- 0.getPos.3.1 --> [3, 1, 5, 0, 9, 0, 0, 0])
Transition([3, 1, 5, 0, 9, 0, 0, 0] -- 1.getPos.2.3 --> [3, 1, 5, 0, 3, 0, 0, 0])
Transition([3, 1, 5, 0, 3, 0, 0, 0] -- checkSafeOk --> [3, 2, 5, 0, 0, 0, 0, 0])
Transition([3, 2, 5, 0, 0, 0, 0, 0] -- startLiveCheck --> [3, 3, 5, 1, 0, 1, 0, 0])
Transition([3, 3, 5, 1, 0, 1, 0, 0] -- 1.getPos.2.3 --> [3, 3, 5, 3, 0, 3, 0, 0])
Transition([3, 3, 5, 3, 0, 3, 0, 0] -- checkLiveDone --> [3, 4, 5, 0, 0, 0, 0, 0])
Transition([2, 4, 9, 0, 0, 0, 0, 0] -- down --> [2, 104, 9, 0, 0, 0, 0, 0])
Transition([2, 104, 9, 0, 0, 0, 0, 0] -- 0.getPos.1.2 --> [2, 131, 9, 0, 0, 0, 0, 0])
Transition([2, 131, 9, 0, 0, 0, 0, 0] -- 0.setPos.2.2 --> [2, 0, 6, 0, 0, 0, 0, 0])
Transition([2, 4, 3, 0, 0, 0, 0, 0] -- down --> [2, 104, 3, 0, 0, 0, 0, 0])
Transition([2, 104, 3, 0, 0, 0, 0, 0] -- 0.getPos.2.3 --> [2, 107, 3, 0, 0, 0, 0, 0])
Transition([2, 107, 3, 0, 0, 0, 0, 0] -- 0.setPos.3.3 --> [2, 0, 14, 0, 0, 0, 0, 0])
Transition([2, 0, 14, 0, 0, 0, 0, 0] -- startSafeCheck --> [2, 1, 14, 0, 1, 0, 0, 0])
Transition([2, 1, 14, 0, 1, 0, 0, 0] -- 0.getPos.3.3 --> [2, 1, 14, 0, 15, 0, 0, 0])
Transition([2, 1, 14, 0, 15, 0, 0, 0] -- 1.getPos.3.2 --> [2, 1, 14, 0, 3, 0, 0, 0])
Transition([2, 1, 14, 0, 3, 0, 0, 0] -- checkSafeOk --> [2, 2, 14, 0, 0, 0, 0, 0])
Transition([2, 2, 14, 0, 0, 0, 0, 0] -- startLiveCheck --> [2, 3, 14, 1, 0, 1, 0, 0])
Transition([2, 3, 14, 1, 0, 1, 0, 0] -- 1.getPos.3.2 --> [2, 3, 14, 3, 0, 3, 0, 0])
Transition([2, 3, 14, 3, 0, 3, 0, 0] -- checkLiveDone --> [2, 4, 14, 0, 0, 0, 0, 0])
Transition([3, 4, 8, 0, 0, 0, 0, 0] -- left --> [3, 38, 8, 0, 0, 0, 0, 0])
Transition([3, 38, 8, 0, 0, 0, 0, 0] -- 0.getPos.2.1 --> [3, 54, 8, 0, 0, 0, 0, 0])
Transition([3, 4, 8, 0, 0, 0, 0, 0] -- right --> [3, 5, 8, 0, 0, 0, 0, 0])
Transition([3, 5, 8, 0, 0, 0, 0, 0] -- 0.getPos.2.1 --> [3, 19, 8, 0, 0, 0, 0, 0])
Transition([3, 19, 8, 0, 0, 0, 0, 0] -- 0.setPos.2.2 --> [3, 0, 6, 0, 0, 0, 0, 0])
Transition([2, 4, 8, 0, 0, 0, 0, 0] -- down --> [2, 104, 8, 0, 0, 0, 0, 0])
Transition([2, 104, 8, 0, 0, 0, 0, 0] -- 0.getPos.2.1 --> [2, 118, 8, 0, 0, 0, 0, 0])
Transition([2, 118, 8, 0, 0, 0, 0, 0] -- 0.setPos.3.1 --> [2, 0, 5, 0, 0, 0, 0, 0])
Transition([2, 0, 5, 0, 0, 0, 0, 0] -- startSafeCheck --> [2, 1, 5, 0, 1, 0, 0, 0])
Transition([2, 1, 5, 0, 1, 0, 0, 0] -- 0.getPos.3.1 --> [2, 1, 5, 0, 9, 0, 0, 0])
Transition([2, 1, 5, 0, 9, 0, 0, 0] -- 1.getPos.3.2 --> [2, 1, 5, 0, 3, 0, 0, 0])
Transition([2, 1, 5, 0, 3, 0, 0, 0] -- checkSafeOk --> [2, 2, 5, 0, 0, 0, 0, 0])
Transition([2, 2, 5, 0, 0, 0, 0, 0] -- startLiveCheck --> [2, 3, 5, 1, 0, 1, 0, 0])
Transition([2, 3, 5, 1, 0, 1, 0, 0] -- 1.getPos.3.2 --> [2, 3, 5, 3, 0, 3, 0, 0])
Transition([2, 3, 5, 3, 0, 3, 0, 0] -- checkLiveDone --> [2, 4, 5, 0, 0, 0, 0, 0])
Transition([2, 4, 9, 0, 0, 0, 0, 0] -- left --> [2, 38, 9, 0, 0, 0, 0, 0])
Transition([2, 38, 9, 0, 0, 0, 0, 0] -- 0.getPos.1.2 --> [2, 69, 9, 0, 0, 0, 0, 0])
Transition([2, 69, 9, 0, 0, 0, 0, 0] -- 0.setPos.1.1 --> [2, 0, 0, 0, 0, 0, 0, 0])
Transition([2, 0, 0, 0, 0, 0, 0, 0] -- startSafeCheck --> [2, 1, 0, 0, 1, 0, 0, 0])
Transition([2, 1, 0, 0, 1, 0, 0, 0] -- 0.getPos.1.1 --> [2, 1, 0, 0, 19, 0, 0, 0])
Transition([2, 1, 0, 0, 19, 0, 0, 0] -- 1.getPos.3.2 --> [2, 1, 0, 0, 3, 0, 0, 0])
Transition([2, 1, 0, 0, 3, 0, 0, 0] -- checkSafeOk --> [2, 2, 0, 0, 0, 0, 0, 0])
Transition([2, 2, 0, 0, 0, 0, 0, 0] -- startLiveCheck --> [2, 3, 0, 1, 0, 1, 0, 0])
Transition([2, 3, 0, 1, 0, 1, 0, 0] -- 1.getPos.3.2 --> [2, 3, 0, 3, 0, 3, 0, 0])
Transition([2, 3, 0, 3, 0, 3, 0, 0] -- checkLiveDone --> [2, 4, 0, 0, 0, 0, 0, 0])
Transition([2, 4, 3, 0, 0, 0, 0, 0] -- left --> [2, 38, 3, 0, 0, 0, 0, 0])
Transition([2, 38, 3, 0, 0, 0, 0, 0] -- 0.getPos.2.3 --> [2, 43, 3, 0, 0, 0, 0, 0])
Transition([2, 43, 3, 0, 0, 0, 0, 0] -- 0.setPos.2.2 --> [2, 0, 6, 0, 0, 0, 0, 0])
Transition([2, 4, 3, 0, 0, 0, 0, 0] -- right --> [2, 5, 3, 0, 0, 0, 0, 0])
Transition([2, 5, 3, 0, 0, 0, 0, 0] -- 0.getPos.2.3 --> [2, 10, 3, 0, 0, 0, 0, 0])
Transition([2, 10, 3, 0, 0, 0, 0, 0] -- 0.setPos.2.4 --> [2, 0, 15, 0, 0, 0, 0, 0])
Transition([2, 0, 15, 0, 0, 0, 0, 0] -- startSafeCheck --> [2, 1, 15, 0, 1, 0, 0, 0])
Transition([2, 1, 15, 0, 1, 0, 0, 0] -- 0.getPos.2.4 --> [2, 1, 15, 0, 16, 0, 0, 0])
Transition([2, 1, 15, 0, 16, 0, 0, 0] -- 1.getPos.3.2 --> [2, 1, 15, 0, 3, 0, 0, 0])
Transition([2, 1, 15, 0, 3, 0, 0, 0] -- checkSafeOk --> [2, 2, 15, 0, 0, 0, 0, 0])
Transition([2, 2, 15, 0, 0, 0, 0, 0] -- startLiveCheck --> [2, 3, 15, 1, 0, 1, 0, 0])
Transition([2, 3, 15, 1, 0, 1, 0, 0] -- 1.getPos.3.2 --> [2, 3, 15, 3, 0, 3, 0, 0])
Transition([2, 3, 15, 3, 0, 3, 0, 0] -- checkLiveDone --> [2, 4, 15, 0, 0, 0, 0, 0])
Transition([2, 4, 3, 0, 0, 0, 0, 0] -- up --> [2, 71, 3, 0, 0, 0, 0, 0])
Transition([2, 71, 3, 0, 0, 0, 0, 0] -- 0.getPos.2.3 --> [2, 78, 3, 0, 0, 0, 0, 0])
Transition([2, 78, 3, 0, 0, 0, 0, 0] -- 0.setPos.1.3 --> [2, 0, 7, 0, 0, 0, 1, 0])
Transition([2, 0, 7, 0, 0, 0, 1, 0] -- illegalPosition --> [2, 0, 7, 0, 0, 0, 1, 0])
Transition([2, 4, 9, 0, 0, 0, 0, 0] -- right --> [2, 5, 9, 0, 0, 0, 0, 0])
Transition([2, 5, 9, 0, 0, 0, 0, 0] -- 0.getPos.1.2 --> [2, 32, 9, 0, 0, 0, 0, 0])
Transition([2, 32, 9, 0, 0, 0, 0, 0] -- 0.setPos.1.3 --> [2, 0, 7, 0, 0, 0, 1, 0])
Transition([2, 4, 9, 0, 0, 0, 0, 0] -- up --> [2, 71, 9, 0, 0, 0, 0, 0])
Transition([2, 71, 9, 0, 0, 0, 0, 0] -- 0.getPos.1.2 --> [2, 102, 9, 0, 0, 0, 0, 0])
Transition([3, 4, 2, 0, 0, 0, 0, 0] -- down --> [3, 104, 2, 0, 0, 0, 0, 0])
Transition([3, 104, 2, 0, 0, 0, 0, 0] -- 0.getPos.3.2 --> [3, 121, 2, 0, 0, 0, 0, 0])
Transition([3, 121, 2, 0, 0, 0, 0, 0] -- 0.setPos.4.2 --> [3, 0, 13, 0, 0, 0, 0, 0])
Transition([3, 0, 13, 0, 0, 0, 0, 0] -- startSafeCheck --> [3, 1, 13, 0, 1, 0, 0, 0])
Transition([3, 1, 13, 0, 1, 0, 0, 0] -- 0.getPos.4.2 --> [3, 1, 13, 0, 14, 0, 0, 0])
Transition([3, 1, 13, 0, 14, 0, 0, 0] -- 1.getPos.2.3 --> [3, 1, 13, 0, 3, 0, 0, 0])
Transition([3, 1, 13, 0, 3, 0, 0, 0] -- checkSafeOk --> [3, 2, 13, 0, 0, 0, 0, 0])
Transition([3, 2, 13, 0, 0, 0, 0, 0] -- startLiveCheck --> [3, 3, 13, 1, 0, 1, 0, 0])
Transition([3, 3, 13, 1, 0, 1, 0, 0] -- 1.getPos.2.3 --> [3, 3, 13, 3, 0, 3, 0, 0])
Transition([3, 3, 13, 3, 0, 3, 0, 0] -- checkLiveDone --> [3, 4, 13, 0, 0, 0, 0, 0])
Transition([2, 4, 8, 0, 0, 0, 0, 0] -- left --> [2, 38, 8, 0, 0, 0, 0, 0])
Transition([2, 38, 8, 0, 0, 0, 0, 0] -- 0.getPos.2.1 --> [2, 54, 8, 0, 0, 0, 0, 0])
Transition([2, 4, 8, 0, 0, 0, 0, 0] -- right --> [2, 5, 8, 0, 0, 0, 0, 0])
Transition([2, 5, 8, 0, 0, 0, 0, 0] -- 0.getPos.2.1 --> [2, 19, 8, 0, 0, 0, 0, 0])
Transition([2, 19, 8, 0, 0, 0, 0, 0] -- 0.setPos.2.2 --> [2, 0, 6, 0, 0, 0, 0, 0])
Transition([2, 4, 8, 0, 0, 0, 0, 0] -- up --> [2, 71, 8, 0, 0, 0, 0, 0])
Transition([2, 71, 8, 0, 0, 0, 0, 0] -- 0.getPos.2.1 --> [2, 87, 8, 0, 0, 0, 0, 0])
Transition([2, 87, 8, 0, 0, 0, 0, 0] -- 0.setPos.1.1 --> [2, 0, 0, 0, 0, 0, 0, 0])
Transition([3, 4, 9, 0, 0, 0, 0, 0] -- down --> [3, 104, 9, 0, 0, 0, 0, 0])
Transition([3, 104, 9, 0, 0, 0, 0, 0] -- 0.getPos.1.2 --> [3, 131, 9, 0, 0, 0, 0, 0])
Transition([3, 131, 9, 0, 0, 0, 0, 0] -- 0.setPos.2.2 --> [3, 0, 6, 0, 0, 0, 0, 0])
Transition([3, 4, 2, 0, 0, 0, 0, 0] -- left --> [3, 38, 2, 0, 0, 0, 0, 0])
Transition([3, 38, 2, 0, 0, 0, 0, 0] -- 0.getPos.3.2 --> [3, 55, 2, 0, 0, 0, 0, 0])
Transition([3, 55, 2, 0, 0, 0, 0, 0] -- 0.setPos.3.1 --> [3, 0, 5, 0, 0, 0, 0, 0])
Transition([3, 4, 8, 0, 0, 0, 0, 0] -- up --> [3, 71, 8, 0, 0, 0, 0, 0])
Transition([3, 71, 8, 0, 0, 0, 0, 0] -- 0.getPos.2.1 --> [3, 87, 8, 0, 0, 0, 0, 0])
Transition([3, 87, 8, 0, 0, 0, 0, 0] -- 0.setPos.1.1 --> [3, 0, 0, 0, 0, 0, 0, 0])
Transition([3, 0, 0, 0, 0, 0, 0, 0] -- startSafeCheck --> [3, 1, 0, 0, 1, 0, 0, 0])
Transition([3, 1, 0, 0, 1, 0, 0, 0] -- 0.getPos.1.1 --> [3, 1, 0, 0, 19, 0, 0, 0])
Transition([3, 1, 0, 0, 19, 0, 0, 0] -- 1.getPos.2.3 --> [3, 1, 0, 0, 3, 0, 0, 0])
Transition([3, 1, 0, 0, 3, 0, 0, 0] -- checkSafeOk --> [3, 2, 0, 0, 0, 0, 0, 0])
Transition([3, 2, 0, 0, 0, 0, 0, 0] -- startLiveCheck --> [3, 3, 0, 1, 0, 1, 0, 0])
Transition([3, 3, 0, 1, 0, 1, 0, 0] -- 1.getPos.2.3 --> [3, 3, 0, 3, 0, 3, 0, 0])
Transition([3, 3, 0, 3, 0, 3, 0, 0] -- checkLiveDone --> [3, 4, 0, 0, 0, 0, 0, 0])
Transition([3, 4, 2, 0, 0, 0, 0, 0] -- right --> [3, 5, 2, 0, 0, 0, 0, 0])
Transition([3, 5, 2, 0, 0, 0, 0, 0] -- 0.getPos.3.2 --> [3, 22, 2, 0, 0, 0, 0, 0])
Transition([3, 22, 2, 0, 0, 0, 0, 0] -- 0.setPos.3.3 --> [3, 0, 14, 0, 0, 0, 0, 0])
Transition([3, 0, 14, 0, 0, 0, 0, 0] -- startSafeCheck --> [3, 1, 14, 0, 1, 0, 0, 0])
Transition([3, 1, 14, 0, 1, 0, 0, 0] -- 0.getPos.3.3 --> [3, 1, 14, 0, 15, 0, 0, 0])
Transition([3, 1, 14, 0, 15, 0, 0, 0] -- 1.getPos.2.3 --> [3, 1, 14, 0, 3, 0, 0, 0])
Transition([3, 1, 14, 0, 3, 0, 0, 0] -- checkSafeOk --> [3, 2, 14, 0, 0, 0, 0, 0])
Transition([3, 2, 14, 0, 0, 0, 0, 0] -- startLiveCheck --> [3, 3, 14, 1, 0, 1, 0, 0])
Transition([3, 3, 14, 1, 0, 1, 0, 0] -- 1.getPos.2.3 --> [3, 3, 14, 3, 0, 3, 0, 0])
Transition([3, 3, 14, 3, 0, 3, 0, 0] -- checkLiveDone --> [3, 4, 14, 0, 0, 0, 0, 0])
Transition([3, 4, 9, 0, 0, 0, 0, 0] -- left --> [3, 38, 9, 0, 0, 0, 0, 0])
Transition([3, 38, 9, 0, 0, 0, 0, 0] -- 0.getPos.1.2 --> [3, 69, 9, 0, 0, 0, 0, 0])
Transition([3, 69, 9, 0, 0, 0, 0, 0] -- 0.setPos.1.1 --> [3, 0, 0, 0, 0, 0, 0, 0])
Transition([3, 4, 9, 0, 0, 0, 0, 0] -- right --> [3, 5, 9, 0, 0, 0, 0, 0])
Transition([3, 5, 9, 0, 0, 0, 0, 0] -- 0.getPos.1.2 --> [3, 32, 9, 0, 0, 0, 0, 0])
Transition([3, 32, 9, 0, 0, 0, 0, 0] -- 0.setPos.1.3 --> [3, 0, 7, 0, 0, 0, 1, 0])
Transition([3, 0, 7, 0, 0, 0, 1, 0] -- illegalPosition --> [3, 0, 7, 0, 0, 0, 1, 0])
Transition([3, 4, 9, 0, 0, 0, 0, 0] -- up --> [3, 71, 9, 0, 0, 0, 0, 0])
Transition([3, 71, 9, 0, 0, 0, 0, 0] -- 0.getPos.1.2 --> [3, 102, 9, 0, 0, 0, 0, 0])
Transition([3, 4, 2, 0, 0, 0, 0, 0] -- up --> [3, 71, 2, 0, 0, 0, 0, 0])
Transition([3, 71, 2, 0, 0, 0, 0, 0] -- 0.getPos.3.2 --> [3, 88, 2, 0, 0, 0, 0, 0])
Transition([3, 88, 2, 0, 0, 0, 0, 0] -- 0.setPos.2.2 --> [3, 0, 6, 0, 0, 0, 0, 0])
Transition([15, 4, 3, 0, 0, 0, 0, 0] -- down --> [15, 104, 3, 0, 0, 0, 0, 0])
Transition([15, 104, 3, 0, 0, 0, 0, 0] -- 0.getPos.2.3 --> [15, 107, 3, 0, 0, 0, 0, 0])
Transition([15, 107, 3, 0, 0, 0, 0, 0] -- 0.setPos.3.3 --> [15, 0, 14, 0, 0, 0, 0, 0])
Transition([15, 0, 14, 0, 0, 0, 0, 0] -- startSafeCheck --> [15, 1, 14, 0, 1, 0, 0, 0])
Transition([15, 1, 14, 0, 1, 0, 0, 0] -- 0.getPos.3.3 --> [15, 1, 14, 0, 15, 0, 0, 0])
Transition([15, 1, 14, 0, 15, 0, 0, 0] -- 1.getPos.2.4 --> [15, 1, 14, 0, 3, 0, 0, 0])
Transition([15, 1, 14, 0, 3, 0, 0, 0] -- checkSafeOk --> [15, 2, 14, 0, 0, 0, 0, 0])
Transition([15, 2, 14, 0, 0, 0, 0, 0] -- startLiveCheck --> [15, 3, 14, 1, 0, 1, 0, 0])
Transition([15, 3, 14, 1, 0, 1, 0, 0] -- 1.getPos.2.4 --> [15, 3, 14, 3, 0, 3, 0, 0])
Transition([15, 3, 14, 3, 0, 3, 0, 0] -- checkLiveDone --> [15, 4, 14, 0, 0, 0, 0, 0])
Transition([13, 4, 2, 0, 0, 0, 0, 0] -- down --> [13, 104, 2, 0, 0, 0, 0, 0])
Transition([13, 104, 2, 0, 0, 0, 0, 0] -- 0.getPos.3.2 --> [13, 121, 2, 0, 0, 0, 0, 0])
Transition([13, 121, 2, 0, 0, 0, 0, 0] -- 0.setPos.4.2 --> [13, 0, 13, 0, 0, 0, 0, 0])
Transition([13, 0, 13, 0, 0, 0, 0, 0] -- startSafeCheck --> [13, 1, 13, 0, 1, 0, 0, 0])
Transition([13, 1, 13, 0, 1, 0, 0, 0] -- 0.getPos.4.2 --> [13, 1, 13, 0, 14, 0, 0, 0])
Transition([13, 1, 13, 0, 14, 0, 0, 0] -- 1.getPos.4.2 --> [13, 1, 13, 0, 4, 0, 0, 0])
Transition([15, 4, 3, 0, 0, 0, 0, 0] -- left --> [15, 38, 3, 0, 0, 0, 0, 0])
Transition([15, 38, 3, 0, 0, 0, 0, 0] -- 0.getPos.2.3 --> [15, 43, 3, 0, 0, 0, 0, 0])
Transition([15, 43, 3, 0, 0, 0, 0, 0] -- 0.setPos.2.2 --> [15, 0, 6, 0, 0, 0, 0, 0])
Transition([15, 0, 6, 0, 0, 0, 0, 0] -- startSafeCheck --> [15, 1, 6, 0, 1, 0, 0, 0])
Transition([15, 1, 6, 0, 1, 0, 0, 0] -- 0.getPos.2.2 --> [15, 1, 6, 0, 10, 0, 0, 0])
Transition([15, 1, 6, 0, 10, 0, 0, 0] -- 1.getPos.2.4 --> [15, 1, 6, 0, 3, 0, 0, 0])
Transition([15, 1, 6, 0, 3, 0, 0, 0] -- checkSafeOk --> [15, 2, 6, 0, 0, 0, 0, 0])
Transition([15, 2, 6, 0, 0, 0, 0, 0] -- startLiveCheck --> [15, 3, 6, 1, 0, 1, 0, 0])
Transition([15, 3, 6, 1, 0, 1, 0, 0] -- 1.getPos.2.4 --> [15, 3, 6, 3, 0, 3, 0, 0])
Transition([15, 3, 6, 3, 0, 3, 0, 0] -- checkLiveDone --> [15, 4, 6, 0, 0, 0, 0, 0])
Transition([13, 4, 2, 0, 0, 0, 0, 0] -- left --> [13, 38, 2, 0, 0, 0, 0, 0])
Transition([13, 38, 2, 0, 0, 0, 0, 0] -- 0.getPos.3.2 --> [13, 55, 2, 0, 0, 0, 0, 0])
Transition([13, 55, 2, 0, 0, 0, 0, 0] -- 0.setPos.3.1 --> [13, 0, 5, 0, 0, 0, 0, 0])
Transition([13, 0, 5, 0, 0, 0, 0, 0] -- startSafeCheck --> [13, 1, 5, 0, 1, 0, 0, 0])
Transition([13, 1, 5, 0, 1, 0, 0, 0] -- 0.getPos.3.1 --> [13, 1, 5, 0, 9, 0, 0, 0])
Transition([13, 1, 5, 0, 9, 0, 0, 0] -- 1.getPos.4.2 --> [13, 1, 5, 0, 3, 0, 0, 0])
Transition([13, 1, 5, 0, 3, 0, 0, 0] -- checkSafeOk --> [13, 2, 5, 0, 0, 0, 0, 0])
Transition([13, 2, 5, 0, 0, 0, 0, 0] -- startLiveCheck --> [13, 3, 5, 1, 0, 1, 0, 0])
Transition([13, 3, 5, 1, 0, 1, 0, 0] -- 1.getPos.4.2 --> [13, 3, 5, 3, 0, 3, 0, 0])
Transition([13, 3, 5, 3, 0, 3, 0, 0] -- checkLiveDone --> [13, 4, 5, 0, 0, 0, 0, 0])
Transition([13, 4, 2, 0, 0, 0, 0, 0] -- right --> [13, 5, 2, 0, 0, 0, 0, 0])
Transition([13, 5, 2, 0, 0, 0, 0, 0] -- 0.getPos.3.2 --> [13, 22, 2, 0, 0, 0, 0, 0])
Transition([13, 22, 2, 0, 0, 0, 0, 0] -- 0.setPos.3.3 --> [13, 0, 14, 0, 0, 0, 0, 0])
Transition([13, 0, 14, 0, 0, 0, 0, 0] -- startSafeCheck --> [13, 1, 14, 0, 1, 0, 0, 0])
Transition([13, 1, 14, 0, 1, 0, 0, 0] -- 0.getPos.3.3 --> [13, 1, 14, 0, 15, 0, 0, 0])
Transition([13, 1, 14, 0, 15, 0, 0, 0] -- 1.getPos.4.2 --> [13, 1, 14, 0, 3, 0, 0, 0])
Transition([13, 1, 14, 0, 3, 0, 0, 0] -- checkSafeOk --> [13, 2, 14, 0, 0, 0, 0, 0])
Transition([13, 2, 14, 0, 0, 0, 0, 0] -- startLiveCheck --> [13, 3, 14, 1, 0, 1, 0, 0])
Transition([13, 3, 14, 1, 0, 1, 0, 0] -- 1.getPos.4.2 --> [13, 3, 14, 3, 0, 3, 0, 0])
Transition([13, 3, 14, 3, 0, 3, 0, 0] -- checkLiveDone --> [13, 4, 14, 0, 0, 0, 0, 0])
Transition([15, 4, 3, 0, 0, 0, 0, 0] -- right --> [15, 5, 3, 0, 0, 0, 0, 0])
Transition([15, 5, 3, 0, 0, 0, 0, 0] -- 0.getPos.2.3 --> [15, 10, 3, 0, 0, 0, 0, 0])
Transition([15, 10, 3, 0, 0, 0, 0, 0] -- 0.setPos.2.4 --> [15, 0, 15, 0, 0, 0, 0, 0])
Transition([15, 0, 15, 0, 0, 0, 0, 0] -- startSafeCheck --> [15, 1, 15, 0, 1, 0, 0, 0])
Transition([15, 1, 15, 0, 1, 0, 0, 0] -- 0.getPos.2.4 --> [15, 1, 15, 0, 16, 0, 0, 0])
Transition([15, 1, 15, 0, 16, 0, 0, 0] -- 1.getPos.2.4 --> [15, 1, 15, 0, 4, 0, 0, 0])
Transition([13, 4, 2, 0, 0, 0, 0, 0] -- up --> [13, 71, 2, 0, 0, 0, 0, 0])
Transition([13, 71, 2, 0, 0, 0, 0, 0] -- 0.getPos.3.2 --> [13, 88, 2, 0, 0, 0, 0, 0])
Transition([13, 88, 2, 0, 0, 0, 0, 0] -- 0.setPos.2.2 --> [13, 0, 6, 0, 0, 0, 0, 0])
Transition([13, 0, 6, 0, 0, 0, 0, 0] -- startSafeCheck --> [13, 1, 6, 0, 1, 0, 0, 0])
Transition([13, 1, 6, 0, 1, 0, 0, 0] -- 0.getPos.2.2 --> [13, 1, 6, 0, 10, 0, 0, 0])
Transition([13, 1, 6, 0, 10, 0, 0, 0] -- 1.getPos.4.2 --> [13, 1, 6, 0, 3, 0, 0, 0])
Transition([13, 1, 6, 0, 3, 0, 0, 0] -- checkSafeOk --> [13, 2, 6, 0, 0, 0, 0, 0])
Transition([13, 2, 6, 0, 0, 0, 0, 0] -- startLiveCheck --> [13, 3, 6, 1, 0, 1, 0, 0])
Transition([13, 3, 6, 1, 0, 1, 0, 0] -- 1.getPos.4.2 --> [13, 3, 6, 3, 0, 3, 0, 0])
Transition([13, 3, 6, 3, 0, 3, 0, 0] -- checkLiveDone --> [13, 4, 6, 0, 0, 0, 0, 0])
Transition([15, 4, 3, 0, 0, 0, 0, 0] -- up --> [15, 71, 3, 0, 0, 0, 0, 0])
Transition([15, 71, 3, 0, 0, 0, 0, 0] -- 0.getPos.2.3 --> [15, 78, 3, 0, 0, 0, 0, 0])
Transition([15, 78, 3, 0, 0, 0, 0, 0] -- 0.setPos.1.3 --> [15, 0, 7, 0, 0, 0, 1, 0])
Transition([15, 0, 7, 0, 0, 0, 1, 0] -- illegalPosition --> [15, 0, 7, 0, 0, 0, 1, 0])
Transition([0, 4, 13, 0, 0, 0, 0, 0] -- down --> [0, 104, 13, 0, 0, 0, 0, 0])
Transition([0, 104, 13, 0, 0, 0, 0, 0] -- 0.getPos.4.2 --> [0, 114, 13, 0, 0, 0, 0, 0])
Transition([0, 4, 14, 0, 0, 0, 0, 0] -- down --> [0, 104, 14, 0, 0, 0, 0, 0])
Transition([0, 104, 14, 0, 0, 0, 0, 0] -- 0.getPos.3.3 --> [0, 130, 14, 0, 0, 0, 0, 0])
Transition([0, 130, 14, 0, 0, 0, 0, 0] -- 0.setPos.4.3 --> [0, 0, 11, 0, 0, 0, 0, 0])
Transition([0, 0, 11, 0, 0, 0, 0, 0] -- startSafeCheck --> [0, 1, 11, 0, 1, 0, 0, 0])
Transition([0, 1, 11, 0, 1, 0, 0, 0] -- 0.getPos.4.3 --> [0, 1, 11, 0, 12, 0, 0, 0])
Transition([0, 1, 11, 0, 12, 0, 0, 0] -- 1.getPos.2.2 --> [0, 1, 11, 0, 3, 0, 0, 0])
Transition([0, 1, 11, 0, 3, 0, 0, 0] -- checkSafeOk --> [0, 2, 11, 0, 0, 0, 0, 0])
Transition([0, 2, 11, 0, 0, 0, 0, 0] -- startLiveCheck --> [0, 3, 11, 1, 0, 1, 0, 0])
Transition([0, 3, 11, 1, 0, 1, 0, 0] -- 1.getPos.2.2 --> [0, 3, 11, 3, 0, 3, 0, 0])
Transition([0, 3, 11, 3, 0, 3, 0, 0] -- checkLiveDone --> [0, 4, 11, 0, 0, 0, 0, 0])
Transition([0, 4, 13, 0, 0, 0, 0, 0] -- left --> [0, 38, 13, 0, 0, 0, 0, 0])
Transition([0, 38, 13, 0, 0, 0, 0, 0] -- 0.getPos.4.2 --> [0, 50, 13, 0, 0, 0, 0, 0])
Transition([0, 50, 13, 0, 0, 0, 0, 0] -- 0.setPos.4.1 --> [0, 0, 1, 0, 0, 0, 0, 0])
Transition([0, 4, 14, 0, 0, 0, 0, 0] -- left --> [0, 38, 14, 0, 0, 0, 0, 0])
Transition([0, 38, 14, 0, 0, 0, 0, 0] -- 0.getPos.3.3 --> [0, 66, 14, 0, 0, 0, 0, 0])
Transition([0, 66, 14, 0, 0, 0, 0, 0] -- 0.setPos.3.2 --> [0, 0, 2, 0, 0, 0, 0, 0])
Transition([0, 4, 13, 0, 0, 0, 0, 0] -- right --> [0, 5, 13, 0, 0, 0, 0, 0])
Transition([0, 5, 13, 0, 0, 0, 0, 0] -- 0.getPos.4.2 --> [0, 15, 13, 0, 0, 0, 0, 0])
Transition([0, 15, 13, 0, 0, 0, 0, 0] -- 0.setPos.4.3 --> [0, 0, 11, 0, 0, 0, 0, 0])
Transition([0, 4, 14, 0, 0, 0, 0, 0] -- right --> [0, 5, 14, 0, 0, 0, 0, 0])
Transition([0, 5, 14, 0, 0, 0, 0, 0] -- 0.getPos.3.3 --> [0, 31, 14, 0, 0, 0, 0, 0])
Transition([0, 31, 14, 0, 0, 0, 0, 0] -- 0.setPos.3.4 --> [0, 0, 12, 0, 0, 0, 0, 0])
Transition([0, 0, 12, 0, 0, 0, 0, 0] -- startSafeCheck --> [0, 1, 12, 0, 1, 0, 0, 0])
Transition([0, 1, 12, 0, 1, 0, 0, 0] -- 0.getPos.3.4 --> [0, 1, 12, 0, 13, 0, 0, 0])
Transition([0, 1, 12, 0, 13, 0, 0, 0] -- 1.getPos.2.2 --> [0, 1, 12, 0, 3, 0, 0, 0])
Transition([0, 1, 12, 0, 3, 0, 0, 0] -- checkSafeOk --> [0, 2, 12, 0, 0, 0, 0, 0])
Transition([0, 2, 12, 0, 0, 0, 0, 0] -- startLiveCheck --> [0, 3, 12, 1, 0, 1, 0, 0])
Transition([0, 3, 12, 1, 0, 1, 0, 0] -- 1.getPos.2.2 --> [0, 3, 12, 3, 0, 3, 0, 0])
Transition([0, 3, 12, 3, 0, 3, 0, 0] -- checkLiveDone --> [0, 4, 12, 0, 0, 0, 0, 0])
Transition([0, 4, 13, 0, 0, 0, 0, 0] -- up --> [0, 71, 13, 0, 0, 0, 0, 0])
Transition([0, 71, 13, 0, 0, 0, 0, 0] -- 0.getPos.4.2 --> [0, 83, 13, 0, 0, 0, 0, 0])
Transition([0, 83, 13, 0, 0, 0, 0, 0] -- 0.setPos.3.2 --> [0, 0, 2, 0, 0, 0, 0, 0])
Transition([0, 4, 14, 0, 0, 0, 0, 0] -- up --> [0, 71, 14, 0, 0, 0, 0, 0])
Transition([0, 71, 14, 0, 0, 0, 0, 0] -- 0.getPos.3.3 --> [0, 99, 14, 0, 0, 0, 0, 0])
Transition([0, 99, 14, 0, 0, 0, 0, 0] -- 0.setPos.2.3 --> [0, 0, 3, 0, 0, 0, 0, 0])
Transition([0, 0, 3, 0, 0, 0, 0, 0] -- startSafeCheck --> [0, 1, 3, 0, 1, 0, 0, 0])
Transition([0, 1, 3, 0, 1, 0, 0, 0] -- 0.getPos.2.3 --> [0, 1, 3, 0, 7, 0, 0, 0])
Transition([0, 1, 3, 0, 7, 0, 0, 0] -- 1.getPos.2.2 --> [0, 1, 3, 0, 3, 0, 0, 0])
Transition([0, 1, 3, 0, 3, 0, 0, 0] -- checkSafeOk --> [0, 2, 3, 0, 0, 0, 0, 0])
Transition([0, 2, 3, 0, 0, 0, 0, 0] -- startLiveCheck --> [0, 3, 3, 1, 0, 1, 0, 0])
Transition([0, 3, 3, 1, 0, 1, 0, 0] -- 1.getPos.2.2 --> [0, 3, 3, 3, 0, 3, 0, 0])
Transition([0, 3, 3, 3, 0, 3, 0, 0] -- checkLiveDone --> [0, 4, 3, 0, 0, 0, 0, 0])
Transition([2, 4, 14, 0, 0, 0, 0, 0] -- down --> [2, 104, 14, 0, 0, 0, 0, 0])
Transition([2, 104, 14, 0, 0, 0, 0, 0] -- 0.getPos.3.3 --> [2, 130, 14, 0, 0, 0, 0, 0])
Transition([2, 130, 14, 0, 0, 0, 0, 0] -- 0.setPos.4.3 --> [2, 0, 11, 0, 0, 0, 0, 0])
Transition([2, 0, 11, 0, 0, 0, 0, 0] -- startSafeCheck --> [2, 1, 11, 0, 1, 0, 0, 0])
Transition([2, 1, 11, 0, 1, 0, 0, 0] -- 0.getPos.4.3 --> [2, 1, 11, 0, 12, 0, 0, 0])
Transition([2, 1, 11, 0, 12, 0, 0, 0] -- 1.getPos.3.2 --> [2, 1, 11, 0, 3, 0, 0, 0])
Transition([2, 1, 11, 0, 3, 0, 0, 0] -- checkSafeOk --> [2, 2, 11, 0, 0, 0, 0, 0])
Transition([2, 2, 11, 0, 0, 0, 0, 0] -- startLiveCheck --> [2, 3, 11, 1, 0, 1, 0, 0])
Transition([2, 3, 11, 1, 0, 1, 0, 0] -- 1.getPos.3.2 --> [2, 3, 11, 3, 0, 3, 0, 0])
Transition([2, 3, 11, 3, 0, 3, 0, 0] -- checkLiveDone --> [2, 4, 11, 0, 0, 0, 0, 0])
Transition([3, 4, 14, 0, 0, 0, 0, 0] -- down --> [3, 104, 14, 0, 0, 0, 0, 0])
Transition([3, 104, 14, 0, 0, 0, 0, 0] -- 0.getPos.3.3 --> [3, 130, 14, 0, 0, 0, 0, 0])
Transition([3, 130, 14, 0, 0, 0, 0, 0] -- 0.setPos.4.3 --> [3, 0, 11, 0, 0, 0, 0, 0])
Transition([3, 0, 11, 0, 0, 0, 0, 0] -- startSafeCheck --> [3, 1, 11, 0, 1, 0, 0, 0])
Transition([3, 1, 11, 0, 1, 0, 0, 0] -- 0.getPos.4.3 --> [3, 1, 11, 0, 12, 0, 0, 0])
Transition([3, 1, 11, 0, 12, 0, 0, 0] -- 1.getPos.2.3 --> [3, 1, 11, 0, 3, 0, 0, 0])
Transition([3, 1, 11, 0, 3, 0, 0, 0] -- checkSafeOk --> [3, 2, 11, 0, 0, 0, 0, 0])
Transition([3, 2, 11, 0, 0, 0, 0, 0] -- startLiveCheck --> [3, 3, 11, 1, 0, 1, 0, 0])
Transition([3, 3, 11, 1, 0, 1, 0, 0] -- 1.getPos.2.3 --> [3, 3, 11, 3, 0, 3, 0, 0])
Transition([3, 3, 11, 3, 0, 3, 0, 0] -- checkLiveDone --> [3, 4, 11, 0, 0, 0, 0, 0])
Transition([3, 4, 13, 0, 0, 0, 0, 0] -- down --> [3, 104, 13, 0, 0, 0, 0, 0])
Transition([3, 104, 13, 0, 0, 0, 0, 0] -- 0.getPos.4.2 --> [3, 114, 13, 0, 0, 0, 0, 0])
Transition([2, 4, 14, 0, 0, 0, 0, 0] -- left --> [2, 38, 14, 0, 0, 0, 0, 0])
Transition([2, 38, 14, 0, 0, 0, 0, 0] -- 0.getPos.3.3 --> [2, 66, 14, 0, 0, 0, 0, 0])
Transition([2, 66, 14, 0, 0, 0, 0, 0] -- 0.setPos.3.2 --> [2, 0, 2, 0, 0, 0, 0, 0])
Transition([2, 66, 14, 0, 0, 0, 0, 0] -- 1.getPos.3.2 --> [2, 67, 14, 0, 0, 0, 0, 0])
Transition([2, 67, 14, 0, 0, 0, 0, 0] -- 1.setPos.3.1 --> [5, 68, 14, 0, 0, 0, 0, 0])
Transition([5, 68, 14, 0, 0, 0, 0, 0] -- 0.setPos.3.2 --> [5, 0, 2, 0, 0, 0, 0, 0])
Transition([5, 0, 2, 0, 0, 0, 0, 0] -- startSafeCheck --> [5, 1, 2, 0, 1, 0, 0, 0])
Transition([5, 1, 2, 0, 1, 0, 0, 0] -- 0.getPos.3.2 --> [5, 1, 2, 0, 6, 0, 0, 0])
Transition([5, 1, 2, 0, 6, 0, 0, 0] -- 1.getPos.3.1 --> [5, 1, 2, 0, 3, 0, 0, 0])
Transition([5, 1, 2, 0, 3, 0, 0, 0] -- checkSafeOk --> [5, 2, 2, 0, 0, 0, 0, 0])
Transition([5, 2, 2, 0, 0, 0, 0, 0] -- startLiveCheck --> [5, 3, 2, 1, 0, 1, 0, 0])
Transition([5, 3, 2, 1, 0, 1, 0, 0] -- 1.getPos.3.1 --> [5, 3, 2, 2, 0, 2, 0, 0])
Transition([5, 3, 2, 2, 0, 2, 0, 0] -- win --> [5, 3, 2, 2, 0, 2, 0, 1])
Transition([5, 3, 2, 2, 0, 2, 0, 1] -- win --> [5, 3, 2, 2, 0, 2, 0, 1])
