Transition([0, 0, 0, 0, 0, 0, 0, 0] -- startSafeCheck --> [0, 1, 0, 0, 1, 0, 0, 0])
Transition([0, 1, 0, 0, 1, 0, 0, 0] -- 0.getPos.1.1 --> [0, 1, 0, 0, 19, 0, 0, 0])
Transition([0, 1, 0, 0, 19, 0, 0, 0] -- 1.getPos.2.2 --> [0, 1, 0, 0, 3, 0, 0, 0])
Transition([0, 1, 0, 0, 3, 0, 0, 0] -- checkSafeOk --> [0, 2, 0, 0, 0, 0, 0, 0])
Transition([0, 2, 0, 0, 0, 0, 0, 0] -- startLiveCheck --> [0, 3, 0, 1, 0, 1, 0, 0])
Transition([0, 3, 0, 1, 0, 1, 0, 0] -- 1.getPos.2.2 --> [0, 3, 0, 2, 0, 2, 0, 0])
Transition([0, 3, 0, 2, 0, 2, 0, 0] -- checkLiveDone --> [0, 4, 0, 0, 0, 0, 0, 0])
Transition([0, 4, 0, 0, 0, 0, 0, 0] -- down --> [0, 104, 0, 0, 0, 0, 0, 0])
Transition([0, 4, 0, 0, 0, 0, 0, 0] -- left --> [0, 38, 0, 0, 0, 0, 0, 0])
Transition([0, 4, 0, 0, 0, 0, 0, 0] -- right --> [0, 5, 0, 0, 0, 0, 0, 0])
Transition([0, 4, 0, 0, 0, 0, 0, 0] -- up --> [0, 71, 0, 0, 0, 0, 0, 0])
Transition([0, 38, 0, 0, 0, 0, 0, 0] -- 0.getPos.1.1 --> [0, 70, 0, 0, 0, 0, 0, 0])
Transition([0, 71, 0, 0, 0, 0, 0, 0] -- 0.getPos.1.1 --> [0, 103, 0, 0, 0, 0, 0, 0])
Transition([0, 5, 0, 0, 0, 0, 0, 0] -- 0.getPos.1.1 --> [0, 35, 0, 0, 0, 0, 0, 0])
Transition([0, 104, 0, 0, 0, 0, 0, 0] -- 0.getPos.1.1 --> [0, 134, 0, 0, 0, 0, 0, 0])
Transition([0, 35, 0, 0, 0, 0, 0, 0] -- 0.setPos.1.2 --> [0, 0, 9, 0, 0, 0, 0, 0])
Transition([0, 134, 0, 0, 0, 0, 0, 0] -- 0.setPos.2.1 --> [0, 0, 8, 0, 0, 0, 0, 0])
Transition([0, 0, 9, 0, 0, 0, 0, 0] -- startSafeCheck --> [0, 1, 9, 0, 1, 0, 0, 0])
Transition([0, 0, 8, 0, 0, 0, 0, 0] -- startSafeCheck --> [0, 1, 8, 0, 1, 0, 0, 0])
Transition([0, 1, 9, 0, 1, 0, 0, 0] -- 0.getPos.1.2 --> [0, 1, 9, 0, 18, 0, 0, 0])
Transition([0, 1, 8, 0, 1, 0, 0, 0] -- 0.getPos.2.1 --> [0, 1, 8, 0, 17, 0, 0, 0])
Transition([0, 1, 9, 0, 18, 0, 0, 0] -- 1.getPos.2.2 --> [0, 1, 9, 0, 3, 0, 0, 0])
Transition([0, 1, 8, 0, 17, 0, 0, 0] -- 1.getPos.2.2 --> [0, 1, 8, 0, 3, 0, 0, 0])
Transition([0, 1, 9, 0, 3, 0, 0, 0] -- checkSafeOk --> [0, 2, 9, 0, 0, 0, 0, 0])
Transition([0, 1, 8, 0, 3, 0, 0, 0] -- checkSafeOk --> [0, 2, 8, 0, 0, 0, 0, 0])
Transition([0, 2, 9, 0, 0, 0, 0, 0] -- startLiveCheck --> [0, 3, 9, 1, 0, 1, 0, 0])
Transition([0, 2, 8, 0, 0, 0, 0, 0] -- startLiveCheck --> [0, 3, 8, 1, 0, 1, 0, 0])
Transition([0, 3, 9, 1, 0, 1, 0, 0] -- 1.getPos.2.2 --> [0, 3, 9, 2, 0, 2, 0, 0])
Transition([0, 3, 8, 1, 0, 1, 0, 0] -- 1.getPos.2.2 --> [0, 3, 8, 2, 0, 2, 0, 0])
Transition([0, 3, 9, 2, 0, 2, 0, 0] -- checkLiveDone --> [0, 4, 9, 0, 0, 0, 0, 0])
Transition([0, 3, 8, 2, 0, 2, 0, 0] -- checkLiveDone --> [0, 4, 8, 0, 0, 0, 0, 0])
Transition([0, 4, 9, 0, 0, 0, 0, 0] -- down --> [0, 104, 9, 0, 0, 0, 0, 0])
Transition([0, 4, 8, 0, 0, 0, 0, 0] -- down --> [0, 104, 8, 0, 0, 0, 0, 0])
Transition([0, 4, 9, 0, 0, 0, 0, 0] -- left --> [0, 38, 9, 0, 0, 0, 0, 0])
Transition([0, 4, 8, 0, 0, 0, 0, 0] -- left --> [0, 38, 8, 0, 0, 0, 0, 0])
Transition([0, 4, 9, 0, 0, 0, 0, 0] -- right --> [0, 5, 9, 0, 0, 0, 0, 0])
Transition([0, 4, 8, 0, 0, 0, 0, 0] -- right --> [0, 5, 8, 0, 0, 0, 0, 0])
Transition([0, 4, 9, 0, 0, 0, 0, 0] -- up --> [0, 71, 9, 0, 0, 0, 0, 0])
Transition([0, 4, 8, 0, 0, 0, 0, 0] -- up --> [0, 71, 8, 0, 0, 0, 0, 0])
Transition([0, 71, 9, 0, 0, 0, 0, 0] -- 0.getPos.1.2 --> [0, 102, 9, 0, 0, 0, 0, 0])
Transition([0, 71, 8, 0, 0, 0, 0, 0] -- 0.getPos.2.1 --> [0, 87, 8, 0, 0, 0, 0, 0])
Transition([0, 5, 8, 0, 0, 0, 0, 0] -- 0.getPos.2.1 --> [0, 19, 8, 0, 0, 0, 0, 0])
Transition([0, 38, 9, 0, 0, 0, 0, 0] -- 0.getPos.1.2 --> [0, 69, 9, 0, 0, 0, 0, 0])
Transition([0, 104, 9, 0, 0, 0, 0, 0] -- 0.getPos.1.2 --> [0, 131, 9, 0, 0, 0, 0, 0])
Transition([0, 38, 8, 0, 0, 0, 0, 0] -- 0.getPos.2.1 --> [0, 54, 8, 0, 0, 0, 0, 0])
Transition([0, 104, 8, 0, 0, 0, 0, 0] -- 0.getPos.2.1 --> [0, 118, 8, 0, 0, 0, 0, 0])
Transition([0, 5, 9, 0, 0, 0, 0, 0] -- 0.getPos.1.2 --> [0, 32, 9, 0, 0, 0, 0, 0])
Transition([0, 118, 8, 0, 0, 0, 0, 0] -- 0.setPos.3.1 --> [0, 0, 5, 0, 0, 0, 0, 0])
Transition([0, 32, 9, 0, 0, 0, 0, 0] -- 0.setPos.1.3 --> [0, 0, 7, 0, 0, 0, 0, 0])
Transition([0, 69, 9, 0, 0, 0, 0, 0] -- 0.setPos.1.1 --> [0, 0, 0, 0, 0, 0, 0, 0])
Transition([0, 87, 8, 0, 0, 0, 0, 0] -- 0.setPos.1.1 --> [0, 0, 0, 0, 0, 0, 0, 0])
Transition([0, 19, 8, 0, 0, 0, 0, 0] -- 1.getPos.2.2 --> [0, 20, 8, 0, 0, 0, 0, 0])
Transition([0, 131, 9, 0, 0, 0, 0, 0] -- 1.getPos.2.2 --> [0, 132, 9, 0, 0, 0, 0, 0])
Transition([0, 19, 8, 0, 0, 0, 0, 0] -- 0.setPos.2.2 --> [0, 0, 6, 0, 0, 0, 0, 0])
Transition([0, 131, 9, 0, 0, 0, 0, 0] -- 0.setPos.2.2 --> [0, 0, 6, 0, 0, 0, 0, 0])
Transition([0, 0, 6, 0, 0, 0, 0, 0] -- startSafeCheck --> [0, 1, 6, 0, 1, 0, 0, 0])
Transition([0, 132, 9, 0, 0, 0, 0, 0] -- 1.setPos.3.2 --> [2, 133, 9, 0, 0, 0, 0, 0])
Transition([0, 0, 7, 0, 0, 0, 0, 0] -- startSafeCheck --> [0, 1, 7, 0, 1, 0, 0, 0])
Transition([0, 20, 8, 0, 0, 0, 0, 0] -- 1.setPos.2.3 --> [3, 21, 8, 0, 0, 0, 0, 0])
Transition([0, 0, 5, 0, 0, 0, 0, 0] -- startSafeCheck --> [0, 1, 5, 0, 1, 0, 0, 0])
Transition([3, 21, 8, 0, 0, 0, 0, 0] -- 0.setPos.2.2 --> [3, 0, 6, 0, 0, 0, 0, 0])
Transition([0, 1, 5, 0, 1, 0, 0, 0] -- 0.getPos.3.1 --> [0, 1, 5, 0, 9, 0, 0, 0])
Transition([2, 133, 9, 0, 0, 0, 0, 0] -- 0.setPos.2.2 --> [2, 0, 6, 0, 0, 0, 0, 0])
Transition([0, 1, 6, 0, 1, 0, 0, 0] -- 0.getPos.2.2 --> [0, 1, 6, 0, 10, 0, 0, 0])
Transition([0, 1, 7, 0, 1, 0, 0, 0] -- 0.getPos.1.3 --> [0, 1, 7, 0, 11, 0, 0, 0])
Transition([0, 1, 6, 0, 10, 0, 0, 0] -- 1.getPos.2.2 --> [0, 1, 6, 0, 4, 0, 0, 0])
Transition([0, 1, 7, 0, 11, 0, 0, 0] -- 1.getPos.2.2 --> [0, 1, 7, 0, 3, 0, 0, 0])
Transition([3, 0, 6, 0, 0, 0, 0, 0] -- startSafeCheck --> [3, 1, 6, 0, 1, 0, 0, 0])
Transition([0, 1, 5, 0, 9, 0, 0, 0] -- 1.getPos.2.2 --> [0, 1, 5, 0, 3, 0, 0, 0])
Transition([2, 0, 6, 0, 0, 0, 0, 0] -- startSafeCheck --> [2, 1, 6, 0, 1, 0, 0, 0])
Transition([0, 1, 5, 0, 3, 0, 0, 0] -- checkSafeOk --> [0, 2, 5, 0, 0, 0, 0, 0])
Transition([2, 1, 6, 0, 1, 0, 0, 0] -- 0.getPos.2.2 --> [2, 1, 6, 0, 10, 0, 0, 0])
Transition([0, 1, 7, 0, 3, 0, 0, 0] -- checkSafeOk --> [0, 2, 7, 0, 0, 0, 0, 0])
Transition([3, 1, 6, 0, 1, 0, 0, 0] -- 0.getPos.2.2 --> [3, 1, 6, 0, 10, 0, 0, 0])
Transition([0, 2, 7, 0, 0, 0, 0, 0] -- startLiveCheck --> [0, 3, 7, 1, 0, 1, 0, 0])
Transition([3, 1, 6, 0, 10, 0, 0, 0] -- 1.getPos.2.3 --> [3, 1, 6, 0, 3, 0, 0, 0])
Transition([0, 2, 5, 0, 0, 0, 0, 0] -- startLiveCheck --> [0, 3, 5, 1, 0, 1, 0, 0])
Transition([2, 1, 6, 0, 10, 0, 0, 0] -- 1.getPos.3.2 --> [2, 1, 6, 0, 3, 0, 0, 0])
Transition([0, 3, 5, 1, 0, 1, 0, 0] -- 1.getPos.2.2 --> [0, 3, 5, 2, 0, 2, 0, 0])
Transition([2, 1, 6, 0, 3, 0, 0, 0] -- checkSafeOk --> [2, 2, 6, 0, 0, 0, 0, 0])
Transition([0, 3, 7, 1, 0, 1, 0, 0] -- 1.getPos.2.2 --> [0, 3, 7, 2, 0, 2, 0, 0])
Transition([3, 1, 6, 0, 3, 0, 0, 0] -- checkSafeOk --> [3, 2, 6, 0, 0, 0, 0, 0])
Transition([0, 3, 7, 2, 0, 2, 0, 0] -- checkLiveDone --> [0, 4, 7, 0, 0, 0, 0, 0])
Transition([3, 2, 6, 0, 0, 0, 0, 0] -- startLiveCheck --> [3, 3, 6, 1, 0, 1, 0, 0])
Transition([0, 3, 5, 2, 0, 2, 0, 0] -- checkLiveDone --> [0, 4, 5, 0, 0, 0, 0, 0])
Transition([2, 2, 6, 0, 0, 0, 0, 0] -- startLiveCheck --> [2, 3, 6, 1, 0, 1, 0, 0])
Transition([0, 4, 5, 0, 0, 0, 0, 0] -- down --> [0, 104, 5, 0, 0, 0, 0, 0])
Transition([2, 3, 6, 1, 0, 1, 0, 0] -- 1.getPos.3.2 --> [2, 3, 6, 2, 0, 2, 0, 0])
Transition([0, 4, 5, 0, 0, 0, 0, 0] -- left --> [0, 38, 5, 0, 0, 0, 0, 0])
Transition([0, 4, 7, 0, 0, 0, 0, 0] -- down --> [0, 104, 7, 0, 0, 0, 0, 0])
Transition([0, 4, 5, 0, 0, 0, 0, 0] -- right --> [0, 5, 5, 0, 0, 0, 0, 0])
Transition([0, 4, 7, 0, 0, 0, 0, 0] -- left --> [0, 38, 7, 0, 0, 0, 0, 0])
Transition([0, 4, 5, 0, 0, 0, 0, 0] -- up --> [0, 71, 5, 0, 0, 0, 0, 0])
Transition([0, 4, 7, 0, 0, 0, 0, 0] -- right --> [0, 5, 7, 0, 0, 0, 0, 0])
Transition([3, 3, 6, 1, 0, 1, 0, 0] -- 1.getPos.2.3 --> [3, 3, 6, 2, 0, 2, 0, 0])
Transition([0, 4, 7, 0, 0, 0, 0, 0] -- up --> [0, 71, 7, 0, 0, 0, 0, 0])
Transition([3, 3, 6, 2, 0, 2, 0, 0] -- checkLiveDone --> [3, 4, 6, 0, 0, 0, 0, 0])
Transition([0, 71, 7, 0, 0, 0, 0, 0] -- 0.getPos.1.3 --> [0, 95, 7, 0, 0, 0, 0, 0])
Transition([0, 38, 5, 0, 0, 0, 0, 0] -- 0.getPos.3.1 --> [0, 59, 5, 0, 0, 0, 0, 0])
Transition([0, 5, 7, 0, 0, 0, 0, 0] -- 0.getPos.1.3 --> [0, 29, 7, 0, 0, 0, 0, 0])
Transition([0, 104, 5, 0, 0, 0, 0, 0] -- 0.getPos.3.1 --> [0, 125, 5, 0, 0, 0, 0, 0])
Transition([0, 38, 7, 0, 0, 0, 0, 0] -- 0.getPos.1.3 --> [0, 60, 7, 0, 0, 0, 0, 0])
Transition([2, 3, 6, 2, 0, 2, 0, 0] -- checkLiveDone --> [2, 4, 6, 0, 0, 0, 0, 0])
Transition([0, 71, 5, 0, 0, 0, 0, 0] -- 0.getPos.3.1 --> [0, 92, 5, 0, 0, 0, 0, 0])
Transition([0, 104, 7, 0, 0, 0, 0, 0] -- 0.getPos.1.3 --> [0, 126, 7, 0, 0, 0, 0, 0])
Transition([0, 5, 5, 0, 0, 0, 0, 0] -- 0.getPos.3.1 --> [0, 26, 5, 0, 0, 0, 0, 0])
Transition([0, 126, 7, 0, 0, 0, 0, 0] -- 0.setPos.2.3 --> [0, 0, 3, 0, 0, 0, 0, 0])
Transition([0, 26, 5, 0, 0, 0, 0, 0] -- 0.setPos.3.2 --> [0, 0, 2, 0, 0, 0, 0, 0])
Transition([0, 125, 5, 0, 0, 0, 0, 0] -- 0.setPos.4.1 --> [0, 0, 1, 0, 0, 0, 1, 0])
Transition([3, 4, 6, 0, 0, 0, 0, 0] -- down --> [3, 104, 6, 0, 0, 0, 0, 0])
Transition([0, 29, 7, 0, 0, 0, 0, 0] -- 0.setPos.1.4 --> [0, 0, 4, 0, 0, 0, 1, 0])
Transition([3, 4, 6, 0, 0, 0, 0, 0] -- left --> [3, 38, 6, 0, 0, 0, 0, 0])
Transition([0, 92, 5, 0, 0, 0, 0, 0] -- 0.setPos.2.1 --> [0, 0, 8, 0, 0, 0, 0, 0])
Transition([3, 4, 6, 0, 0, 0, 0, 0] -- right --> [3, 5, 6, 0, 0, 0, 0, 0])
Transition([0, 60, 7, 0, 0, 0, 0, 0] -- 0.setPos.1.2 --> [0, 0, 9, 0, 0, 0, 0, 0])
Transition([3, 4, 6, 0, 0, 0, 0, 0] -- up --> [3, 71, 6, 0, 0, 0, 0, 0])
Transition([2, 4, 6, 0, 0, 0, 0, 0] -- down --> [2, 104, 6, 0, 0, 0, 0, 0])
Transition([2, 4, 6, 0, 0, 0, 0, 0] -- left --> [2, 38, 6, 0, 0, 0, 0, 0])
Transition([2, 4, 6, 0, 0, 0, 0, 0] -- right --> [2, 5, 6, 0, 0, 0, 0, 0])
Transition([2, 4, 6, 0, 0, 0, 0, 0] -- up --> [2, 71, 6, 0, 0, 0, 0, 0])
Transition([0, 0, 4, 0, 0, 0, 1, 0] -- illegalPosition --> [0, 0, 4, 0, 0, 0, 1, 0])
Transition([2, 71, 6, 0, 0, 0, 0, 0] -- 0.getPos.2.2 --> [2, 79, 6, 0, 0, 0, 0, 0])
Transition([2, 5, 6, 0, 0, 0, 0, 0] -- 0.getPos.2.2 --> [2, 11, 6, 0, 0, 0, 0, 0])
Transition([0, 0, 2, 0, 0, 0, 0, 0] -- startSafeCheck --> [0, 1, 2, 0, 1, 0, 0, 0])
Transition([0, 0, 1, 0, 0, 0, 1, 0] -- illegalPosition --> [0, 0, 1, 0, 0, 0, 1, 0])
Transition([3, 104, 6, 0, 0, 0, 0, 0] -- 0.getPos.2.2 --> [3, 110, 6, 0, 0, 0, 0, 0])
Transition([2, 38, 6, 0, 0, 0, 0, 0] -- 0.getPos.2.2 --> [2, 46, 6, 0, 0, 0, 0, 0])
Transition([2, 104, 6, 0, 0, 0, 0, 0] -- 0.getPos.2.2 --> [2, 110, 6, 0, 0, 0, 0, 0])
Transition([3, 71, 6, 0, 0, 0, 0, 0] -- 0.getPos.2.2 --> [3, 79, 6, 0, 0, 0, 0, 0])
Transition([0, 0, 3, 0, 0, 0, 0, 0] -- startSafeCheck --> [0, 1, 3, 0, 1, 0, 0, 0])
Transition([3, 5, 6, 0, 0, 0, 0, 0] -- 0.getPos.2.2 --> [3, 11, 6, 0, 0, 0, 0, 0])
Transition([3, 38, 6, 0, 0, 0, 0, 0] -- 0.getPos.2.2 --> [3, 46, 6, 0, 0, 0, 0, 0])
Transition([3, 11, 6, 0, 0, 0, 0, 0] -- 0.setPos.2.3 --> [3, 0, 3, 0, 0, 0, 0, 0])
Transition([3, 46, 6, 0, 0, 0, 0, 0] -- 0.setPos.2.1 --> [3, 0, 8, 0, 0, 0, 0, 0])
Transition([3, 11, 6, 0, 0, 0, 0, 0] -- 1.getPos.2.3 --> [3, 12, 6, 0, 0, 0, 0, 0])
Transition([2, 46, 6, 0, 0, 0, 0, 0] -- 0.setPos.2.1 --> [2, 0, 8, 0, 0, 0, 0, 0])
Transition([0, 1, 2, 0, 1, 0, 0, 0] -- 0.getPos.3.2 --> [0, 1, 2, 0, 6, 0, 0, 0])
Transition([2, 79, 6, 0, 0, 0, 0, 0] -- 0.setPos.1.2 --> [2, 0, 9, 0, 0, 0, 0, 0])
Transition([2, 11, 6, 0, 0, 0, 0, 0] -- 0.setPos.2.3 --> [2, 0, 3, 0, 0, 0, 0, 0])
Transition([3, 110, 6, 0, 0, 0, 0, 0] -- 0.setPos.3.2 --> [3, 0, 2, 0, 0, 0, 0, 0])
Transition([0, 1, 3, 0, 1, 0, 0, 0] -- 0.getPos.2.3 --> [0, 1, 3, 0, 7, 0, 0, 0])
Transition([2, 110, 6, 0, 0, 0, 0, 0] -- 1.getPos.3.2 --> [2, 111, 6, 0, 0, 0, 0, 0])
Transition([3, 79, 6, 0, 0, 0, 0, 0] -- 0.setPos.1.2 --> [3, 0, 9, 0, 0, 0, 0, 0])
Transition([2, 110, 6, 0, 0, 0, 0, 0] -- 0.setPos.3.2 --> [2, 0, 2, 0, 0, 0, 0, 0])
Transition([3, 0, 9, 0, 0, 0, 0, 0] -- startSafeCheck --> [3, 1, 9, 0, 1, 0, 0, 0])
Transition([2, 0, 2, 0, 0, 0, 0, 0] -- startSafeCheck --> [2, 1, 2, 0, 1, 0, 0, 0])
Transition([2, 0, 9, 0, 0, 0, 0, 0] -- startSafeCheck --> [2, 1, 9, 0, 1, 0, 0, 0])
Transition([2, 0, 8, 0, 0, 0, 0, 0] -- startSafeCheck --> [2, 1, 8, 0, 1, 0, 0, 0])
Transition([3, 0, 8, 0, 0, 0, 0, 0] -- startSafeCheck --> [3, 1, 8, 0, 1, 0, 0, 0])
Transition([3, 12, 6, 0, 0, 0, 0, 0] -- 1.setPos.2.4 --> [15, 13, 6, 0, 0, 0, 0, 0])
Transition([0, 1, 2, 0, 6, 0, 0, 0] -- 1.getPos.2.2 --> [0, 1, 2, 0, 3, 0, 0, 0])
Transition([3, 0, 3, 0, 0, 0, 0, 0] -- startSafeCheck --> [3, 1, 3, 0, 1, 0, 0, 0])
Transition([2, 111, 6, 0, 0, 0, 0, 0] -- 1.setPos.4.2 --> [13, 112, 6, 0, 0, 0, 0, 0])
Transition([2, 0, 3, 0, 0, 0, 0, 0] -- startSafeCheck --> [2, 1, 3, 0, 1, 0, 0, 0])
Transition([0, 1, 3, 0, 7, 0, 0, 0] -- 1.getPos.2.2 --> [0, 1, 3, 0, 3, 0, 0, 0])
Transition([3, 0, 2, 0, 0, 0, 0, 0] -- startSafeCheck --> [3, 1, 2, 0, 1, 0, 0, 0])
Transition([0, 1, 3, 0, 3, 0, 0, 0] -- checkSafeOk --> [0, 2, 3, 0, 0, 0, 0, 0])
Transition([3, 1, 2, 0, 1, 0, 0, 0] -- 0.getPos.3.2 --> [3, 1, 2, 0, 6, 0, 0, 0])
Transition([0, 1, 2, 0, 3, 0, 0, 0] -- checkSafeOk --> [0, 2, 2, 0, 0, 0, 0, 0])
Transition([2, 1, 9, 0, 1, 0, 0, 0] -- 0.getPos.1.2 --> [2, 1, 9, 0, 18, 0, 0, 0])
Transition([3, 1, 9, 0, 1, 0, 0, 0] -- 0.getPos.1.2 --> [3, 1, 9, 0, 18, 0, 0, 0])
Transition([2, 1, 2, 0, 1, 0, 0, 0] -- 0.getPos.3.2 --> [2, 1, 2, 0, 6, 0, 0, 0])
Transition([15, 13, 6, 0, 0, 0, 0, 0] -- 0.setPos.2.3 --> [15, 0, 3, 0, 0, 0, 0, 0])
Transition([2, 1, 8, 0, 1, 0, 0, 0] -- 0.getPos.2.1 --> [2, 1, 8, 0, 17, 0, 0, 0])
Transition([3, 1, 8, 0, 1, 0, 0, 0] -- 0.getPos.2.1 --> [3, 1, 8, 0, 17, 0, 0, 0])
Transition([2, 1, 3, 0, 1, 0, 0, 0] -- 0.getPos.2.3 --> [2, 1, 3, 0, 7, 0, 0, 0])
Transition([3, 1, 3, 0, 1, 0, 0, 0] -- 0.getPos.2.3 --> [3, 1, 3, 0, 7, 0, 0, 0])
Transition([13, 112, 6, 0, 0, 0, 0, 0] -- 0.setPos.3.2 --> [13, 0, 2, 0, 0, 0, 0, 0])
Transition([3, 1, 3, 0, 7, 0, 0, 0] -- 1.getPos.2.3 --> [3, 1, 3, 0, 4, 0, 0, 0])
Transition([13, 0, 2, 0, 0, 0, 0, 0] -- startSafeCheck --> [13, 1, 2, 0, 1, 0, 0, 0])
Transition([3, 1, 9, 0, 18, 0, 0, 0] -- 1.getPos.2.3 --> [3, 1, 9, 0, 3, 0, 0, 0])
Transition([15, 0, 3, 0, 0, 0, 0, 0] -- startSafeCheck --> [15, 1, 3, 0, 1, 0, 0, 0])
Transition([0, 2, 2, 0, 0, 0, 0, 0] -- startLiveCheck --> [0, 3, 2, 1, 0, 1, 0, 0])
Transition([0, 2, 3, 0, 0, 0, 0, 0] -- startLiveCheck --> [0, 3, 3, 1, 0, 1, 0, 0])
Transition([3, 1, 2, 0, 6, 0, 0, 0] -- 1.getPos.2.3 --> [3, 1, 2, 0, 3, 0, 0, 0])
Transition([2, 1, 2, 0, 6, 0, 0, 0] -- 1.getPos.3.2 --> [2, 1, 2, 0, 4, 0, 0, 0])
Transition([2, 1, 9, 0, 18, 0, 0, 0] -- 1.getPos.3.2 --> [2, 1, 9, 0, 3, 0, 0, 0])
Transition([2, 1, 3, 0, 7, 0, 0, 0] -- 1.getPos.3.2 --> [2, 1, 3, 0, 3, 0, 0, 0])
Transition([2, 1, 8, 0, 17, 0, 0, 0] -- 1.getPos.3.2 --> [2, 1, 8, 0, 3, 0, 0, 0])
Transition([3, 1, 8, 0, 17, 0, 0, 0] -- 1.getPos.2.3 --> [3, 1, 8, 0, 3, 0, 0, 0])
Transition([2, 1, 8, 0, 3, 0, 0, 0] -- checkSafeOk --> [2, 2, 8, 0, 0, 0, 0, 0])
Transition([3, 1, 8, 0, 3, 0, 0, 0] -- checkSafeOk --> [3, 2, 8, 0, 0, 0, 0, 0])
Transition([3, 1, 2, 0, 3, 0, 0, 0] -- checkSafeOk --> [3, 2, 2, 0, 0, 0, 0, 0])
Transition([15, 1, 3, 0, 1, 0, 0, 0] -- 0.getPos.2.3 --> [15, 1, 3, 0, 7, 0, 0, 0])
Transition([13, 1, 2, 0, 1, 0, 0, 0] -- 0.getPos.3.2 --> [13, 1, 2, 0, 6, 0, 0, 0])
Transition([3, 1, 9, 0, 3, 0, 0, 0] -- checkSafeOk --> [3, 2, 9, 0, 0, 0, 0, 0])
Transition([0, 3, 3, 1, 0, 1, 0, 0] -- 1.getPos.2.2 --> [0, 3, 3, 2, 0, 2, 0, 0])
Transition([2, 1, 3, 0, 3, 0, 0, 0] -- checkSafeOk --> [2, 2, 3, 0, 0, 0, 0, 0])
Transition([0, 3, 2, 1, 0, 1, 0, 0] -- 1.getPos.2.2 --> [0, 3, 2, 2, 0, 2, 0, 0])
Transition([2, 1, 9, 0, 3, 0, 0, 0] -- checkSafeOk --> [2, 2, 9, 0, 0, 0, 0, 0])
Transition([0, 3, 2, 2, 0, 2, 0, 0] -- checkLiveDone --> [0, 4, 2, 0, 0, 0, 0, 0])
Transition([2, 2, 9, 0, 0, 0, 0, 0] -- startLiveCheck --> [2, 3, 9, 1, 0, 1, 0, 0])
Transition([13, 1, 2, 0, 6, 0, 0, 0] -- 1.getPos.4.2 --> [13, 1, 2, 0, 3, 0, 0, 0])
Transition([3, 2, 2, 0, 0, 0, 0, 0] -- startLiveCheck --> [3, 3, 2, 1, 0, 1, 0, 0])
Transition([2, 2, 8, 0, 0, 0, 0, 0] -- startLiveCheck --> [2, 3, 8, 1, 0, 1, 0, 0])
Transition([3, 2, 8, 0, 0, 0, 0, 0] -- startLiveCheck --> [3, 3, 8, 1, 0, 1, 0, 0])
Transition([15, 1, 3, 0, 7, 0, 0, 0] -- 1.getPos.2.4 --> [15, 1, 3, 0, 3, 0, 0, 0])
Transition([2, 2, 3, 0, 0, 0, 0, 0] -- startLiveCheck --> [2, 3, 3, 1, 0, 1, 0, 0])
Transition([3, 2, 9, 0, 0, 0, 0, 0] -- startLiveCheck --> [3, 3, 9, 1, 0, 1, 0, 0])
Transition([0, 3, 3, 2, 0, 2, 0, 0] -- checkLiveDone --> [0, 4, 3, 0, 0, 0, 0, 0])
Transition([3, 3, 9, 1, 0, 1, 0, 0] -- 1.getPos.2.3 --> [3, 3, 9, 2, 0, 2, 0, 0])
Transition([0, 4, 3, 0, 0, 0, 0, 0] -- down --> [0, 104, 3, 0, 0, 0, 0, 0])
Transition([2, 3, 8, 1, 0, 1, 0, 0] -- 1.getPos.3.2 --> [2, 3, 8, 2, 0, 2, 0, 0])
Transition([0, 4, 3, 0, 0, 0, 0, 0] -- left --> [0, 38, 3, 0, 0, 0, 0, 0])
Transition([13, 1, 2, 0, 3, 0, 0, 0] -- checkSafeOk --> [13, 2, 2, 0, 0, 0, 0, 0])
Transition([0, 4, 3, 0, 0, 0, 0, 0] -- right --> [0, 5, 3, 0, 0, 0, 0, 0])
Transition([0, 4, 2, 0, 0, 0, 0, 0] -- down --> [0, 104, 2, 0, 0, 0, 0, 0])
Transition([0, 4, 3, 0, 0, 0, 0, 0] -- up --> [0, 71, 3, 0, 0, 0, 0, 0])
Transition([0, 4, 2, 0, 0, 0, 0, 0] -- left --> [0, 38, 2, 0, 0, 0, 0, 0])
Transition([2, 3, 9, 1, 0, 1, 0, 0] -- 1.getPos.3.2 --> [2, 3, 9, 2, 0, 2, 0, 0])
Transition([0, 4, 2, 0, 0, 0, 0, 0] -- right --> [0, 5, 2, 0, 0, 0, 0, 0])
Transition([3, 3, 2, 1, 0, 1, 0, 0] -- 1.getPos.2.3 --> [3, 3, 2, 2, 0, 2, 0, 0])
Transition([0, 4, 2, 0, 0, 0, 0, 0] -- up --> [0, 71, 2, 0, 0, 0, 0, 0])
Transition([2, 3, 3, 1, 0, 1, 0, 0] -- 1.getPos.3.2 --> [2, 3, 3, 2, 0, 2, 0, 0])
Transition([3, 3, 8, 1, 0, 1, 0, 0] -- 1.getPos.2.3 --> [3, 3, 8, 2, 0, 2, 0, 0])
Transition([15, 1, 3, 0, 3, 0, 0, 0] -- checkSafeOk --> [15, 2, 3, 0, 0, 0, 0, 0])
Transition([3, 3, 8, 2, 0, 2, 0, 0] -- checkLiveDone --> [3, 4, 8, 0, 0, 0, 0, 0])
Transition([15, 2, 3, 0, 0, 0, 0, 0] -- startLiveCheck --> [15, 3, 3, 1, 0, 1, 0, 0])
Transition([3, 3, 9, 2, 0, 2, 0, 0] -- checkLiveDone --> [3, 4, 9, 0, 0, 0, 0, 0])
Transition([2, 3, 9, 2, 0, 2, 0, 0] -- checkLiveDone --> [2, 4, 9, 0, 0, 0, 0, 0])
Transition([13, 2, 2, 0, 0, 0, 0, 0] -- startLiveCheck --> [13, 3, 2, 1, 0, 1, 0, 0])
Transition([2, 3, 8, 2, 0, 2, 0, 0] -- checkLiveDone --> [2, 4, 8, 0, 0, 0, 0, 0])
Transition([0, 71, 3, 0, 0, 0, 0, 0] -- 0.getPos.2.3 --> [0, 78, 3, 0, 0, 0, 0, 0])
Transition([0, 104, 3, 0, 0, 0, 0, 0] -- 0.getPos.2.3 --> [0, 107, 3, 0, 0, 0, 0, 0])
Transition([0, 38, 3, 0, 0, 0, 0, 0] -- 0.getPos.2.3 --> [0, 43, 3, 0, 0, 0, 0, 0])
Transition([2, 3, 3, 2, 0, 2, 0, 0] -- checkLiveDone --> [2, 4, 3, 0, 0, 0, 0, 0])
Transition([3, 3, 2, 2, 0, 2, 0, 0] -- checkLiveDone --> [3, 4, 2, 0, 0, 0, 0, 0])
Transition([0, 5, 3, 0, 0, 0, 0, 0] -- 0.getPos.2.3 --> [0, 10, 3, 0, 0, 0, 0, 0])
Transition([0, 104, 2, 0, 0, 0, 0, 0] -- 0.getPos.3.2 --> [0, 121, 2, 0, 0, 0, 0, 0])
Transition([0, 71, 2, 0, 0, 0, 0, 0] -- 0.getPos.3.2 --> [0, 88, 2, 0, 0, 0, 0, 0])
Transition([0, 38, 2, 0, 0, 0, 0, 0] -- 0.getPos.3.2 --> [0, 55, 2, 0, 0, 0, 0, 0])
Transition([0, 5, 2, 0, 0, 0, 0, 0] -- 0.getPos.3.2 --> [0, 22, 2, 0, 0, 0, 0, 0])
Transition([0, 55, 2, 0, 0, 0, 0, 0] -- 0.setPos.3.1 --> [0, 0, 5, 0, 0, 0, 0, 0])
Transition([0, 22, 2, 0, 0, 0, 0, 0] -- 0.setPos.3.3 --> [0, 0, 14, 0, 0, 0, 0, 0])
Transition([0, 10, 3, 0, 0, 0, 0, 0] -- 0.setPos.2.4 --> [0, 0, 15, 0, 0, 0, 0, 0])
Transition([0, 78, 3, 0, 0, 0, 0, 0] -- 0.setPos.1.3 --> [0, 0, 7, 0, 0, 0, 0, 0])
Transition([3, 4, 9, 0, 0, 0, 0, 0] -- down --> [3, 104, 9, 0, 0, 0, 0, 0])
Transition([3, 4, 2, 0, 0, 0, 0, 0] -- down --> [3, 104, 2, 0, 0, 0, 0, 0])
Transition([3, 4, 9, 0, 0, 0, 0, 0] -- left --> [3, 38, 9, 0, 0, 0, 0, 0])
Transition([3, 4, 8, 0, 0, 0, 0, 0] -- down --> [3, 104, 8, 0, 0, 0, 0, 0])
Transition([15, 3, 3, 1, 0, 1, 0, 0] -- 1.getPos.2.4 --> [15, 3, 3, 2, 0, 2, 0, 0])
Transition([3, 4, 2, 0, 0, 0, 0, 0] -- left --> [3, 38, 2, 0, 0, 0, 0, 0])
Transition([3, 4, 9, 0, 0, 0, 0, 0] -- right --> [3, 5, 9, 0, 0, 0, 0, 0])
Transition([3, 4, 8, 0, 0, 0, 0, 0] -- left --> [3, 38, 8, 0, 0, 0, 0, 0])
Transition([3, 4, 9, 0, 0, 0, 0, 0] -- up --> [3, 71, 9, 0, 0, 0, 0, 0])
Transition([3, 4, 8, 0, 0, 0, 0, 0] -- right --> [3, 5, 8, 0, 0, 0, 0, 0])
Transition([3, 4, 2, 0, 0, 0, 0, 0] -- right --> [3, 5, 2, 0, 0, 0, 0, 0])
Transition([3, 4, 8, 0, 0, 0, 0, 0] -- up --> [3, 71, 8, 0, 0, 0, 0, 0])
Transition([3, 4, 2, 0, 0, 0, 0, 0] -- up --> [3, 71, 2, 0, 0, 0, 0, 0])
Transition([2, 4, 8, 0, 0, 0, 0, 0] -- down --> [2, 104, 8, 0, 0, 0, 0, 0])
Transition([2, 4, 9, 0, 0, 0, 0, 0] -- down --> [2, 104, 9, 0, 0, 0, 0, 0])
Transition([2, 4, 8, 0, 0, 0, 0, 0] -- left --> [2, 38, 8, 0, 0, 0, 0, 0])
Transition([2, 4, 9, 0, 0, 0, 0, 0] -- left --> [2, 38, 9, 0, 0, 0, 0, 0])
Transition([2, 4, 8, 0, 0, 0, 0, 0] -- right --> [2, 5, 8, 0, 0, 0, 0, 0])
Transition([2, 4, 9, 0, 0, 0, 0, 0] -- right --> [2, 5, 9, 0, 0, 0, 0, 0])
Transition([13, 3, 2, 1, 0, 1, 0, 0] -- 1.getPos.4.2 --> [13, 3, 2, 3, 0, 3, 0, 0])
Transition([2, 4, 9, 0, 0, 0, 0, 0] -- up --> [2, 71, 9, 0, 0, 0, 0, 0])
Transition([0, 88, 2, 0, 0, 0, 0, 0] -- 1.getPos.2.2 --> [0, 89, 2, 0, 0, 0, 0, 0])
Transition([2, 4, 3, 0, 0, 0, 0, 0] -- down --> [2, 104, 3, 0, 0, 0, 0, 0])
Transition([0, 107, 3, 0, 0, 0, 0, 0] -- 0.setPos.3.3 --> [0, 0, 14, 0, 0, 0, 0, 0])
Transition([2, 4, 3, 0, 0, 0, 0, 0] -- left --> [2, 38, 3, 0, 0, 0, 0, 0])
Transition([0, 43, 3, 0, 0, 0, 0, 0] -- 1.getPos.2.2 --> [0, 44, 3, 0, 0, 0, 0, 0])
Transition([2, 4, 3, 0, 0, 0, 0, 0] -- right --> [2, 5, 3, 0, 0, 0, 0, 0])
Transition([0, 43, 3, 0, 0, 0, 0, 0] -- 0.setPos.2.2 --> [0, 0, 6, 0, 0, 0, 0, 0])
Transition([2, 4, 3, 0, 0, 0, 0, 0] -- up --> [2, 71, 3, 0, 0, 0, 0, 0])
Transition([0, 121, 2, 0, 0, 0, 0, 0] -- 0.setPos.4.2 --> [0, 0, 13, 0, 0, 0, 0, 0])
Transition([2, 4, 8, 0, 0, 0, 0, 0] -- up --> [2, 71, 8, 0, 0, 0, 0, 0])
Transition([0, 88, 2, 0, 0, 0, 0, 0] -- 0.setPos.2.2 --> [0, 0, 6, 0, 0, 0, 0, 0])
Transition([2, 71, 8, 0, 0, 0, 0, 0] -- 0.getPos.2.1 --> [2, 87, 8, 0, 0, 0, 0, 0])
Transition([0, 44, 3, 0, 0, 0, 0, 0] -- 1.setPos.2.1 --> [7, 45, 3, 0, 0, 0, 0, 0])
Transition([0, 0, 14, 0, 0, 0, 0, 0] -- startSafeCheck --> [0, 1, 14, 0, 1, 0, 0, 0])
Transition([3, 38, 9, 0, 0, 0, 0, 0] -- 0.getPos.1.2 --> [3, 69, 9, 0, 0, 0, 0, 0])
Transition([3, 104, 9, 0, 0, 0, 0, 0] -- 0.getPos.1.2 --> [3, 131, 9, 0, 0, 0, 0, 0])
Transition([0, 0, 15, 0, 0, 0, 0, 0] -- startSafeCheck --> [0, 1, 15, 0, 1, 0, 0, 0])
Transition([3, 104, 8, 0, 0, 0, 0, 0] -- 0.getPos.2.1 --> [3, 118, 8, 0, 0, 0, 0, 0])
Transition([15, 3, 3, 2, 0, 2, 0, 0] -- checkLiveDone --> [15, 4, 3, 0, 0, 0, 0, 0])
Transition([3, 38, 2, 0, 0, 0, 0, 0] -- 0.getPos.3.2 --> [3, 55, 2, 0, 0, 0, 0, 0])
Transition([3, 5, 9, 0, 0, 0, 0, 0] -- 0.getPos.1.2 --> [3, 32, 9, 0, 0, 0, 0, 0])
Transition([3, 71, 2, 0, 0, 0, 0, 0] -- 0.getPos.3.2 --> [3, 88, 2, 0, 0, 0, 0, 0])
Transition([3, 71, 9, 0, 0, 0, 0, 0] -- 0.getPos.1.2 --> [3, 102, 9, 0, 0, 0, 0, 0])
Transition([3, 38, 8, 0, 0, 0, 0, 0] -- 0.getPos.2.1 --> [3, 54, 8, 0, 0, 0, 0, 0])
Transition([2, 38, 3, 0, 0, 0, 0, 0] -- 0.getPos.2.3 --> [2, 43, 3, 0, 0, 0, 0, 0])
Transition([0, 89, 2, 0, 0, 0, 0, 0] -- 1.setPos.1.2 --> [8, 90, 2, 0, 0, 0, 0, 0])
Transition([3, 5, 8, 0, 0, 0, 0, 0] -- 0.getPos.2.1 --> [3, 19, 8, 0, 0, 0, 0, 0])
Transition([3, 71, 8, 0, 0, 0, 0, 0] -- 0.getPos.2.1 --> [3, 87, 8, 0, 0, 0, 0, 0])
Transition([3, 5, 2, 0, 0, 0, 0, 0] -- 0.getPos.3.2 --> [3, 22, 2, 0, 0, 0, 0, 0])
Transition([2, 104, 8, 0, 0, 0, 0, 0] -- 0.getPos.2.1 --> [2, 118, 8, 0, 0, 0, 0, 0])
Transition([0, 0, 13, 0, 0, 0, 0, 0] -- startSafeCheck --> [0, 1, 13, 0, 1, 0, 0, 0])
Transition([3, 104, 2, 0, 0, 0, 0, 0] -- 0.getPos.3.2 --> [3, 121, 2, 0, 0, 0, 0, 0])
Transition([13, 3, 2, 3, 0, 3, 0, 0] -- win --> [13, 3, 2, 3, 0, 3, 0, 1])
Transition([2, 104, 9, 0, 0, 0, 0, 0] -- 0.getPos.1.2 --> [2, 131, 9, 0, 0, 0, 0, 0])
Transition([2, 38, 8, 0, 0, 0, 0, 0] -- 0.getPos.2.1 --> [2, 54, 8, 0, 0, 0, 0, 0])
Transition([2, 71, 9, 0, 0, 0, 0, 0] -- 0.getPos.1.2 --> [2, 102, 9, 0, 0, 0, 0, 0])
Transition([2, 5, 9, 0, 0, 0, 0, 0] -- 0.getPos.1.2 --> [2, 32, 9, 0, 0, 0, 0, 0])
Transition([2, 38, 9, 0, 0, 0, 0, 0] -- 0.getPos.1.2 --> [2, 69, 9, 0, 0, 0, 0, 0])
Transition([2, 5, 8, 0, 0, 0, 0, 0] -- 0.getPos.2.1 --> [2, 19, 8, 0, 0, 0, 0, 0])
Transition([2, 71, 3, 0, 0, 0, 0, 0] -- 0.getPos.2.3 --> [2, 78, 3, 0, 0, 0, 0, 0])
Transition([2, 104, 3, 0, 0, 0, 0, 0] -- 0.getPos.2.3 --> [2, 107, 3, 0, 0, 0, 0, 0])
Transition([2, 5, 3, 0, 0, 0, 0, 0] -- 0.getPos.2.3 --> [2, 10, 3, 0, 0, 0, 0, 0])
Transition([2, 107, 3, 0, 0, 0, 0, 0] -- 0.setPos.3.3 --> [2, 0, 14, 0, 0, 0, 0, 0])
Transition([2, 10, 3, 0, 0, 0, 0, 0] -- 0.setPos.2.4 --> [2, 0, 15, 0, 0, 0, 0, 0])
Transition([3, 87, 8, 0, 0, 0, 0, 0] -- 0.setPos.1.1 --> [3, 0, 0, 0, 0, 0, 0, 0])
Transition([3, 118, 8, 0, 0, 0, 0, 0] -- 0.setPos.3.1 --> [3, 0, 5, 0, 0, 0, 0, 0])
Transition([0, 1, 14, 0, 1, 0, 0, 0] -- 0.getPos.3.3 --> [0, 1, 14, 0, 15, 0, 0, 0])
Transition([2, 87, 8, 0, 0, 0, 0, 0] -- 0.setPos.1.1 --> [2, 0, 0, 0, 0, 0, 0, 0])
Transition([7, 45, 3, 0, 0, 0, 0, 0] -- 0.setPos.2.2 --> [7, 0, 6, 0, 0, 0, 0, 0])
Transition([0, 1, 15, 0, 1, 0, 0, 0] -- 0.getPos.2.4 --> [0, 1, 15, 0, 16, 0, 0, 0])
Transition([3, 69, 9, 0, 0, 0, 0, 0] -- 0.setPos.1.1 --> [3, 0, 0, 0, 0, 0, 0, 0])
Transition([3, 131, 9, 0, 0, 0, 0, 0] -- 0.setPos.2.2 --> [3, 0, 6, 0, 0, 0, 0, 0])
Transition([3, 121, 2, 0, 0, 0, 0, 0] -- 0.setPos.4.2 --> [3, 0, 13, 0, 0, 0, 0, 0])
Transition([2, 118, 8, 0, 0, 0, 0, 0] -- 0.setPos.3.1 --> [2, 0, 5, 0, 0, 0, 0, 0])
Transition([3, 19, 8, 0, 0, 0, 0, 0] -- 0.setPos.2.2 --> [3, 0, 6, 0, 0, 0, 0, 0])
Transition([3, 32, 9, 0, 0, 0, 0, 0] -- 0.setPos.1.3 --> [3, 0, 7, 0, 0, 0, 0, 0])
Transition([3, 22, 2, 0, 0, 0, 0, 0] -- 0.setPos.3.3 --> [3, 0, 14, 0, 0, 0, 0, 0])
Transition([15, 4, 3, 0, 0, 0, 0, 0] -- down --> [15, 104, 3, 0, 0, 0, 0, 0])
Transition([3, 55, 2, 0, 0, 0, 0, 0] -- 0.setPos.3.1 --> [3, 0, 5, 0, 0, 0, 0, 0])
Transition([15, 4, 3, 0, 0, 0, 0, 0] -- left --> [15, 38, 3, 0, 0, 0, 0, 0])
Transition([8, 90, 2, 0, 0, 0, 0, 0] -- 0.setPos.2.2 --> [8, 0, 6, 0, 0, 0, 0, 0])
Transition([15, 4, 3, 0, 0, 0, 0, 0] -- right --> [15, 5, 3, 0, 0, 0, 0, 0])
Transition([3, 88, 2, 0, 0, 0, 0, 0] -- 0.setPos.2.2 --> [3, 0, 6, 0, 0, 0, 0, 0])
Transition([15, 4, 3, 0, 0, 0, 0, 0] -- up --> [15, 71, 3, 0, 0, 0, 0, 0])
Transition([2, 43, 3, 0, 0, 0, 0, 0] -- 0.setPos.2.2 --> [2, 0, 6, 0, 0, 0, 0, 0])
Transition([2, 78, 3, 0, 0, 0, 0, 0] -- 0.setPos.1.3 --> [2, 0, 7, 0, 0, 0, 0, 0])
Transition([13, 3, 2, 3, 0, 3, 0, 1] -- win --> [13, 3, 2, 3, 0, 3, 0, 1])
