Transition([0, 0, 0, 0, 0, 0, 0, 0] -- startSafeCheck --> [0, 1, 0, 0, 1, 0, 0, 0])
Transition([0, 1, 0, 0, 1, 0, 0, 0] -- 0.getPos.1.1 --> [0, 1, 0, 0, 31, 0, 0, 0])
Transition([0, 1, 0, 0, 31, 0, 0, 0] -- 1.getPos.2.2 --> [0, 1, 0, 0, 3, 0, 0, 0])
Transition([0, 1, 0, 0, 3, 0, 0, 0] -- checkSafeOk --> [0, 2, 0, 0, 0, 0, 0, 0])
Transition([0, 2, 0, 0, 0, 0, 0, 0] -- startLiveCheck --> [0, 3, 0, 1, 0, 1, 0, 0])
Transition([0, 3, 0, 1, 0, 1, 0, 0] -- 1.getPos.2.2 --> [0, 3, 0, 2, 0, 2, 0, 0])
Transition([0, 3, 0, 2, 0, 2, 0, 0] -- checkLiveDone --> [0, 4, 0, 0, 0, 0, 0, 0])
Transition([0, 4, 0, 0, 0, 0, 0, 0] -- down --> [0, 125, 0, 0, 0, 0, 0, 0])
Transition([0, 4, 0, 0, 0, 0, 0, 0] -- left --> [0, 365, 0, 0, 0, 0, 0, 0])
Transition([0, 4, 0, 0, 0, 0, 0, 0] -- right --> [0, 245, 0, 0, 0, 0, 0, 0])
Transition([0, 4, 0, 0, 0, 0, 0, 0] -- up --> [0, 5, 0, 0, 0, 0, 0, 0])
Transition([0, 365, 0, 0, 0, 0, 0, 0] -- 0.getPos.1.1 --> [0, 399, 0, 0, 0, 0, 0, 0])
Transition([0, 5, 0, 0, 0, 0, 0, 0] -- 0.getPos.1.1 --> [0, 19, 0, 0, 0, 0, 0, 0])
Transition([0, 245, 0, 0, 0, 0, 0, 0] -- 0.getPos.1.1 --> [0, 277, 0, 0, 0, 0, 0, 0])
Transition([0, 125, 0, 0, 0, 0, 0, 0] -- 0.getPos.1.1 --> [0, 165, 0, 0, 0, 0, 0, 0])
Transition([0, 277, 0, 0, 0, 0, 0, 0] -- 0.setPos.1.2 --> [0, 0, 20, 0, 0, 0, 0, 0])
Transition([0, 165, 0, 0, 0, 0, 0, 0] -- 0.setPos.2.1 --> [0, 0, 7, 0, 0, 0, 0, 0])
Transition([0, 0, 20, 0, 0, 0, 0, 0] -- startSafeCheck --> [0, 1, 20, 0, 1, 0, 0, 0])
Transition([0, 0, 7, 0, 0, 0, 0, 0] -- startSafeCheck --> [0, 1, 7, 0, 1, 0, 0, 0])
Transition([0, 1, 20, 0, 1, 0, 0, 0] -- 0.getPos.1.2 --> [0, 1, 20, 0, 30, 0, 0, 0])
Transition([0, 1, 7, 0, 1, 0, 0, 0] -- 0.getPos.2.1 --> [0, 1, 7, 0, 17, 0, 0, 0])
Transition([0, 1, 20, 0, 30, 0, 0, 0] -- 1.getPos.2.2 --> [0, 1, 20, 0, 3, 0, 0, 0])
Transition([0, 1, 7, 0, 17, 0, 0, 0] -- 1.getPos.2.2 --> [0, 1, 7, 0, 3, 0, 0, 0])
Transition([0, 1, 20, 0, 3, 0, 0, 0] -- checkSafeOk --> [0, 2, 20, 0, 0, 0, 0, 0])
Transition([0, 1, 7, 0, 3, 0, 0, 0] -- checkSafeOk --> [0, 2, 7, 0, 0, 0, 0, 0])
Transition([0, 2, 20, 0, 0, 0, 0, 0] -- startLiveCheck --> [0, 3, 20, 1, 0, 1, 0, 0])
Transition([0, 2, 7, 0, 0, 0, 0, 0] -- startLiveCheck --> [0, 3, 7, 1, 0, 1, 0, 0])
Transition([0, 3, 20, 1, 0, 1, 0, 0] -- 1.getPos.2.2 --> [0, 3, 20, 2, 0, 2, 0, 0])
Transition([0, 3, 7, 1, 0, 1, 0, 0] -- 1.getPos.2.2 --> [0, 3, 7, 2, 0, 2, 0, 0])
Transition([0, 3, 20, 2, 0, 2, 0, 0] -- checkLiveDone --> [0, 4, 20, 0, 0, 0, 0, 0])
Transition([0, 3, 7, 2, 0, 2, 0, 0] -- checkLiveDone --> [0, 4, 7, 0, 0, 0, 0, 0])
Transition([0, 4, 20, 0, 0, 0, 0, 0] -- down --> [0, 125, 20, 0, 0, 0, 0, 0])
Transition([0, 4, 7, 0, 0, 0, 0, 0] -- down --> [0, 125, 7, 0, 0, 0, 0, 0])
Transition([0, 4, 20, 0, 0, 0, 0, 0] -- left --> [0, 365, 20, 0, 0, 0, 0, 0])
Transition([0, 4, 7, 0, 0, 0, 0, 0] -- left --> [0, 365, 7, 0, 0, 0, 0, 0])
Transition([0, 4, 20, 0, 0, 0, 0, 0] -- right --> [0, 245, 20, 0, 0, 0, 0, 0])
Transition([0, 4, 7, 0, 0, 0, 0, 0] -- right --> [0, 245, 7, 0, 0, 0, 0, 0])
Transition([0, 4, 20, 0, 0, 0, 0, 0] -- up --> [0, 5, 20, 0, 0, 0, 0, 0])
Transition([0, 4, 7, 0, 0, 0, 0, 0] -- up --> [0, 5, 7, 0, 0, 0, 0, 0])
Transition([0, 5, 20, 0, 0, 0, 0, 0] -- 0.getPos.1.2 --> [0, 18, 20, 0, 0, 0, 0, 0])
Transition([0, 5, 7, 0, 0, 0, 0, 0] -- 0.getPos.2.1 --> [0, 12, 7, 0, 0, 0, 0, 0])
Transition([0, 245, 7, 0, 0, 0, 0, 0] -- 0.getPos.2.1 --> [0, 260, 7, 0, 0, 0, 0, 0])
Transition([0, 365, 20, 0, 0, 0, 0, 0] -- 0.getPos.1.2 --> [0, 398, 20, 0, 0, 0, 0, 0])
Transition([0, 125, 20, 0, 0, 0, 0, 0] -- 0.getPos.1.2 --> [0, 162, 20, 0, 0, 0, 0, 0])
Transition([0, 365, 7, 0, 0, 0, 0, 0] -- 0.getPos.2.1 --> [0, 382, 7, 0, 0, 0, 0, 0])
Transition([0, 125, 7, 0, 0, 0, 0, 0] -- 0.getPos.2.1 --> [0, 144, 7, 0, 0, 0, 0, 0])
Transition([0, 245, 20, 0, 0, 0, 0, 0] -- 0.getPos.1.2 --> [0, 274, 20, 0, 0, 0, 0, 0])
Transition([0, 144, 7, 0, 0, 0, 0, 0] -- 0.setPos.3.1 --> [0, 0, 42, 0, 0, 0, 0, 0])
Transition([0, 274, 20, 0, 0, 0, 0, 0] -- 0.setPos.1.3 --> [0, 0, 19, 0, 0, 0, 0, 0])
Transition([0, 398, 20, 0, 0, 0, 0, 0] -- 0.setPos.1.1 --> [0, 0, 0, 0, 0, 0, 0, 0])
Transition([0, 12, 7, 0, 0, 0, 0, 0] -- 0.setPos.1.1 --> [0, 0, 0, 0, 0, 0, 0, 0])
Transition([0, 260, 7, 0, 0, 0, 0, 0] -- 0.setPos.2.2 --> [0, 0, 6, 0, 0, 0, 0, 0])
Transition([0, 162, 20, 0, 0, 0, 0, 0] -- 0.setPos.2.2 --> [0, 0, 6, 0, 0, 0, 0, 0])
Transition([0, 260, 7, 0, 0, 0, 0, 0] -- 1.getPos.2.2 --> [0, 261, 7, 0, 0, 0, 0, 0])
Transition([0, 162, 20, 0, 0, 0, 0, 0] -- 1.getPos.2.2 --> [0, 163, 20, 0, 0, 0, 0, 0])
Transition([0, 261, 7, 0, 0, 0, 0, 0] -- 1.setPos.2.3 --> [5, 262, 7, 0, 0, 0, 0, 0])
Transition([0, 163, 20, 0, 0, 0, 0, 0] -- 1.setPos.3.2 --> [41, 164, 20, 0, 0, 0, 0, 0])
Transition([0, 0, 19, 0, 0, 0, 0, 0] -- startSafeCheck --> [0, 1, 19, 0, 1, 0, 0, 0])
Transition([0, 0, 6, 0, 0, 0, 0, 0] -- startSafeCheck --> [0, 1, 6, 0, 1, 0, 0, 0])
Transition([0, 0, 42, 0, 0, 0, 0, 0] -- startSafeCheck --> [0, 1, 42, 0, 1, 0, 0, 0])
Transition([0, 1, 6, 0, 1, 0, 0, 0] -- 0.getPos.2.2 --> [0, 1, 6, 0, 13, 0, 0, 0])
Transition([0, 1, 42, 0, 1, 0, 0, 0] -- 0.getPos.3.1 --> [0, 1, 42, 0, 50, 0, 0, 0])
Transition([41, 164, 20, 0, 0, 0, 0, 0] -- 0.setPos.2.2 --> [41, 0, 6, 0, 0, 0, 0, 0])
Transition([5, 262, 7, 0, 0, 0, 0, 0] -- 0.setPos.2.2 --> [5, 0, 6, 0, 0, 0, 0, 0])
Transition([0, 1, 19, 0, 1, 0, 0, 0] -- 0.getPos.1.3 --> [0, 1, 19, 0, 25, 0, 0, 0])
Transition([5, 0, 6, 0, 0, 0, 0, 0] -- startSafeCheck --> [5, 1, 6, 0, 1, 0, 0, 0])
Transition([0, 1, 19, 0, 25, 0, 0, 0] -- 1.getPos.2.2 --> [0, 1, 19, 0, 3, 0, 0, 0])
Transition([0, 1, 42, 0, 50, 0, 0, 0] -- 1.getPos.2.2 --> [0, 1, 42, 0, 3, 0, 0, 0])
Transition([0, 1, 6, 0, 13, 0, 0, 0] -- 1.getPos.2.2 --> [0, 1, 6, 0, 4, 0, 0, 0])
Transition([41, 0, 6, 0, 0, 0, 0, 0] -- startSafeCheck --> [41, 1, 6, 0, 1, 0, 0, 0])
Transition([5, 1, 6, 0, 1, 0, 0, 0] -- 0.getPos.2.2 --> [5, 1, 6, 0, 13, 0, 0, 0])
Transition([41, 1, 6, 0, 1, 0, 0, 0] -- 0.getPos.2.2 --> [41, 1, 6, 0, 13, 0, 0, 0])
Transition([0, 1, 19, 0, 3, 0, 0, 0] -- checkSafeOk --> [0, 2, 19, 0, 0, 0, 0, 0])
Transition([0, 1, 42, 0, 3, 0, 0, 0] -- checkSafeOk --> [0, 2, 42, 0, 0, 0, 0, 0])
Transition([0, 2, 19, 0, 0, 0, 0, 0] -- startLiveCheck --> [0, 3, 19, 1, 0, 1, 0, 0])
Transition([0, 2, 42, 0, 0, 0, 0, 0] -- startLiveCheck --> [0, 3, 42, 1, 0, 1, 0, 0])
Transition([5, 1, 6, 0, 13, 0, 0, 0] -- 1.getPos.2.3 --> [5, 1, 6, 0, 3, 0, 0, 0])
Transition([41, 1, 6, 0, 13, 0, 0, 0] -- 1.getPos.3.2 --> [41, 1, 6, 0, 3, 0, 0, 0])
Transition([5, 1, 6, 0, 3, 0, 0, 0] -- checkSafeOk --> [5, 2, 6, 0, 0, 0, 0, 0])
Transition([41, 1, 6, 0, 3, 0, 0, 0] -- checkSafeOk --> [41, 2, 6, 0, 0, 0, 0, 0])
Transition([0, 3, 19, 1, 0, 1, 0, 0] -- 1.getPos.2.2 --> [0, 3, 19, 2, 0, 2, 0, 0])
Transition([0, 3, 42, 1, 0, 1, 0, 0] -- 1.getPos.2.2 --> [0, 3, 42, 2, 0, 2, 0, 0])
Transition([0, 3, 19, 2, 0, 2, 0, 0] -- checkLiveDone --> [0, 4, 19, 0, 0, 0, 0, 0])
Transition([0, 3, 42, 2, 0, 2, 0, 0] -- checkLiveDone --> [0, 4, 42, 0, 0, 0, 0, 0])
Transition([5, 2, 6, 0, 0, 0, 0, 0] -- startLiveCheck --> [5, 3, 6, 1, 0, 1, 0, 0])
Transition([41, 2, 6, 0, 0, 0, 0, 0] -- startLiveCheck --> [41, 3, 6, 1, 0, 1, 0, 0])
Transition([5, 3, 6, 1, 0, 1, 0, 0] -- 1.getPos.2.3 --> [5, 3, 6, 2, 0, 2, 0, 0])
Transition([41, 3, 6, 1, 0, 1, 0, 0] -- 1.getPos.3.2 --> [41, 3, 6, 2, 0, 2, 0, 0])
Transition([0, 4, 19, 0, 0, 0, 0, 0] -- down --> [0, 125, 19, 0, 0, 0, 0, 0])
Transition([0, 4, 42, 0, 0, 0, 0, 0] -- down --> [0, 125, 42, 0, 0, 0, 0, 0])
Transition([0, 4, 19, 0, 0, 0, 0, 0] -- left --> [0, 365, 19, 0, 0, 0, 0, 0])
Transition([0, 4, 42, 0, 0, 0, 0, 0] -- left --> [0, 365, 42, 0, 0, 0, 0, 0])
Transition([0, 4, 19, 0, 0, 0, 0, 0] -- right --> [0, 245, 19, 0, 0, 0, 0, 0])
Transition([0, 4, 42, 0, 0, 0, 0, 0] -- right --> [0, 245, 42, 0, 0, 0, 0, 0])
Transition([0, 4, 19, 0, 0, 0, 0, 0] -- up --> [0, 5, 19, 0, 0, 0, 0, 0])
Transition([0, 4, 42, 0, 0, 0, 0, 0] -- up --> [0, 5, 42, 0, 0, 0, 0, 0])
Transition([0, 5, 19, 0, 0, 0, 0, 0] -- 0.getPos.1.3 --> [0, 15, 19, 0, 0, 0, 0, 0])
Transition([0, 5, 42, 0, 0, 0, 0, 0] -- 0.getPos.3.1 --> [0, 116, 42, 0, 0, 0, 0, 0])
Transition([0, 245, 42, 0, 0, 0, 0, 0] -- 0.getPos.3.1 --> [0, 356, 42, 0, 0, 0, 0, 0])
Transition([0, 125, 42, 0, 0, 0, 0, 0] -- 0.getPos.3.1 --> [0, 236, 42, 0, 0, 0, 0, 0])
Transition([0, 125, 19, 0, 0, 0, 0, 0] -- 0.getPos.1.3 --> [0, 153, 19, 0, 0, 0, 0, 0])
Transition([0, 245, 19, 0, 0, 0, 0, 0] -- 0.getPos.1.3 --> [0, 267, 19, 0, 0, 0, 0, 0])
Transition([5, 3, 6, 2, 0, 2, 0, 0] -- checkLiveDone --> [5, 4, 6, 0, 0, 0, 0, 0])
Transition([41, 3, 6, 2, 0, 2, 0, 0] -- checkLiveDone --> [41, 4, 6, 0, 0, 0, 0, 0])
Transition([0, 365, 19, 0, 0, 0, 0, 0] -- 0.getPos.1.3 --> [0, 389, 19, 0, 0, 0, 0, 0])
Transition([0, 365, 42, 0, 0, 0, 0, 0] -- 0.getPos.3.1 --> [0, 478, 42, 0, 0, 0, 0, 0])
Transition([0, 389, 19, 0, 0, 0, 0, 0] -- 0.setPos.1.2 --> [0, 0, 20, 0, 0, 0, 0, 0])
Transition([0, 116, 42, 0, 0, 0, 0, 0] -- 0.setPos.2.1 --> [0, 0, 7, 0, 0, 0, 0, 0])
Transition([5, 4, 6, 0, 0, 0, 0, 0] -- down --> [5, 125, 6, 0, 0, 0, 0, 0])
Transition([0, 267, 19, 0, 0, 0, 0, 0] -- 0.setPos.1.4 --> [0, 0, 18, 0, 0, 0, 0, 0])
Transition([5, 4, 6, 0, 0, 0, 0, 0] -- left --> [5, 365, 6, 0, 0, 0, 0, 0])
Transition([0, 153, 19, 0, 0, 0, 0, 0] -- 0.setPos.2.3 --> [0, 0, 5, 0, 0, 0, 0, 0])
Transition([0, 356, 42, 0, 0, 0, 0, 0] -- 0.setPos.3.2 --> [0, 0, 41, 0, 0, 0, 0, 0])
Transition([5, 4, 6, 0, 0, 0, 0, 0] -- right --> [5, 245, 6, 0, 0, 0, 0, 0])
Transition([0, 236, 42, 0, 0, 0, 0, 0] -- 0.setPos.4.1 --> [0, 0, 30, 0, 0, 0, 0, 0])
Transition([5, 4, 6, 0, 0, 0, 0, 0] -- up --> [5, 5, 6, 0, 0, 0, 0, 0])
Transition([41, 4, 6, 0, 0, 0, 0, 0] -- down --> [41, 125, 6, 0, 0, 0, 0, 0])
Transition([41, 4, 6, 0, 0, 0, 0, 0] -- left --> [41, 365, 6, 0, 0, 0, 0, 0])
Transition([41, 4, 6, 0, 0, 0, 0, 0] -- right --> [41, 245, 6, 0, 0, 0, 0, 0])
Transition([41, 4, 6, 0, 0, 0, 0, 0] -- up --> [41, 5, 6, 0, 0, 0, 0, 0])
Transition([5, 125, 6, 0, 0, 0, 0, 0] -- 0.getPos.2.2 --> [5, 135, 6, 0, 0, 0, 0, 0])
Transition([41, 5, 6, 0, 0, 0, 0, 0] -- 0.getPos.2.2 --> [41, 9, 6, 0, 0, 0, 0, 0])
Transition([0, 0, 5, 0, 0, 0, 0, 0] -- startSafeCheck --> [0, 1, 5, 0, 1, 0, 0, 0])
Transition([0, 0, 41, 0, 0, 0, 0, 0] -- startSafeCheck --> [0, 1, 41, 0, 1, 0, 0, 0])
Transition([5, 245, 6, 0, 0, 0, 0, 0] -- 0.getPos.2.2 --> [5, 251, 6, 0, 0, 0, 0, 0])
Transition([41, 125, 6, 0, 0, 0, 0, 0] -- 0.getPos.2.2 --> [41, 135, 6, 0, 0, 0, 0, 0])
Transition([5, 5, 6, 0, 0, 0, 0, 0] -- 0.getPos.2.2 --> [5, 9, 6, 0, 0, 0, 0, 0])
Transition([41, 365, 6, 0, 0, 0, 0, 0] -- 0.getPos.2.2 --> [41, 375, 6, 0, 0, 0, 0, 0])
Transition([41, 245, 6, 0, 0, 0, 0, 0] -- 0.getPos.2.2 --> [41, 251, 6, 0, 0, 0, 0, 0])
Transition([0, 0, 18, 0, 0, 0, 0, 0] -- startSafeCheck --> [0, 1, 18, 0, 1, 0, 0, 0])
Transition([0, 0, 30, 0, 0, 0, 0, 0] -- startSafeCheck --> [0, 1, 30, 0, 1, 0, 0, 0])
Transition([5, 365, 6, 0, 0, 0, 0, 0] -- 0.getPos.2.2 --> [5, 375, 6, 0, 0, 0, 0, 0])
Transition([0, 1, 30, 0, 1, 0, 0, 0] -- 0.getPos.4.1 --> [0, 1, 30, 0, 36, 0, 0, 0])
Transition([5, 375, 6, 0, 0, 0, 0, 0] -- 0.setPos.2.1 --> [5, 0, 7, 0, 0, 0, 0, 0])
Transition([5, 9, 6, 0, 0, 0, 0, 0] -- 0.setPos.1.2 --> [5, 0, 20, 0, 0, 0, 0, 0])
Transition([0, 1, 5, 0, 1, 0, 0, 0] -- 0.getPos.2.3 --> [0, 1, 5, 0, 12, 0, 0, 0])
Transition([5, 135, 6, 0, 0, 0, 0, 0] -- 0.setPos.3.2 --> [5, 0, 41, 0, 0, 0, 0, 0])
Transition([41, 9, 6, 0, 0, 0, 0, 0] -- 0.setPos.1.2 --> [41, 0, 20, 0, 0, 0, 0, 0])
Transition([41, 135, 6, 0, 0, 0, 0, 0] -- 0.setPos.3.2 --> [41, 0, 41, 0, 0, 0, 0, 0])
Transition([0, 1, 41, 0, 1, 0, 0, 0] -- 0.getPos.3.2 --> [0, 1, 41, 0, 49, 0, 0, 0])
Transition([41, 135, 6, 0, 0, 0, 0, 0] -- 1.getPos.3.2 --> [41, 136, 6, 0, 0, 0, 0, 0])
Transition([5, 251, 6, 0, 0, 0, 0, 0] -- 0.setPos.2.3 --> [5, 0, 5, 0, 0, 0, 0, 0])
Transition([0, 1, 18, 0, 1, 0, 0, 0] -- 0.getPos.1.4 --> [0, 1, 18, 0, 24, 0, 0, 0])
Transition([5, 251, 6, 0, 0, 0, 0, 0] -- 1.getPos.2.3 --> [5, 252, 6, 0, 0, 0, 0, 0])
Transition([41, 375, 6, 0, 0, 0, 0, 0] -- 0.setPos.2.1 --> [41, 0, 7, 0, 0, 0, 0, 0])
Transition([41, 251, 6, 0, 0, 0, 0, 0] -- 0.setPos.2.3 --> [41, 0, 5, 0, 0, 0, 0, 0])
Transition([41, 0, 7, 0, 0, 0, 0, 0] -- startSafeCheck --> [41, 1, 7, 0, 1, 0, 0, 0])
Transition([41, 0, 5, 0, 0, 0, 0, 0] -- startSafeCheck --> [41, 1, 5, 0, 1, 0, 0, 0])
Transition([0, 1, 41, 0, 49, 0, 0, 0] -- 1.getPos.2.2 --> [0, 1, 41, 0, 3, 0, 0, 0])
Transition([5, 0, 20, 0, 0, 0, 0, 0] -- startSafeCheck --> [5, 1, 20, 0, 1, 0, 0, 0])
Transition([0, 1, 30, 0, 36, 0, 0, 0] -- 1.getPos.2.2 --> [0, 1, 30, 0, 3, 0, 0, 0])
Transition([5, 0, 7, 0, 0, 0, 0, 0] -- startSafeCheck --> [5, 1, 7, 0, 1, 0, 0, 0])
Transition([41, 0, 20, 0, 0, 0, 0, 0] -- startSafeCheck --> [41, 1, 20, 0, 1, 0, 0, 0])
Transition([0, 1, 5, 0, 12, 0, 0, 0] -- 1.getPos.2.2 --> [0, 1, 5, 0, 3, 0, 0, 0])
Transition([5, 0, 41, 0, 0, 0, 0, 0] -- startSafeCheck --> [5, 1, 41, 0, 1, 0, 0, 0])
Transition([5, 252, 6, 0, 0, 0, 0, 0] -- 1.setPos.2.4 --> [13, 253, 6, 0, 0, 0, 0, 0])
Transition([41, 136, 6, 0, 0, 0, 0, 0] -- 1.setPos.4.2 --> [34, 137, 6, 0, 0, 0, 0, 0])
Transition([41, 0, 41, 0, 0, 0, 0, 0] -- startSafeCheck --> [41, 1, 41, 0, 1, 0, 0, 0])
Transition([5, 0, 5, 0, 0, 0, 0, 0] -- startSafeCheck --> [5, 1, 5, 0, 1, 0, 0, 0])
Transition([0, 1, 18, 0, 24, 0, 0, 0] -- 1.getPos.2.2 --> [0, 1, 18, 0, 3, 0, 0, 0])
Transition([5, 1, 5, 0, 1, 0, 0, 0] -- 0.getPos.2.3 --> [5, 1, 5, 0, 12, 0, 0, 0])
Transition([0, 1, 18, 0, 3, 0, 0, 0] -- checkSafeOk --> [0, 2, 18, 0, 0, 0, 0, 0])
Transition([41, 1, 20, 0, 1, 0, 0, 0] -- 0.getPos.1.2 --> [41, 1, 20, 0, 30, 0, 0, 0])
Transition([0, 1, 41, 0, 3, 0, 0, 0] -- checkSafeOk --> [0, 2, 41, 0, 0, 0, 0, 0])
Transition([41, 1, 7, 0, 1, 0, 0, 0] -- 0.getPos.2.1 --> [41, 1, 7, 0, 17, 0, 0, 0])
Transition([41, 1, 5, 0, 1, 0, 0, 0] -- 0.getPos.2.3 --> [41, 1, 5, 0, 12, 0, 0, 0])
Transition([5, 1, 7, 0, 1, 0, 0, 0] -- 0.getPos.2.1 --> [5, 1, 7, 0, 17, 0, 0, 0])
Transition([5, 1, 20, 0, 1, 0, 0, 0] -- 0.getPos.1.2 --> [5, 1, 20, 0, 30, 0, 0, 0])
Transition([0, 1, 30, 0, 3, 0, 0, 0] -- checkSafeOk --> [0, 2, 30, 0, 0, 0, 0, 0])
Transition([41, 1, 41, 0, 1, 0, 0, 0] -- 0.getPos.3.2 --> [41, 1, 41, 0, 49, 0, 0, 0])
Transition([13, 253, 6, 0, 0, 0, 0, 0] -- 0.setPos.2.3 --> [13, 0, 5, 0, 0, 0, 0, 0])
Transition([0, 1, 5, 0, 3, 0, 0, 0] -- checkSafeOk --> [0, 2, 5, 0, 0, 0, 0, 0])
Transition([5, 1, 41, 0, 1, 0, 0, 0] -- 0.getPos.3.2 --> [5, 1, 41, 0, 49, 0, 0, 0])
Transition([34, 137, 6, 0, 0, 0, 0, 0] -- 0.setPos.3.2 --> [34, 0, 41, 0, 0, 0, 0, 0])
Transition([5, 1, 41, 0, 49, 0, 0, 0] -- 1.getPos.2.3 --> [5, 1, 41, 0, 3, 0, 0, 0])
Transition([34, 0, 41, 0, 0, 0, 0, 0] -- startSafeCheck --> [34, 1, 41, 0, 1, 0, 0, 0])
Transition([5, 1, 7, 0, 17, 0, 0, 0] -- 1.getPos.2.3 --> [5, 1, 7, 0, 3, 0, 0, 0])
Transition([41, 1, 20, 0, 30, 0, 0, 0] -- 1.getPos.3.2 --> [41, 1, 20, 0, 3, 0, 0, 0])
Transition([5, 1, 5, 0, 12, 0, 0, 0] -- 1.getPos.2.3 --> [5, 1, 5, 0, 4, 0, 0, 0])
Transition([0, 2, 18, 0, 0, 0, 0, 0] -- startLiveCheck --> [0, 3, 18, 1, 0, 1, 0, 0])
Transition([0, 2, 30, 0, 0, 0, 0, 0] -- startLiveCheck --> [0, 3, 30, 1, 0, 1, 0, 0])
Transition([41, 1, 5, 0, 12, 0, 0, 0] -- 1.getPos.3.2 --> [41, 1, 5, 0, 3, 0, 0, 0])
Transition([0, 2, 41, 0, 0, 0, 0, 0] -- startLiveCheck --> [0, 3, 41, 1, 0, 1, 0, 0])
Transition([41, 1, 7, 0, 17, 0, 0, 0] -- 1.getPos.3.2 --> [41, 1, 7, 0, 3, 0, 0, 0])
Transition([0, 2, 5, 0, 0, 0, 0, 0] -- startLiveCheck --> [0, 3, 5, 1, 0, 1, 0, 0])
Transition([41, 1, 41, 0, 49, 0, 0, 0] -- 1.getPos.3.2 --> [41, 1, 41, 0, 4, 0, 0, 0])
Transition([5, 1, 20, 0, 30, 0, 0, 0] -- 1.getPos.2.3 --> [5, 1, 20, 0, 3, 0, 0, 0])
Transition([13, 0, 5, 0, 0, 0, 0, 0] -- startSafeCheck --> [13, 1, 5, 0, 1, 0, 0, 0])
Transition([5, 1, 20, 0, 3, 0, 0, 0] -- checkSafeOk --> [5, 2, 20, 0, 0, 0, 0, 0])
Transition([13, 1, 5, 0, 1, 0, 0, 0] -- 0.getPos.2.3 --> [13, 1, 5, 0, 12, 0, 0, 0])
Transition([41, 1, 5, 0, 3, 0, 0, 0] -- checkSafeOk --> [41, 2, 5, 0, 0, 0, 0, 0])
Transition([5, 1, 7, 0, 3, 0, 0, 0] -- checkSafeOk --> [5, 2, 7, 0, 0, 0, 0, 0])
Transition([5, 1, 41, 0, 3, 0, 0, 0] -- checkSafeOk --> [5, 2, 41, 0, 0, 0, 0, 0])
Transition([34, 1, 41, 0, 1, 0, 0, 0] -- 0.getPos.3.2 --> [34, 1, 41, 0, 49, 0, 0, 0])
Transition([0, 3, 30, 1, 0, 1, 0, 0] -- 1.getPos.2.2 --> [0, 3, 30, 2, 0, 2, 0, 0])
Transition([41, 1, 20, 0, 3, 0, 0, 0] -- checkSafeOk --> [41, 2, 20, 0, 0, 0, 0, 0])
Transition([0, 3, 18, 1, 0, 1, 0, 0] -- 1.getPos.2.2 --> [0, 3, 18, 2, 0, 2, 0, 0])
Transition([0, 3, 41, 1, 0, 1, 0, 0] -- 1.getPos.2.2 --> [0, 3, 41, 2, 0, 2, 0, 0])
Transition([41, 1, 7, 0, 3, 0, 0, 0] -- checkSafeOk --> [41, 2, 7, 0, 0, 0, 0, 0])
Transition([0, 3, 5, 1, 0, 1, 0, 0] -- 1.getPos.2.2 --> [0, 3, 5, 2, 0, 2, 0, 0])
Transition([41, 2, 7, 0, 0, 0, 0, 0] -- startLiveCheck --> [41, 3, 7, 1, 0, 1, 0, 0])
Transition([0, 3, 5, 2, 0, 2, 0, 0] -- checkLiveDone --> [0, 4, 5, 0, 0, 0, 0, 0])
Transition([0, 3, 30, 2, 0, 2, 0, 0] -- checkLiveDone --> [0, 4, 30, 0, 0, 0, 0, 0])
Transition([41, 2, 5, 0, 0, 0, 0, 0] -- startLiveCheck --> [41, 3, 5, 1, 0, 1, 0, 0])
Transition([5, 2, 20, 0, 0, 0, 0, 0] -- startLiveCheck --> [5, 3, 20, 1, 0, 1, 0, 0])
Transition([13, 1, 5, 0, 12, 0, 0, 0] -- 1.getPos.2.4 --> [13, 1, 5, 0, 3, 0, 0, 0])
Transition([34, 1, 41, 0, 49, 0, 0, 0] -- 1.getPos.4.2 --> [34, 1, 41, 0, 3, 0, 0, 0])
Transition([5, 2, 7, 0, 0, 0, 0, 0] -- startLiveCheck --> [5, 3, 7, 1, 0, 1, 0, 0])
Transition([5, 2, 41, 0, 0, 0, 0, 0] -- startLiveCheck --> [5, 3, 41, 1, 0, 1, 0, 0])
Transition([0, 3, 41, 2, 0, 2, 0, 0] -- checkLiveDone --> [0, 4, 41, 0, 0, 0, 0, 0])
Transition([41, 2, 20, 0, 0, 0, 0, 0] -- startLiveCheck --> [41, 3, 20, 1, 0, 1, 0, 0])
Transition([0, 3, 18, 2, 0, 2, 0, 0] -- checkLiveDone --> [0, 4, 18, 0, 0, 0, 0, 0])
Transition([41, 3, 20, 1, 0, 1, 0, 0] -- 1.getPos.3.2 --> [41, 3, 20, 2, 0, 2, 0, 0])
Transition([0, 4, 18, 0, 0, 0, 0, 0] -- down --> [0, 125, 18, 0, 0, 0, 0, 0])
Transition([34, 1, 41, 0, 3, 0, 0, 0] -- checkSafeOk --> [34, 2, 41, 0, 0, 0, 0, 0])
Transition([0, 4, 18, 0, 0, 0, 0, 0] -- left --> [0, 365, 18, 0, 0, 0, 0, 0])
Transition([0, 4, 30, 0, 0, 0, 0, 0] -- down --> [0, 125, 30, 0, 0, 0, 0, 0])
Transition([0, 4, 18, 0, 0, 0, 0, 0] -- right --> [0, 245, 18, 0, 0, 0, 0, 0])
Transition([0, 4, 30, 0, 0, 0, 0, 0] -- left --> [0, 365, 30, 0, 0, 0, 0, 0])
Transition([41, 3, 7, 1, 0, 1, 0, 0] -- 1.getPos.3.2 --> [41, 3, 7, 2, 0, 2, 0, 0])
Transition([0, 4, 5, 0, 0, 0, 0, 0] -- down --> [0, 125, 5, 0, 0, 0, 0, 0])
Transition([0, 4, 18, 0, 0, 0, 0, 0] -- up --> [0, 5, 18, 0, 0, 0, 0, 0])
Transition([0, 4, 30, 0, 0, 0, 0, 0] -- right --> [0, 245, 30, 0, 0, 0, 0, 0])
Transition([0, 4, 5, 0, 0, 0, 0, 0] -- left --> [0, 365, 5, 0, 0, 0, 0, 0])
Transition([13, 1, 5, 0, 3, 0, 0, 0] -- checkSafeOk --> [13, 2, 5, 0, 0, 0, 0, 0])
Transition([0, 4, 30, 0, 0, 0, 0, 0] -- up --> [0, 5, 30, 0, 0, 0, 0, 0])
Transition([41, 3, 5, 1, 0, 1, 0, 0] -- 1.getPos.3.2 --> [41, 3, 5, 2, 0, 2, 0, 0])
Transition([0, 4, 5, 0, 0, 0, 0, 0] -- right --> [0, 245, 5, 0, 0, 0, 0, 0])
Transition([5, 3, 20, 1, 0, 1, 0, 0] -- 1.getPos.2.3 --> [5, 3, 20, 2, 0, 2, 0, 0])
Transition([0, 4, 5, 0, 0, 0, 0, 0] -- up --> [0, 5, 5, 0, 0, 0, 0, 0])
Transition([0, 4, 41, 0, 0, 0, 0, 0] -- down --> [0, 125, 41, 0, 0, 0, 0, 0])
Transition([5, 3, 7, 1, 0, 1, 0, 0] -- 1.getPos.2.3 --> [5, 3, 7, 2, 0, 2, 0, 0])
Transition([0, 4, 41, 0, 0, 0, 0, 0] -- left --> [0, 365, 41, 0, 0, 0, 0, 0])
Transition([5, 3, 41, 1, 0, 1, 0, 0] -- 1.getPos.2.3 --> [5, 3, 41, 2, 0, 2, 0, 0])
Transition([0, 4, 41, 0, 0, 0, 0, 0] -- right --> [0, 245, 41, 0, 0, 0, 0, 0])
Transition([0, 4, 41, 0, 0, 0, 0, 0] -- up --> [0, 5, 41, 0, 0, 0, 0, 0])
Transition([0, 125, 18, 0, 0, 0, 0, 0] -- 0.getPos.1.4 --> [0, 150, 18, 0, 0, 0, 0, 0])
Transition([0, 5, 41, 0, 0, 0, 0, 0] -- 0.getPos.3.2 --> [0, 113, 41, 0, 0, 0, 0, 0])
Transition([41, 3, 5, 2, 0, 2, 0, 0] -- checkLiveDone --> [41, 4, 5, 0, 0, 0, 0, 0])
Transition([41, 3, 7, 2, 0, 2, 0, 0] -- checkLiveDone --> [41, 4, 7, 0, 0, 0, 0, 0])
Transition([41, 3, 20, 2, 0, 2, 0, 0] -- checkLiveDone --> [41, 4, 20, 0, 0, 0, 0, 0])
Transition([0, 365, 30, 0, 0, 0, 0, 0] -- 0.getPos.4.1 --> [0, 463, 30, 0, 0, 0, 0, 0])
Transition([0, 125, 5, 0, 0, 0, 0, 0] -- 0.getPos.2.3 --> [0, 132, 5, 0, 0, 0, 0, 0])
Transition([0, 245, 41, 0, 0, 0, 0, 0] -- 0.getPos.3.2 --> [0, 353, 41, 0, 0, 0, 0, 0])
Transition([34, 2, 41, 0, 0, 0, 0, 0] -- startLiveCheck --> [34, 3, 41, 1, 0, 1, 0, 0])
Transition([0, 245, 30, 0, 0, 0, 0, 0] -- 0.getPos.4.1 --> [0, 339, 30, 0, 0, 0, 0, 0])
Transition([0, 365, 5, 0, 0, 0, 0, 0] -- 0.getPos.2.3 --> [0, 372, 5, 0, 0, 0, 0, 0])
Transition([13, 2, 5, 0, 0, 0, 0, 0] -- startLiveCheck --> [13, 3, 5, 1, 0, 1, 0, 0])
Transition([0, 5, 30, 0, 0, 0, 0, 0] -- 0.getPos.4.1 --> [0, 95, 30, 0, 0, 0, 0, 0])
Transition([0, 245, 5, 0, 0, 0, 0, 0] -- 0.getPos.2.3 --> [0, 248, 5, 0, 0, 0, 0, 0])
Transition([0, 125, 41, 0, 0, 0, 0, 0] -- 0.getPos.3.2 --> [0, 233, 41, 0, 0, 0, 0, 0])
Transition([0, 5, 18, 0, 0, 0, 0, 0] -- 0.getPos.1.4 --> [0, 14, 18, 0, 0, 0, 0, 0])
Transition([0, 365, 41, 0, 0, 0, 0, 0] -- 0.getPos.3.2 --> [0, 477, 41, 0, 0, 0, 0, 0])
Transition([5, 3, 41, 2, 0, 2, 0, 0] -- checkLiveDone --> [5, 4, 41, 0, 0, 0, 0, 0])
Transition([5, 3, 7, 2, 0, 2, 0, 0] -- checkLiveDone --> [5, 4, 7, 0, 0, 0, 0, 0])
Transition([5, 3, 20, 2, 0, 2, 0, 0] -- checkLiveDone --> [5, 4, 20, 0, 0, 0, 0, 0])
Transition([0, 365, 18, 0, 0, 0, 0, 0] -- 0.getPos.1.4 --> [0, 386, 18, 0, 0, 0, 0, 0])
Transition([0, 5, 5, 0, 0, 0, 0, 0] -- 0.getPos.2.3 --> [0, 8, 5, 0, 0, 0, 0, 0])
Transition([0, 125, 30, 0, 0, 0, 0, 0] -- 0.getPos.4.1 --> [0, 215, 30, 0, 0, 0, 0, 0])
Transition([0, 245, 18, 0, 0, 0, 0, 0] -- 0.getPos.1.4 --> [0, 264, 18, 0, 0, 0, 0, 0])
Transition([0, 215, 30, 0, 0, 0, 0, 0] -- 0.setPos.5.1 --> [0, 0, 26, 0, 0, 0, 0, 0])
Transition([0, 264, 18, 0, 0, 0, 0, 0] -- 0.setPos.1.5 --> [0, 0, 27, 0, 0, 0, 0, 0])
Transition([0, 233, 41, 0, 0, 0, 0, 0] -- 0.setPos.4.2 --> [0, 0, 34, 0, 0, 0, 0, 0])
Transition([0, 353, 41, 0, 0, 0, 0, 0] -- 0.setPos.3.3 --> [0, 0, 48, 0, 0, 0, 0, 0])
Transition([41, 4, 5, 0, 0, 0, 0, 0] -- down --> [41, 125, 5, 0, 0, 0, 0, 0])
Transition([0, 150, 18, 0, 0, 0, 0, 0] -- 0.setPos.2.4 --> [0, 0, 14, 0, 0, 0, 0, 0])
Transition([41, 4, 5, 0, 0, 0, 0, 0] -- left --> [41, 365, 5, 0, 0, 0, 0, 0])
Transition([0, 113, 41, 0, 0, 0, 0, 0] -- 0.setPos.2.2 --> [0, 0, 6, 0, 0, 0, 0, 0])
Transition([41, 4, 5, 0, 0, 0, 0, 0] -- right --> [41, 245, 5, 0, 0, 0, 0, 0])
Transition([0, 113, 41, 0, 0, 0, 0, 0] -- 1.getPos.2.2 --> [0, 114, 41, 0, 0, 0, 0, 0])
Transition([41, 4, 5, 0, 0, 0, 0, 0] -- up --> [41, 5, 5, 0, 0, 0, 0, 0])
Transition([0, 132, 5, 0, 0, 0, 0, 0] -- 0.setPos.3.3 --> [0, 0, 48, 0, 0, 0, 0, 0])
Transition([41, 4, 7, 0, 0, 0, 0, 0] -- down --> [41, 125, 7, 0, 0, 0, 0, 0])
Transition([41, 4, 20, 0, 0, 0, 0, 0] -- down --> [41, 125, 20, 0, 0, 0, 0, 0])
Transition([41, 4, 7, 0, 0, 0, 0, 0] -- left --> [41, 365, 7, 0, 0, 0, 0, 0])
Transition([41, 4, 20, 0, 0, 0, 0, 0] -- left --> [41, 365, 20, 0, 0, 0, 0, 0])
Transition([41, 4, 7, 0, 0, 0, 0, 0] -- right --> [41, 245, 7, 0, 0, 0, 0, 0])
Transition([41, 4, 20, 0, 0, 0, 0, 0] -- right --> [41, 245, 20, 0, 0, 0, 0, 0])
Transition([41, 4, 7, 0, 0, 0, 0, 0] -- up --> [41, 5, 7, 0, 0, 0, 0, 0])
Transition([41, 4, 20, 0, 0, 0, 0, 0] -- up --> [41, 5, 20, 0, 0, 0, 0, 0])
Transition([0, 248, 5, 0, 0, 0, 0, 0] -- 0.setPos.2.4 --> [0, 0, 14, 0, 0, 0, 0, 0])
Transition([0, 372, 5, 0, 0, 0, 0, 0] -- 0.setPos.2.2 --> [0, 0, 6, 0, 0, 0, 0, 0])
Transition([34, 3, 41, 1, 0, 1, 0, 0] -- 1.getPos.4.2 --> [34, 3, 41, 2, 0, 2, 0, 0])
Transition([0, 372, 5, 0, 0, 0, 0, 0] -- 1.getPos.2.2 --> [0, 373, 5, 0, 0, 0, 0, 0])
Transition([0, 339, 30, 0, 0, 0, 0, 0] -- 0.setPos.4.2 --> [0, 0, 34, 0, 0, 0, 0, 0])
Transition([0, 95, 30, 0, 0, 0, 0, 0] -- 0.setPos.3.1 --> [0, 0, 42, 0, 0, 0, 0, 0])
Transition([0, 8, 5, 0, 0, 0, 0, 0] -- 0.setPos.1.3 --> [0, 0, 19, 0, 0, 0, 0, 0])
Transition([5, 4, 41, 0, 0, 0, 0, 0] -- down --> [5, 125, 41, 0, 0, 0, 0, 0])
Transition([13, 3, 5, 1, 0, 1, 0, 0] -- 1.getPos.2.4 --> [13, 3, 5, 2, 0, 2, 0, 0])
Transition([0, 477, 41, 0, 0, 0, 0, 0] -- 0.setPos.3.1 --> [0, 0, 42, 0, 0, 0, 0, 0])
Transition([5, 4, 41, 0, 0, 0, 0, 0] -- left --> [5, 365, 41, 0, 0, 0, 0, 0])
Transition([0, 386, 18, 0, 0, 0, 0, 0] -- 0.setPos.1.3 --> [0, 0, 19, 0, 0, 0, 0, 0])
Transition([5, 4, 7, 0, 0, 0, 0, 0] -- down --> [5, 125, 7, 0, 0, 0, 0, 0])
Transition([5, 4, 41, 0, 0, 0, 0, 0] -- right --> [5, 245, 41, 0, 0, 0, 0, 0])
Transition([5, 4, 20, 0, 0, 0, 0, 0] -- down --> [5, 125, 20, 0, 0, 0, 0, 0])
Transition([5, 4, 7, 0, 0, 0, 0, 0] -- left --> [5, 365, 7, 0, 0, 0, 0, 0])
Transition([5, 4, 41, 0, 0, 0, 0, 0] -- up --> [5, 5, 41, 0, 0, 0, 0, 0])
Transition([5, 4, 20, 0, 0, 0, 0, 0] -- left --> [5, 365, 20, 0, 0, 0, 0, 0])
Transition([5, 4, 7, 0, 0, 0, 0, 0] -- right --> [5, 245, 7, 0, 0, 0, 0, 0])
Transition([5, 4, 20, 0, 0, 0, 0, 0] -- right --> [5, 245, 20, 0, 0, 0, 0, 0])
Transition([5, 4, 7, 0, 0, 0, 0, 0] -- up --> [5, 5, 7, 0, 0, 0, 0, 0])
Transition([5, 4, 20, 0, 0, 0, 0, 0] -- up --> [5, 5, 20, 0, 0, 0, 0, 0])
Transition([5, 5, 7, 0, 0, 0, 0, 0] -- 0.getPos.2.1 --> [5, 12, 7, 0, 0, 0, 0, 0])
Transition([5, 5, 20, 0, 0, 0, 0, 0] -- 0.getPos.1.2 --> [5, 18, 20, 0, 0, 0, 0, 0])
Transition([0, 0, 34, 0, 0, 0, 0, 0] -- startSafeCheck --> [0, 1, 34, 0, 1, 0, 0, 0])
Transition([0, 0, 26, 0, 0, 0, 0, 0] -- startSafeCheck --> [0, 1, 26, 0, 1, 0, 0, 0])
Transition([0, 373, 5, 0, 0, 0, 0, 0] -- 1.setPos.2.1 --> [6, 374, 5, 0, 0, 0, 0, 0])
Transition([41, 5, 5, 0, 0, 0, 0, 0] -- 0.getPos.2.3 --> [41, 8, 5, 0, 0, 0, 0, 0])
Transition([5, 245, 20, 0, 0, 0, 0, 0] -- 0.getPos.1.2 --> [5, 274, 20, 0, 0, 0, 0, 0])
Transition([0, 0, 27, 0, 0, 0, 0, 0] -- startSafeCheck --> [0, 1, 27, 0, 1, 0, 0, 0])
Transition([0, 114, 41, 0, 0, 0, 0, 0] -- 1.setPos.1.2 --> [19, 115, 41, 0, 0, 0, 0, 0])
Transition([0, 0, 48, 0, 0, 0, 0, 0] -- startSafeCheck --> [0, 1, 48, 0, 1, 0, 0, 0])
Transition([0, 0, 14, 0, 0, 0, 0, 0] -- startSafeCheck --> [0, 1, 14, 0, 1, 0, 0, 0])
Transition([34, 3, 41, 2, 0, 2, 0, 0] -- checkLiveDone --> [34, 4, 41, 0, 0, 0, 0, 0])
Transition([41, 5, 20, 0, 0, 0, 0, 0] -- 0.getPos.1.2 --> [41, 18, 20, 0, 0, 0, 0, 0])
Transition([41, 245, 5, 0, 0, 0, 0, 0] -- 0.getPos.2.3 --> [41, 248, 5, 0, 0, 0, 0, 0])
Transition([5, 245, 7, 0, 0, 0, 0, 0] -- 0.getPos.2.1 --> [5, 260, 7, 0, 0, 0, 0, 0])
Transition([41, 5, 7, 0, 0, 0, 0, 0] -- 0.getPos.2.1 --> [41, 12, 7, 0, 0, 0, 0, 0])
Transition([41, 245, 20, 0, 0, 0, 0, 0] -- 0.getPos.1.2 --> [41, 274, 20, 0, 0, 0, 0, 0])
Transition([41, 125, 5, 0, 0, 0, 0, 0] -- 0.getPos.2.3 --> [41, 132, 5, 0, 0, 0, 0, 0])
Transition([41, 365, 5, 0, 0, 0, 0, 0] -- 0.getPos.2.3 --> [41, 372, 5, 0, 0, 0, 0, 0])
Transition([5, 365, 41, 0, 0, 0, 0, 0] -- 0.getPos.3.2 --> [5, 477, 41, 0, 0, 0, 0, 0])
Transition([41, 365, 20, 0, 0, 0, 0, 0] -- 0.getPos.1.2 --> [41, 398, 20, 0, 0, 0, 0, 0])
Transition([41, 245, 7, 0, 0, 0, 0, 0] -- 0.getPos.2.1 --> [41, 260, 7, 0, 0, 0, 0, 0])
Transition([41, 125, 7, 0, 0, 0, 0, 0] -- 0.getPos.2.1 --> [41, 144, 7, 0, 0, 0, 0, 0])
Transition([41, 125, 20, 0, 0, 0, 0, 0] -- 0.getPos.1.2 --> [41, 162, 20, 0, 0, 0, 0, 0])
Transition([41, 365, 7, 0, 0, 0, 0, 0] -- 0.getPos.2.1 --> [41, 382, 7, 0, 0, 0, 0, 0])
Transition([5, 125, 7, 0, 0, 0, 0, 0] -- 0.getPos.2.1 --> [5, 144, 7, 0, 0, 0, 0, 0])
Transition([5, 365, 20, 0, 0, 0, 0, 0] -- 0.getPos.1.2 --> [5, 398, 20, 0, 0, 0, 0, 0])
Transition([5, 245, 41, 0, 0, 0, 0, 0] -- 0.getPos.3.2 --> [5, 353, 41, 0, 0, 0, 0, 0])
Transition([5, 5, 41, 0, 0, 0, 0, 0] -- 0.getPos.3.2 --> [5, 113, 41, 0, 0, 0, 0, 0])
Transition([13, 3, 5, 2, 0, 2, 0, 0] -- checkLiveDone --> [13, 4, 5, 0, 0, 0, 0, 0])
Transition([5, 125, 20, 0, 0, 0, 0, 0] -- 0.getPos.1.2 --> [5, 162, 20, 0, 0, 0, 0, 0])
Transition([5, 365, 7, 0, 0, 0, 0, 0] -- 0.getPos.2.1 --> [5, 382, 7, 0, 0, 0, 0, 0])
Transition([5, 125, 41, 0, 0, 0, 0, 0] -- 0.getPos.3.2 --> [5, 233, 41, 0, 0, 0, 0, 0])
Transition([5, 398, 20, 0, 0, 0, 0, 0] -- 0.setPos.1.1 --> [5, 0, 0, 0, 0, 0, 0, 0])
Transition([5, 233, 41, 0, 0, 0, 0, 0] -- 0.setPos.4.2 --> [5, 0, 34, 0, 0, 0, 0, 0])
Transition([41, 274, 20, 0, 0, 0, 0, 0] -- 0.setPos.1.3 --> [41, 0, 19, 0, 0, 0, 0, 0])
Transition([0, 1, 27, 0, 1, 0, 0, 0] -- 0.getPos.1.5 --> [0, 1, 27, 0, 29, 0, 0, 0])
Transition([0, 1, 26, 0, 1, 0, 0, 0] -- 0.getPos.5.1 --> [0, 1, 26, 0, 28, 0, 0, 0])
Transition([5, 12, 7, 0, 0, 0, 0, 0] -- 0.setPos.1.1 --> [5, 0, 0, 0, 0, 0, 0, 0])
Transition([0, 1, 34, 0, 1, 0, 0, 0] -- 0.getPos.4.2 --> [0, 1, 34, 0, 38, 0, 0, 0])
Transition([5, 144, 7, 0, 0, 0, 0, 0] -- 0.setPos.3.1 --> [5, 0, 42, 0, 0, 0, 0, 0])
Transition([5, 274, 20, 0, 0, 0, 0, 0] -- 0.setPos.1.3 --> [5, 0, 19, 0, 0, 0, 0, 0])
Transition([6, 374, 5, 0, 0, 0, 0, 0] -- 0.setPos.2.2 --> [6, 0, 6, 0, 0, 0, 0, 0])
Transition([41, 8, 5, 0, 0, 0, 0, 0] -- 0.setPos.1.3 --> [41, 0, 19, 0, 0, 0, 0, 0])
Transition([41, 12, 7, 0, 0, 0, 0, 0] -- 0.setPos.1.1 --> [41, 0, 0, 0, 0, 0, 0, 0])
Transition([41, 260, 7, 0, 0, 0, 0, 0] -- 0.setPos.2.2 --> [41, 0, 6, 0, 0, 0, 0, 0])
Transition([0, 1, 14, 0, 1, 0, 0, 0] -- 0.getPos.2.4 --> [0, 1, 14, 0, 16, 0, 0, 0])
Transition([41, 398, 20, 0, 0, 0, 0, 0] -- 0.setPos.1.1 --> [41, 0, 0, 0, 0, 0, 0, 0])
Transition([19, 115, 41, 0, 0, 0, 0, 0] -- 0.setPos.2.2 --> [19, 0, 6, 0, 0, 0, 0, 0])
Transition([41, 372, 5, 0, 0, 0, 0, 0] -- 0.setPos.2.2 --> [41, 0, 6, 0, 0, 0, 0, 0])
Transition([0, 1, 48, 0, 1, 0, 0, 0] -- 0.getPos.3.3 --> [0, 1, 48, 0, 52, 0, 0, 0])
Transition([41, 132, 5, 0, 0, 0, 0, 0] -- 0.setPos.3.3 --> [41, 0, 48, 0, 0, 0, 0, 0])
Transition([5, 260, 7, 0, 0, 0, 0, 0] -- 0.setPos.2.2 --> [5, 0, 6, 0, 0, 0, 0, 0])
Transition([34, 4, 41, 0, 0, 0, 0, 0] -- down --> [34, 125, 41, 0, 0, 0, 0, 0])
Transition([41, 248, 5, 0, 0, 0, 0, 0] -- 0.setPos.2.4 --> [41, 0, 14, 0, 0, 0, 0, 0])
Transition([34, 4, 41, 0, 0, 0, 0, 0] -- left --> [34, 365, 41, 0, 0, 0, 0, 0])
Transition([5, 162, 20, 0, 0, 0, 0, 0] -- 0.setPos.2.2 --> [5, 0, 6, 0, 0, 0, 0, 0])
Transition([41, 162, 20, 0, 0, 0, 0, 0] -- 0.setPos.2.2 --> [41, 0, 6, 0, 0, 0, 0, 0])
Transition([5, 477, 41, 0, 0, 0, 0, 0] -- 0.setPos.3.1 --> [5, 0, 42, 0, 0, 0, 0, 0])
Transition([34, 4, 41, 0, 0, 0, 0, 0] -- right --> [34, 245, 41, 0, 0, 0, 0, 0])
Transition([41, 144, 7, 0, 0, 0, 0, 0] -- 0.setPos.3.1 --> [41, 0, 42, 0, 0, 0, 0, 0])
Transition([34, 4, 41, 0, 0, 0, 0, 0] -- up --> [34, 5, 41, 0, 0, 0, 0, 0])
Transition([13, 4, 5, 0, 0, 0, 0, 0] -- down --> [13, 125, 5, 0, 0, 0, 0, 0])
Transition([5, 353, 41, 0, 0, 0, 0, 0] -- 0.setPos.3.3 --> [5, 0, 48, 0, 0, 0, 0, 0])
Transition([5, 113, 41, 0, 0, 0, 0, 0] -- 0.setPos.2.2 --> [5, 0, 6, 0, 0, 0, 0, 0])
Transition([13, 4, 5, 0, 0, 0, 0, 0] -- left --> [13, 365, 5, 0, 0, 0, 0, 0])
Transition([13, 4, 5, 0, 0, 0, 0, 0] -- right --> [13, 245, 5, 0, 0, 0, 0, 0])
Transition([13, 4, 5, 0, 0, 0, 0, 0] -- up --> [13, 5, 5, 0, 0, 0, 0, 0])
Transition([41, 0, 14, 0, 0, 0, 0, 0] -- startSafeCheck --> [41, 1, 14, 0, 1, 0, 0, 0])
Transition([13, 5, 5, 0, 0, 0, 0, 0] -- 0.getPos.2.3 --> [13, 8, 5, 0, 0, 0, 0, 0])
Transition([0, 1, 48, 0, 52, 0, 0, 0] -- 1.getPos.2.2 --> [0, 1, 48, 0, 3, 0, 0, 0])
Transition([5, 0, 42, 0, 0, 0, 0, 0] -- startSafeCheck --> [5, 1, 42, 0, 1, 0, 0, 0])
Transition([41, 0, 19, 0, 0, 0, 0, 0] -- startSafeCheck --> [41, 1, 19, 0, 1, 0, 0, 0])
Transition([5, 0, 0, 0, 0, 0, 0, 0] -- startSafeCheck --> [5, 1, 0, 0, 1, 0, 0, 0])
Transition([5, 0, 34, 0, 0, 0, 0, 0] -- startSafeCheck --> [5, 1, 34, 0, 1, 0, 0, 0])
Transition([0, 1, 34, 0, 38, 0, 0, 0] -- 1.getPos.2.2 --> [0, 1, 34, 0, 3, 0, 0, 0])
Transition([0, 1, 27, 0, 29, 0, 0, 0] -- 1.getPos.2.2 --> [0, 1, 27, 0, 3, 0, 0, 0])
Transition([0, 1, 26, 0, 28, 0, 0, 0] -- 1.getPos.2.2 --> [0, 1, 26, 0, 3, 0, 0, 0])
Transition([19, 0, 6, 0, 0, 0, 0, 0] -- startSafeCheck --> [19, 1, 6, 0, 1, 0, 0, 0])
Transition([41, 0, 0, 0, 0, 0, 0, 0] -- startSafeCheck --> [41, 1, 0, 0, 1, 0, 0, 0])
Transition([5, 0, 19, 0, 0, 0, 0, 0] -- startSafeCheck --> [5, 1, 19, 0, 1, 0, 0, 0])
Transition([6, 0, 6, 0, 0, 0, 0, 0] -- startSafeCheck --> [6, 1, 6, 0, 1, 0, 0, 0])
Transition([41, 0, 48, 0, 0, 0, 0, 0] -- startSafeCheck --> [41, 1, 48, 0, 1, 0, 0, 0])
Transition([34, 245, 41, 0, 0, 0, 0, 0] -- 0.getPos.3.2 --> [34, 353, 41, 0, 0, 0, 0, 0])
Transition([13, 365, 5, 0, 0, 0, 0, 0] -- 0.getPos.2.3 --> [13, 372, 5, 0, 0, 0, 0, 0])
Transition([34, 125, 41, 0, 0, 0, 0, 0] -- 0.getPos.3.2 --> [34, 233, 41, 0, 0, 0, 0, 0])
Transition([13, 125, 5, 0, 0, 0, 0, 0] -- 0.getPos.2.3 --> [13, 132, 5, 0, 0, 0, 0, 0])
Transition([5, 0, 48, 0, 0, 0, 0, 0] -- startSafeCheck --> [5, 1, 48, 0, 1, 0, 0, 0])
Transition([13, 245, 5, 0, 0, 0, 0, 0] -- 0.getPos.2.3 --> [13, 248, 5, 0, 0, 0, 0, 0])
Transition([34, 365, 41, 0, 0, 0, 0, 0] -- 0.getPos.3.2 --> [34, 477, 41, 0, 0, 0, 0, 0])
Transition([34, 5, 41, 0, 0, 0, 0, 0] -- 0.getPos.3.2 --> [34, 113, 41, 0, 0, 0, 0, 0])
Transition([0, 1, 14, 0, 16, 0, 0, 0] -- 1.getPos.2.2 --> [0, 1, 14, 0, 3, 0, 0, 0])
Transition([41, 0, 42, 0, 0, 0, 0, 0] -- startSafeCheck --> [41, 1, 42, 0, 1, 0, 0, 0])
Transition([0, 1, 14, 0, 3, 0, 0, 0] -- checkSafeOk --> [0, 2, 14, 0, 0, 0, 0, 0])
Transition([41, 1, 42, 0, 1, 0, 0, 0] -- 0.getPos.3.1 --> [41, 1, 42, 0, 50, 0, 0, 0])
Transition([41, 1, 48, 0, 1, 0, 0, 0] -- 0.getPos.3.3 --> [41, 1, 48, 0, 52, 0, 0, 0])
Transition([5, 1, 34, 0, 1, 0, 0, 0] -- 0.getPos.4.2 --> [5, 1, 34, 0, 38, 0, 0, 0])
Transition([0, 1, 48, 0, 3, 0, 0, 0] -- checkSafeOk --> [0, 2, 48, 0, 0, 0, 0, 0])
Transition([41, 1, 14, 0, 1, 0, 0, 0] -- 0.getPos.2.4 --> [41, 1, 14, 0, 16, 0, 0, 0])
Transition([13, 8, 5, 0, 0, 0, 0, 0] -- 0.setPos.1.3 --> [13, 0, 19, 0, 0, 0, 0, 0])
Transition([5, 1, 0, 0, 1, 0, 0, 0] -- 0.getPos.1.1 --> [5, 1, 0, 0, 31, 0, 0, 0])
Transition([5, 1, 42, 0, 1, 0, 0, 0] -- 0.getPos.3.1 --> [5, 1, 42, 0, 50, 0, 0, 0])
Transition([41, 1, 19, 0, 1, 0, 0, 0] -- 0.getPos.1.3 --> [41, 1, 19, 0, 25, 0, 0, 0])
Transition([6, 1, 6, 0, 1, 0, 0, 0] -- 0.getPos.2.2 --> [6, 1, 6, 0, 13, 0, 0, 0])
Transition([0, 1, 26, 0, 3, 0, 0, 0] -- checkSafeOk --> [0, 2, 26, 0, 0, 0, 0, 0])
Transition([0, 1, 34, 0, 3, 0, 0, 0] -- checkSafeOk --> [0, 2, 34, 0, 0, 0, 0, 0])
Transition([0, 1, 27, 0, 3, 0, 0, 0] -- checkSafeOk --> [0, 2, 27, 0, 0, 0, 0, 0])
Transition([5, 1, 19, 0, 1, 0, 0, 0] -- 0.getPos.1.3 --> [5, 1, 19, 0, 25, 0, 0, 0])
Transition([19, 1, 6, 0, 1, 0, 0, 0] -- 0.getPos.2.2 --> [19, 1, 6, 0, 13, 0, 0, 0])
Transition([41, 1, 0, 0, 1, 0, 0, 0] -- 0.getPos.1.1 --> [41, 1, 0, 0, 31, 0, 0, 0])
Transition([34, 113, 41, 0, 0, 0, 0, 0] -- 0.setPos.2.2 --> [34, 0, 6, 0, 0, 0, 0, 0])
Transition([13, 132, 5, 0, 0, 0, 0, 0] -- 0.setPos.3.3 --> [13, 0, 48, 0, 0, 0, 0, 0])
Transition([13, 372, 5, 0, 0, 0, 0, 0] -- 0.setPos.2.2 --> [13, 0, 6, 0, 0, 0, 0, 0])
Transition([34, 353, 41, 0, 0, 0, 0, 0] -- 0.setPos.3.3 --> [34, 0, 48, 0, 0, 0, 0, 0])
Transition([34, 233, 41, 0, 0, 0, 0, 0] -- 0.setPos.4.2 --> [34, 0, 34, 0, 0, 0, 0, 0])
Transition([34, 477, 41, 0, 0, 0, 0, 0] -- 0.setPos.3.1 --> [34, 0, 42, 0, 0, 0, 0, 0])
Transition([5, 1, 48, 0, 1, 0, 0, 0] -- 0.getPos.3.3 --> [5, 1, 48, 0, 52, 0, 0, 0])
Transition([34, 233, 41, 0, 0, 0, 0, 0] -- 1.getPos.4.2 --> [34, 234, 41, 0, 0, 0, 0, 0])
Transition([13, 248, 5, 0, 0, 0, 0, 0] -- 0.setPos.2.4 --> [13, 0, 14, 0, 0, 0, 0, 0])
Transition([13, 248, 5, 0, 0, 0, 0, 0] -- 1.getPos.2.4 --> [13, 249, 5, 0, 0, 0, 0, 0])
Transition([13, 0, 48, 0, 0, 0, 0, 0] -- startSafeCheck --> [13, 1, 48, 0, 1, 0, 0, 0])
Transition([13, 249, 5, 0, 0, 0, 0, 0] -- 1.setPos.2.5 --> [12, 250, 5, 0, 0, 0, 0, 0])
Transition([5, 1, 19, 0, 25, 0, 0, 0] -- 1.getPos.2.3 --> [5, 1, 19, 0, 3, 0, 0, 0])
Transition([13, 0, 19, 0, 0, 0, 0, 0] -- startSafeCheck --> [13, 1, 19, 0, 1, 0, 0, 0])
Transition([41, 1, 48, 0, 52, 0, 0, 0] -- 1.getPos.3.2 --> [41, 1, 48, 0, 3, 0, 0, 0])
Transition([0, 2, 14, 0, 0, 0, 0, 0] -- startLiveCheck --> [0, 3, 14, 1, 0, 1, 0, 0])
Transition([41, 1, 42, 0, 50, 0, 0, 0] -- 1.getPos.3.2 --> [41, 1, 42, 0, 3, 0, 0, 0])
Transition([41, 1, 14, 0, 16, 0, 0, 0] -- 1.getPos.3.2 --> [41, 1, 14, 0, 3, 0, 0, 0])
Transition([5, 1, 34, 0, 38, 0, 0, 0] -- 1.getPos.2.3 --> [5, 1, 34, 0, 3, 0, 0, 0])
Transition([0, 2, 48, 0, 0, 0, 0, 0] -- startLiveCheck --> [0, 3, 48, 1, 0, 1, 0, 0])
Transition([0, 2, 27, 0, 0, 0, 0, 0] -- startLiveCheck --> [0, 3, 27, 1, 0, 1, 0, 0])
Transition([41, 1, 19, 0, 25, 0, 0, 0] -- 1.getPos.3.2 --> [41, 1, 19, 0, 3, 0, 0, 0])
Transition([5, 1, 0, 0, 31, 0, 0, 0] -- 1.getPos.2.3 --> [5, 1, 0, 0, 3, 0, 0, 0])
Transition([5, 1, 42, 0, 50, 0, 0, 0] -- 1.getPos.2.3 --> [5, 1, 42, 0, 3, 0, 0, 0])
Transition([0, 2, 34, 0, 0, 0, 0, 0] -- startLiveCheck --> [0, 3, 34, 1, 0, 1, 0, 0])
Transition([6, 1, 6, 0, 13, 0, 0, 0] -- 1.getPos.2.1 --> [6, 1, 6, 0, 3, 0, 0, 0])
Transition([0, 2, 26, 0, 0, 0, 0, 0] -- startLiveCheck --> [0, 3, 26, 1, 0, 1, 0, 0])
Transition([34, 234, 41, 0, 0, 0, 0, 0] -- 1.setPos.5.2 --> [24, 235, 41, 0, 0, 0, 0, 0])
Transition([5, 1, 48, 0, 52, 0, 0, 0] -- 1.getPos.2.3 --> [5, 1, 48, 0, 3, 0, 0, 0])
Transition([41, 1, 0, 0, 31, 0, 0, 0] -- 1.getPos.3.2 --> [41, 1, 0, 0, 3, 0, 0, 0])
Transition([19, 1, 6, 0, 13, 0, 0, 0] -- 1.getPos.1.2 --> [19, 1, 6, 0, 3, 0, 0, 0])
Transition([34, 0, 34, 0, 0, 0, 0, 0] -- startSafeCheck --> [34, 1, 34, 0, 1, 0, 0, 0])
Transition([34, 0, 6, 0, 0, 0, 0, 0] -- startSafeCheck --> [34, 1, 6, 0, 1, 0, 0, 0])
Transition([13, 0, 14, 0, 0, 0, 0, 0] -- startSafeCheck --> [13, 1, 14, 0, 1, 0, 0, 0])
Transition([34, 0, 42, 0, 0, 0, 0, 0] -- startSafeCheck --> [34, 1, 42, 0, 1, 0, 0, 0])
Transition([13, 0, 6, 0, 0, 0, 0, 0] -- startSafeCheck --> [13, 1, 6, 0, 1, 0, 0, 0])
Transition([34, 0, 48, 0, 0, 0, 0, 0] -- startSafeCheck --> [34, 1, 48, 0, 1, 0, 0, 0])
Transition([13, 1, 6, 0, 1, 0, 0, 0] -- 0.getPos.2.2 --> [13, 1, 6, 0, 13, 0, 0, 0])
Transition([34, 1, 48, 0, 1, 0, 0, 0] -- 0.getPos.3.3 --> [34, 1, 48, 0, 52, 0, 0, 0])
Transition([0, 3, 34, 1, 0, 1, 0, 0] -- 1.getPos.2.2 --> [0, 3, 34, 2, 0, 2, 0, 0])
Transition([41, 1, 42, 0, 3, 0, 0, 0] -- checkSafeOk --> [41, 2, 42, 0, 0, 0, 0, 0])
Transition([5, 1, 19, 0, 3, 0, 0, 0] -- checkSafeOk --> [5, 2, 19, 0, 0, 0, 0, 0])
Transition([13, 1, 48, 0, 1, 0, 0, 0] -- 0.getPos.3.3 --> [13, 1, 48, 0, 52, 0, 0, 0])
Transition([12, 250, 5, 0, 0, 0, 0, 0] -- 0.setPos.2.4 --> [12, 0, 14, 0, 0, 0, 0, 0])
Transition([0, 3, 14, 1, 0, 1, 0, 0] -- 1.getPos.2.2 --> [0, 3, 14, 2, 0, 2, 0, 0])
Transition([13, 1, 19, 0, 1, 0, 0, 0] -- 0.getPos.1.3 --> [13, 1, 19, 0, 25, 0, 0, 0])
Transition([41, 1, 48, 0, 3, 0, 0, 0] -- checkSafeOk --> [41, 2, 48, 0, 0, 0, 0, 0])
Transition([5, 1, 42, 0, 3, 0, 0, 0] -- checkSafeOk --> [5, 2, 42, 0, 0, 0, 0, 0])
Transition([0, 3, 48, 1, 0, 1, 0, 0] -- 1.getPos.2.2 --> [0, 3, 48, 2, 0, 2, 0, 0])
Transition([41, 1, 14, 0, 3, 0, 0, 0] -- checkSafeOk --> [41, 2, 14, 0, 0, 0, 0, 0])
Transition([5, 1, 34, 0, 3, 0, 0, 0] -- checkSafeOk --> [5, 2, 34, 0, 0, 0, 0, 0])
Transition([5, 1, 0, 0, 3, 0, 0, 0] -- checkSafeOk --> [5, 2, 0, 0, 0, 0, 0, 0])
Transition([0, 3, 27, 1, 0, 1, 0, 0] -- 1.getPos.2.2 --> [0, 3, 27, 2, 0, 2, 0, 0])
Transition([41, 1, 19, 0, 3, 0, 0, 0] -- checkSafeOk --> [41, 2, 19, 0, 0, 0, 0, 0])
Transition([34, 1, 42, 0, 1, 0, 0, 0] -- 0.getPos.3.1 --> [34, 1, 42, 0, 50, 0, 0, 0])
Transition([19, 1, 6, 0, 3, 0, 0, 0] -- checkSafeOk --> [19, 2, 6, 0, 0, 0, 0, 0])
Transition([24, 235, 41, 0, 0, 0, 0, 0] -- 0.setPos.4.2 --> [24, 0, 34, 0, 0, 0, 0, 0])
Transition([6, 1, 6, 0, 3, 0, 0, 0] -- checkSafeOk --> [6, 2, 6, 0, 0, 0, 0, 0])
Transition([0, 3, 26, 1, 0, 1, 0, 0] -- 1.getPos.2.2 --> [0, 3, 26, 2, 0, 2, 0, 0])
Transition([41, 1, 0, 0, 3, 0, 0, 0] -- checkSafeOk --> [41, 2, 0, 0, 0, 0, 0, 0])
Transition([5, 1, 48, 0, 3, 0, 0, 0] -- checkSafeOk --> [5, 2, 48, 0, 0, 0, 0, 0])
Transition([13, 1, 14, 0, 1, 0, 0, 0] -- 0.getPos.2.4 --> [13, 1, 14, 0, 16, 0, 0, 0])
Transition([34, 1, 34, 0, 1, 0, 0, 0] -- 0.getPos.4.2 --> [34, 1, 34, 0, 38, 0, 0, 0])
Transition([34, 1, 6, 0, 1, 0, 0, 0] -- 0.getPos.2.2 --> [34, 1, 6, 0, 13, 0, 0, 0])
Transition([34, 1, 34, 0, 38, 0, 0, 0] -- 1.getPos.4.2 --> [34, 1, 34, 0, 4, 0, 0, 0])
Transition([34, 1, 6, 0, 13, 0, 0, 0] -- 1.getPos.4.2 --> [34, 1, 6, 0, 3, 0, 0, 0])
Transition([19, 2, 6, 0, 0, 0, 0, 0] -- startLiveCheck --> [19, 3, 6, 1, 0, 1, 0, 0])
Transition([5, 2, 0, 0, 0, 0, 0, 0] -- startLiveCheck --> [5, 3, 0, 1, 0, 1, 0, 0])
Transition([12, 0, 14, 0, 0, 0, 0, 0] -- startSafeCheck --> [12, 1, 14, 0, 1, 0, 0, 0])
Transition([0, 3, 34, 2, 0, 2, 0, 0] -- checkLiveDone --> [0, 4, 34, 0, 0, 0, 0, 0])
Transition([13, 1, 6, 0, 13, 0, 0, 0] -- 1.getPos.2.4 --> [13, 1, 6, 0, 3, 0, 0, 0])
Transition([34, 1, 48, 0, 52, 0, 0, 0] -- 1.getPos.4.2 --> [34, 1, 48, 0, 3, 0, 0, 0])
Transition([13, 1, 48, 0, 52, 0, 0, 0] -- 1.getPos.2.4 --> [13, 1, 48, 0, 3, 0, 0, 0])
Transition([41, 2, 42, 0, 0, 0, 0, 0] -- startLiveCheck --> [41, 3, 42, 1, 0, 1, 0, 0])
Transition([5, 2, 19, 0, 0, 0, 0, 0] -- startLiveCheck --> [5, 3, 19, 1, 0, 1, 0, 0])
Transition([5, 2, 34, 0, 0, 0, 0, 0] -- startLiveCheck --> [5, 3, 34, 1, 0, 1, 0, 0])
Transition([41, 2, 48, 0, 0, 0, 0, 0] -- startLiveCheck --> [41, 3, 48, 1, 0, 1, 0, 0])
Transition([0, 3, 14, 2, 0, 2, 0, 0] -- checkLiveDone --> [0, 4, 14, 0, 0, 0, 0, 0])
Transition([13, 1, 19, 0, 25, 0, 0, 0] -- 1.getPos.2.4 --> [13, 1, 19, 0, 3, 0, 0, 0])
Transition([41, 2, 14, 0, 0, 0, 0, 0] -- startLiveCheck --> [41, 3, 14, 1, 0, 1, 0, 0])
Transition([5, 2, 42, 0, 0, 0, 0, 0] -- startLiveCheck --> [5, 3, 42, 1, 0, 1, 0, 0])
Transition([0, 3, 48, 2, 0, 2, 0, 0] -- checkLiveDone --> [0, 4, 48, 0, 0, 0, 0, 0])
Transition([13, 1, 14, 0, 16, 0, 0, 0] -- 1.getPos.2.4 --> [13, 1, 14, 0, 4, 0, 0, 0])
Transition([6, 2, 6, 0, 0, 0, 0, 0] -- startLiveCheck --> [6, 3, 6, 1, 0, 1, 0, 0])
Transition([34, 1, 42, 0, 50, 0, 0, 0] -- 1.getPos.4.2 --> [34, 1, 42, 0, 3, 0, 0, 0])
Transition([0, 3, 27, 2, 0, 2, 0, 0] -- checkLiveDone --> [0, 4, 27, 0, 0, 0, 0, 0])
Transition([41, 2, 19, 0, 0, 0, 0, 0] -- startLiveCheck --> [41, 3, 19, 1, 0, 1, 0, 0])
Transition([24, 0, 34, 0, 0, 0, 0, 0] -- startSafeCheck --> [24, 1, 34, 0, 1, 0, 0, 0])
Transition([5, 2, 48, 0, 0, 0, 0, 0] -- startLiveCheck --> [5, 3, 48, 1, 0, 1, 0, 0])
Transition([0, 3, 26, 2, 0, 2, 0, 0] -- checkLiveDone --> [0, 4, 26, 0, 0, 0, 0, 0])
Transition([41, 2, 0, 0, 0, 0, 0, 0] -- startLiveCheck --> [41, 3, 0, 1, 0, 1, 0, 0])
Transition([0, 4, 26, 0, 0, 0, 0, 0] -- down --> [0, 125, 26, 0, 0, 0, 0, 0])
Transition([41, 3, 0, 1, 0, 1, 0, 0] -- 1.getPos.3.2 --> [41, 3, 0, 2, 0, 2, 0, 0])
Transition([0, 4, 26, 0, 0, 0, 0, 0] -- left --> [0, 365, 26, 0, 0, 0, 0, 0])
Transition([41, 3, 14, 1, 0, 1, 0, 0] -- 1.getPos.3.2 --> [41, 3, 14, 2, 0, 2, 0, 0])
Transition([0, 4, 26, 0, 0, 0, 0, 0] -- right --> [0, 245, 26, 0, 0, 0, 0, 0])
Transition([34, 1, 48, 0, 3, 0, 0, 0] -- checkSafeOk --> [34, 2, 48, 0, 0, 0, 0, 0])
Transition([0, 4, 26, 0, 0, 0, 0, 0] -- up --> [0, 5, 26, 0, 0, 0, 0, 0])
Transition([5, 3, 0, 1, 0, 1, 0, 0] -- 1.getPos.2.3 --> [5, 3, 0, 2, 0, 2, 0, 0])
Transition([34, 1, 6, 0, 3, 0, 0, 0] -- checkSafeOk --> [34, 2, 6, 0, 0, 0, 0, 0])
Transition([19, 3, 6, 1, 0, 1, 0, 0] -- 1.getPos.1.2 --> [19, 3, 6, 2, 0, 2, 0, 0])
Transition([13, 1, 6, 0, 3, 0, 0, 0] -- checkSafeOk --> [13, 2, 6, 0, 0, 0, 0, 0])
Transition([12, 1, 14, 0, 1, 0, 0, 0] -- 0.getPos.2.4 --> [12, 1, 14, 0, 16, 0, 0, 0])
Transition([0, 4, 34, 0, 0, 0, 0, 0] -- down --> [0, 125, 34, 0, 0, 0, 0, 0])
Transition([13, 1, 19, 0, 3, 0, 0, 0] -- checkSafeOk --> [13, 2, 19, 0, 0, 0, 0, 0])
Transition([0, 4, 34, 0, 0, 0, 0, 0] -- left --> [0, 365, 34, 0, 0, 0, 0, 0])
Transition([5, 3, 19, 1, 0, 1, 0, 0] -- 1.getPos.2.3 --> [5, 3, 19, 2, 0, 2, 0, 0])
Transition([0, 4, 34, 0, 0, 0, 0, 0] -- right --> [0, 245, 34, 0, 0, 0, 0, 0])
Transition([13, 1, 48, 0, 3, 0, 0, 0] -- checkSafeOk --> [13, 2, 48, 0, 0, 0, 0, 0])
Transition([0, 4, 34, 0, 0, 0, 0, 0] -- up --> [0, 5, 34, 0, 0, 0, 0, 0])
Transition([41, 3, 42, 1, 0, 1, 0, 0] -- 1.getPos.3.2 --> [41, 3, 42, 2, 0, 2, 0, 0])
Transition([0, 4, 14, 0, 0, 0, 0, 0] -- down --> [0, 125, 14, 0, 0, 0, 0, 0])
Transition([5, 3, 34, 1, 0, 1, 0, 0] -- 1.getPos.2.3 --> [5, 3, 34, 2, 0, 2, 0, 0])
Transition([41, 3, 48, 1, 0, 1, 0, 0] -- 1.getPos.3.2 --> [41, 3, 48, 2, 0, 2, 0, 0])
Transition([0, 4, 14, 0, 0, 0, 0, 0] -- left --> [0, 365, 14, 0, 0, 0, 0, 0])
Transition([5, 3, 48, 1, 0, 1, 0, 0] -- 1.getPos.2.3 --> [5, 3, 48, 2, 0, 2, 0, 0])
Transition([0, 4, 14, 0, 0, 0, 0, 0] -- right --> [0, 245, 14, 0, 0, 0, 0, 0])
Transition([34, 1, 42, 0, 3, 0, 0, 0] -- checkSafeOk --> [34, 2, 42, 0, 0, 0, 0, 0])
Transition([0, 4, 14, 0, 0, 0, 0, 0] -- up --> [0, 5, 14, 0, 0, 0, 0, 0])
Transition([0, 4, 48, 0, 0, 0, 0, 0] -- down --> [0, 125, 48, 0, 0, 0, 0, 0])
Transition([5, 3, 42, 1, 0, 1, 0, 0] -- 1.getPos.2.3 --> [5, 3, 42, 2, 0, 2, 0, 0])
Transition([0, 4, 48, 0, 0, 0, 0, 0] -- left --> [0, 365, 48, 0, 0, 0, 0, 0])
Transition([6, 3, 6, 1, 0, 1, 0, 0] -- 1.getPos.2.1 --> [6, 3, 6, 2, 0, 2, 0, 0])
Transition([0, 4, 48, 0, 0, 0, 0, 0] -- right --> [0, 245, 48, 0, 0, 0, 0, 0])
Transition([24, 1, 34, 0, 1, 0, 0, 0] -- 0.getPos.4.2 --> [24, 1, 34, 0, 38, 0, 0, 0])
Transition([0, 4, 48, 0, 0, 0, 0, 0] -- up --> [0, 5, 48, 0, 0, 0, 0, 0])
Transition([0, 4, 27, 0, 0, 0, 0, 0] -- down --> [0, 125, 27, 0, 0, 0, 0, 0])
Transition([41, 3, 19, 1, 0, 1, 0, 0] -- 1.getPos.3.2 --> [41, 3, 19, 2, 0, 2, 0, 0])
Transition([0, 4, 27, 0, 0, 0, 0, 0] -- left --> [0, 365, 27, 0, 0, 0, 0, 0])
Transition([0, 4, 27, 0, 0, 0, 0, 0] -- right --> [0, 245, 27, 0, 0, 0, 0, 0])
Transition([0, 4, 27, 0, 0, 0, 0, 0] -- up --> [0, 5, 27, 0, 0, 0, 0, 0])
Transition([13, 2, 6, 0, 0, 0, 0, 0] -- startLiveCheck --> [13, 3, 6, 1, 0, 1, 0, 0])
Transition([0, 5, 27, 0, 0, 0, 0, 0] -- 0.getPos.1.5 --> [0, 17, 27, 0, 0, 0, 0, 0])
Transition([41, 3, 0, 2, 0, 2, 0, 0] -- checkLiveDone --> [41, 4, 0, 0, 0, 0, 0, 0])
Transition([0, 245, 27, 0, 0, 0, 0, 0] -- 0.getPos.1.5 --> [0, 271, 27, 0, 0, 0, 0, 0])
Transition([5, 3, 0, 2, 0, 2, 0, 0] -- checkLiveDone --> [5, 4, 0, 0, 0, 0, 0, 0])
Transition([34, 2, 48, 0, 0, 0, 0, 0] -- startLiveCheck --> [34, 3, 48, 1, 0, 1, 0, 0])
Transition([19, 3, 6, 2, 0, 2, 0, 0] -- checkLiveDone --> [19, 4, 6, 0, 0, 0, 0, 0])
Transition([0, 365, 14, 0, 0, 0, 0, 0] -- 0.getPos.2.4 --> [0, 379, 14, 0, 0, 0, 0, 0])
Transition([0, 245, 14, 0, 0, 0, 0, 0] -- 0.getPos.2.4 --> [0, 257, 14, 0, 0, 0, 0, 0])
Transition([5, 3, 34, 2, 0, 2, 0, 0] -- checkLiveDone --> [5, 4, 34, 0, 0, 0, 0, 0])
Transition([0, 125, 48, 0, 0, 0, 0, 0] -- 0.getPos.3.3 --> [0, 242, 48, 0, 0, 0, 0, 0])
Transition([0, 365, 48, 0, 0, 0, 0, 0] -- 0.getPos.3.3 --> [0, 482, 48, 0, 0, 0, 0, 0])
Transition([34, 2, 6, 0, 0, 0, 0, 0] -- startLiveCheck --> [34, 3, 6, 1, 0, 1, 0, 0])
Transition([41, 3, 14, 2, 0, 2, 0, 0] -- checkLiveDone --> [41, 4, 14, 0, 0, 0, 0, 0])
Transition([0, 245, 48, 0, 0, 0, 0, 0] -- 0.getPos.3.3 --> [0, 362, 48, 0, 0, 0, 0, 0])
Transition([0, 125, 27, 0, 0, 0, 0, 0] -- 0.getPos.1.5 --> [0, 159, 27, 0, 0, 0, 0, 0])
Transition([0, 5, 26, 0, 0, 0, 0, 0] -- 0.getPos.5.1 --> [0, 80, 26, 0, 0, 0, 0, 0])
Transition([0, 365, 27, 0, 0, 0, 0, 0] -- 0.getPos.1.5 --> [0, 395, 27, 0, 0, 0, 0, 0])
Transition([41, 3, 19, 2, 0, 2, 0, 0] -- checkLiveDone --> [41, 4, 19, 0, 0, 0, 0, 0])
Transition([41, 3, 42, 2, 0, 2, 0, 0] -- checkLiveDone --> [41, 4, 42, 0, 0, 0, 0, 0])
Transition([13, 2, 19, 0, 0, 0, 0, 0] -- startLiveCheck --> [13, 3, 19, 1, 0, 1, 0, 0])
Transition([12, 1, 14, 0, 16, 0, 0, 0] -- 1.getPos.2.5 --> [12, 1, 14, 0, 3, 0, 0, 0])
Transition([0, 5, 34, 0, 0, 0, 0, 0] -- 0.getPos.4.2 --> [0, 101, 34, 0, 0, 0, 0, 0])
Transition([5, 3, 19, 2, 0, 2, 0, 0] -- checkLiveDone --> [5, 4, 19, 0, 0, 0, 0, 0])
Transition([13, 2, 48, 0, 0, 0, 0, 0] -- startLiveCheck --> [13, 3, 48, 1, 0, 1, 0, 0])
Transition([0, 5, 48, 0, 0, 0, 0, 0] -- 0.getPos.3.3 --> [0, 122, 48, 0, 0, 0, 0, 0])
Transition([0, 5, 14, 0, 0, 0, 0, 0] -- 0.getPos.2.4 --> [0, 11, 14, 0, 0, 0, 0, 0])
Transition([5, 3, 48, 2, 0, 2, 0, 0] -- checkLiveDone --> [5, 4, 48, 0, 0, 0, 0, 0])
Transition([41, 3, 48, 2, 0, 2, 0, 0] -- checkLiveDone --> [41, 4, 48, 0, 0, 0, 0, 0])
Transition([0, 125, 26, 0, 0, 0, 0, 0] -- 0.getPos.5.1 --> [0, 200, 26, 0, 0, 0, 0, 0])
Transition([34, 2, 42, 0, 0, 0, 0, 0] -- startLiveCheck --> [34, 3, 42, 1, 0, 1, 0, 0])
Transition([0, 365, 26, 0, 0, 0, 0, 0] -- 0.getPos.5.1 --> [0, 450, 26, 0, 0, 0, 0, 0])
Transition([0, 245, 26, 0, 0, 0, 0, 0] -- 0.getPos.5.1 --> [0, 328, 26, 0, 0, 0, 0, 0])
Transition([24, 1, 34, 0, 38, 0, 0, 0] -- 1.getPos.5.2 --> [24, 1, 34, 0, 3, 0, 0, 0])
Transition([5, 3, 42, 2, 0, 2, 0, 0] -- checkLiveDone --> [5, 4, 42, 0, 0, 0, 0, 0])
Transition([0, 125, 34, 0, 0, 0, 0, 0] -- 0.getPos.4.2 --> [0, 221, 34, 0, 0, 0, 0, 0])
Transition([0, 365, 34, 0, 0, 0, 0, 0] -- 0.getPos.4.2 --> [0, 467, 34, 0, 0, 0, 0, 0])
Transition([6, 3, 6, 2, 0, 2, 0, 0] -- checkLiveDone --> [6, 4, 6, 0, 0, 0, 0, 0])
Transition([0, 245, 34, 0, 0, 0, 0, 0] -- 0.getPos.4.2 --> [0, 345, 34, 0, 0, 0, 0, 0])
Transition([0, 125, 14, 0, 0, 0, 0, 0] -- 0.getPos.2.4 --> [0, 141, 14, 0, 0, 0, 0, 0])
Transition([0, 345, 34, 0, 0, 0, 0, 0] -- 0.setPos.4.3 --> [0, 0, 33, 0, 0, 0, 0, 0])
Transition([0, 141, 14, 0, 0, 0, 0, 0] -- 0.setPos.3.4 --> [0, 0, 47, 0, 0, 0, 0, 0])
Transition([0, 101, 34, 0, 0, 0, 0, 0] -- 0.setPos.3.2 --> [0, 0, 41, 0, 0, 0, 0, 0])
Transition([0, 362, 48, 0, 0, 0, 0, 0] -- 0.setPos.3.4 --> [0, 0, 47, 0, 0, 0, 0, 0])
Transition([5, 4, 34, 0, 0, 0, 0, 0] -- down --> [5, 125, 34, 0, 0, 0, 0, 0])
Transition([0, 257, 14, 0, 0, 0, 0, 0] -- 0.setPos.2.5 --> [0, 0, 13, 0, 0, 0, 0, 0])
Transition([5, 4, 34, 0, 0, 0, 0, 0] -- left --> [5, 365, 34, 0, 0, 0, 0, 0])
Transition([0, 379, 14, 0, 0, 0, 0, 0] -- 0.setPos.2.3 --> [0, 0, 5, 0, 0, 0, 0, 0])
Transition([5, 4, 34, 0, 0, 0, 0, 0] -- right --> [5, 245, 34, 0, 0, 0, 0, 0])
Transition([0, 271, 27, 0, 0, 0, 0, 0] -- 0.setPos.1.6 --> [0, 0, 25, 0, 0, 0, 0, 0])
Transition([5, 4, 34, 0, 0, 0, 0, 0] -- up --> [5, 5, 34, 0, 0, 0, 0, 0])
Transition([13, 3, 6, 1, 0, 1, 0, 0] -- 1.getPos.2.4 --> [13, 3, 6, 2, 0, 2, 0, 0])
Transition([41, 4, 0, 0, 0, 0, 0, 0] -- down --> [41, 125, 0, 0, 0, 0, 0, 0])
Transition([19, 4, 6, 0, 0, 0, 0, 0] -- down --> [19, 125, 6, 0, 0, 0, 0, 0])
Transition([41, 4, 0, 0, 0, 0, 0, 0] -- left --> [41, 365, 0, 0, 0, 0, 0, 0])
Transition([19, 4, 6, 0, 0, 0, 0, 0] -- left --> [19, 365, 6, 0, 0, 0, 0, 0])
Transition([41, 4, 0, 0, 0, 0, 0, 0] -- right --> [41, 245, 0, 0, 0, 0, 0, 0])
Transition([19, 4, 6, 0, 0, 0, 0, 0] -- right --> [19, 245, 6, 0, 0, 0, 0, 0])
Transition([41, 4, 0, 0, 0, 0, 0, 0] -- up --> [41, 5, 0, 0, 0, 0, 0, 0])
Transition([19, 4, 6, 0, 0, 0, 0, 0] -- up --> [19, 5, 6, 0, 0, 0, 0, 0])
Transition([5, 4, 0, 0, 0, 0, 0, 0] -- down --> [5, 125, 0, 0, 0, 0, 0, 0])
Transition([34, 3, 48, 1, 0, 1, 0, 0] -- 1.getPos.4.2 --> [34, 3, 48, 2, 0, 2, 0, 0])
Transition([5, 4, 0, 0, 0, 0, 0, 0] -- left --> [5, 365, 0, 0, 0, 0, 0, 0])
Transition([41, 4, 14, 0, 0, 0, 0, 0] -- down --> [41, 125, 14, 0, 0, 0, 0, 0])
Transition([5, 4, 0, 0, 0, 0, 0, 0] -- right --> [5, 245, 0, 0, 0, 0, 0, 0])
Transition([41, 4, 14, 0, 0, 0, 0, 0] -- left --> [41, 365, 14, 0, 0, 0, 0, 0])
Transition([5, 4, 0, 0, 0, 0, 0, 0] -- up --> [5, 5, 0, 0, 0, 0, 0, 0])
Transition([41, 4, 14, 0, 0, 0, 0, 0] -- right --> [41, 245, 14, 0, 0, 0, 0, 0])
Transition([0, 242, 48, 0, 0, 0, 0, 0] -- 0.setPos.4.3 --> [0, 0, 33, 0, 0, 0, 0, 0])
Transition([41, 4, 14, 0, 0, 0, 0, 0] -- up --> [41, 5, 14, 0, 0, 0, 0, 0])
Transition([34, 3, 6, 1, 0, 1, 0, 0] -- 1.getPos.4.2 --> [34, 3, 6, 2, 0, 2, 0, 0])
Transition([12, 1, 14, 0, 3, 0, 0, 0] -- checkSafeOk --> [12, 2, 14, 0, 0, 0, 0, 0])
Transition([0, 395, 27, 0, 0, 0, 0, 0] -- 0.setPos.1.4 --> [0, 0, 18, 0, 0, 0, 0, 0])
Transition([0, 159, 27, 0, 0, 0, 0, 0] -- 0.setPos.2.5 --> [0, 0, 13, 0, 0, 0, 0, 0])
Transition([0, 80, 26, 0, 0, 0, 0, 0] -- 0.setPos.4.1 --> [0, 0, 30, 0, 0, 0, 0, 0])
Transition([13, 3, 19, 1, 0, 1, 0, 0] -- 1.getPos.2.4 --> [13, 3, 19, 2, 0, 2, 0, 0])
Transition([41, 4, 19, 0, 0, 0, 0, 0] -- down --> [41, 125, 19, 0, 0, 0, 0, 0])
Transition([41, 4, 42, 0, 0, 0, 0, 0] -- down --> [41, 125, 42, 0, 0, 0, 0, 0])
Transition([41, 4, 19, 0, 0, 0, 0, 0] -- left --> [41, 365, 19, 0, 0, 0, 0, 0])
Transition([41, 4, 42, 0, 0, 0, 0, 0] -- left --> [41, 365, 42, 0, 0, 0, 0, 0])
Transition([41, 4, 19, 0, 0, 0, 0, 0] -- right --> [41, 245, 19, 0, 0, 0, 0, 0])
Transition([41, 4, 42, 0, 0, 0, 0, 0] -- right --> [41, 245, 42, 0, 0, 0, 0, 0])
Transition([41, 4, 19, 0, 0, 0, 0, 0] -- up --> [41, 5, 19, 0, 0, 0, 0, 0])
Transition([41, 4, 42, 0, 0, 0, 0, 0] -- up --> [41, 5, 42, 0, 0, 0, 0, 0])
Transition([6, 4, 6, 0, 0, 0, 0, 0] -- down --> [6, 125, 6, 0, 0, 0, 0, 0])
Transition([0, 200, 26, 0, 0, 0, 0, 0] -- 0.setPos.6.1 --> [0, 0, 12, 0, 0, 0, 0, 0])
Transition([6, 4, 6, 0, 0, 0, 0, 0] -- left --> [6, 365, 6, 0, 0, 0, 0, 0])
Transition([0, 122, 48, 0, 0, 0, 0, 0] -- 0.setPos.2.3 --> [0, 0, 5, 0, 0, 0, 0, 0])
Transition([6, 4, 6, 0, 0, 0, 0, 0] -- right --> [6, 245, 6, 0, 0, 0, 0, 0])
Transition([5, 4, 19, 0, 0, 0, 0, 0] -- down --> [5, 125, 19, 0, 0, 0, 0, 0])
Transition([6, 4, 6, 0, 0, 0, 0, 0] -- up --> [6, 5, 6, 0, 0, 0, 0, 0])
Transition([5, 4, 19, 0, 0, 0, 0, 0] -- left --> [5, 365, 19, 0, 0, 0, 0, 0])
Transition([13, 3, 48, 1, 0, 1, 0, 0] -- 1.getPos.2.4 --> [13, 3, 48, 2, 0, 2, 0, 0])
Transition([5, 4, 19, 0, 0, 0, 0, 0] -- right --> [5, 245, 19, 0, 0, 0, 0, 0])
Transition([41, 4, 48, 0, 0, 0, 0, 0] -- down --> [41, 125, 48, 0, 0, 0, 0, 0])
Transition([5, 4, 19, 0, 0, 0, 0, 0] -- up --> [5, 5, 19, 0, 0, 0, 0, 0])
Transition([41, 4, 48, 0, 0, 0, 0, 0] -- left --> [41, 365, 48, 0, 0, 0, 0, 0])
Transition([0, 11, 14, 0, 0, 0, 0, 0] -- 0.setPos.1.4 --> [0, 0, 18, 0, 0, 0, 0, 0])
Transition([41, 4, 48, 0, 0, 0, 0, 0] -- right --> [41, 245, 48, 0, 0, 0, 0, 0])
Transition([5, 4, 48, 0, 0, 0, 0, 0] -- down --> [5, 125, 48, 0, 0, 0, 0, 0])
Transition([41, 4, 48, 0, 0, 0, 0, 0] -- up --> [41, 5, 48, 0, 0, 0, 0, 0])
Transition([5, 4, 48, 0, 0, 0, 0, 0] -- left --> [5, 365, 48, 0, 0, 0, 0, 0])
Transition([0, 467, 34, 0, 0, 0, 0, 0] -- 0.setPos.4.1 --> [0, 0, 30, 0, 0, 0, 0, 0])
Transition([5, 4, 48, 0, 0, 0, 0, 0] -- right --> [5, 245, 48, 0, 0, 0, 0, 0])
Transition([0, 328, 26, 0, 0, 0, 0, 0] -- 0.setPos.5.2 --> [0, 0, 24, 0, 0, 0, 0, 0])
Transition([5, 4, 48, 0, 0, 0, 0, 0] -- up --> [5, 5, 48, 0, 0, 0, 0, 0])
Transition([34, 3, 42, 1, 0, 1, 0, 0] -- 1.getPos.4.2 --> [34, 3, 42, 2, 0, 2, 0, 0])
Transition([0, 482, 48, 0, 0, 0, 0, 0] -- 0.setPos.3.2 --> [0, 0, 41, 0, 0, 0, 0, 0])
Transition([0, 221, 34, 0, 0, 0, 0, 0] -- 0.setPos.5.2 --> [0, 0, 24, 0, 0, 0, 0, 0])
Transition([24, 1, 34, 0, 3, 0, 0, 0] -- checkSafeOk --> [24, 2, 34, 0, 0, 0, 0, 0])
Transition([5, 4, 42, 0, 0, 0, 0, 0] -- down --> [5, 125, 42, 0, 0, 0, 0, 0])
Transition([5, 4, 42, 0, 0, 0, 0, 0] -- left --> [5, 365, 42, 0, 0, 0, 0, 0])
Transition([5, 4, 42, 0, 0, 0, 0, 0] -- right --> [5, 245, 42, 0, 0, 0, 0, 0])
Transition([5, 4, 42, 0, 0, 0, 0, 0] -- up --> [5, 5, 42, 0, 0, 0, 0, 0])
Transition([5, 5, 48, 0, 0, 0, 0, 0] -- 0.getPos.3.3 --> [5, 122, 48, 0, 0, 0, 0, 0])
Transition([5, 5, 42, 0, 0, 0, 0, 0] -- 0.getPos.3.1 --> [5, 116, 42, 0, 0, 0, 0, 0])
Transition([41, 365, 14, 0, 0, 0, 0, 0] -- 0.getPos.2.4 --> [41, 379, 14, 0, 0, 0, 0, 0])
Transition([5, 5, 0, 0, 0, 0, 0, 0] -- 0.getPos.1.1 --> [5, 19, 0, 0, 0, 0, 0, 0])
Transition([13, 3, 6, 2, 0, 2, 0, 0] -- checkLiveDone --> [13, 4, 6, 0, 0, 0, 0, 0])
Transition([5, 245, 42, 0, 0, 0, 0, 0] -- 0.getPos.3.1 --> [5, 356, 42, 0, 0, 0, 0, 0])
Transition([0, 0, 13, 0, 0, 0, 0, 0] -- startSafeCheck --> [0, 1, 13, 0, 1, 0, 0, 0])
Transition([0, 0, 33, 0, 0, 0, 0, 0] -- startSafeCheck --> [0, 1, 33, 0, 1, 0, 0, 0])
Transition([0, 0, 47, 0, 0, 0, 0, 0] -- startSafeCheck --> [0, 1, 47, 0, 1, 0, 0, 0])
Transition([5, 5, 34, 0, 0, 0, 0, 0] -- 0.getPos.4.2 --> [5, 101, 34, 0, 0, 0, 0, 0])
Transition([5, 365, 34, 0, 0, 0, 0, 0] -- 0.getPos.4.2 --> [5, 467, 34, 0, 0, 0, 0, 0])
Transition([0, 0, 25, 0, 0, 0, 0, 0] -- startSafeCheck --> [0, 1, 25, 0, 1, 0, 0, 0])
Transition([34, 3, 48, 2, 0, 2, 0, 0] -- checkLiveDone --> [34, 4, 48, 0, 0, 0, 0, 0])
Transition([41, 5, 0, 0, 0, 0, 0, 0] -- 0.getPos.1.1 --> [41, 19, 0, 0, 0, 0, 0, 0])
Transition([5, 125, 34, 0, 0, 0, 0, 0] -- 0.getPos.4.2 --> [5, 221, 34, 0, 0, 0, 0, 0])
Transition([5, 365, 42, 0, 0, 0, 0, 0] -- 0.getPos.3.1 --> [5, 478, 42, 0, 0, 0, 0, 0])
Transition([5, 245, 34, 0, 0, 0, 0, 0] -- 0.getPos.4.2 --> [5, 345, 34, 0, 0, 0, 0, 0])
Transition([5, 125, 42, 0, 0, 0, 0, 0] -- 0.getPos.3.1 --> [5, 236, 42, 0, 0, 0, 0, 0])
Transition([19, 5, 6, 0, 0, 0, 0, 0] -- 0.getPos.2.2 --> [19, 9, 6, 0, 0, 0, 0, 0])
Transition([41, 125, 0, 0, 0, 0, 0, 0] -- 0.getPos.1.1 --> [41, 165, 0, 0, 0, 0, 0, 0])
Transition([19, 125, 6, 0, 0, 0, 0, 0] -- 0.getPos.2.2 --> [19, 135, 6, 0, 0, 0, 0, 0])
Transition([13, 3, 19, 2, 0, 2, 0, 0] -- checkLiveDone --> [13, 4, 19, 0, 0, 0, 0, 0])
Transition([34, 3, 6, 2, 0, 2, 0, 0] -- checkLiveDone --> [34, 4, 6, 0, 0, 0, 0, 0])
Transition([41, 245, 14, 0, 0, 0, 0, 0] -- 0.getPos.2.4 --> [41, 257, 14, 0, 0, 0, 0, 0])
Transition([41, 365, 0, 0, 0, 0, 0, 0] -- 0.getPos.1.1 --> [41, 399, 0, 0, 0, 0, 0, 0])
Transition([19, 365, 6, 0, 0, 0, 0, 0] -- 0.getPos.2.2 --> [19, 375, 6, 0, 0, 0, 0, 0])
Transition([41, 245, 48, 0, 0, 0, 0, 0] -- 0.getPos.3.3 --> [41, 362, 48, 0, 0, 0, 0, 0])
Transition([41, 5, 14, 0, 0, 0, 0, 0] -- 0.getPos.2.4 --> [41, 11, 14, 0, 0, 0, 0, 0])
Transition([41, 245, 0, 0, 0, 0, 0, 0] -- 0.getPos.1.1 --> [41, 277, 0, 0, 0, 0, 0, 0])
Transition([19, 245, 6, 0, 0, 0, 0, 0] -- 0.getPos.2.2 --> [19, 251, 6, 0, 0, 0, 0, 0])
Transition([41, 125, 14, 0, 0, 0, 0, 0] -- 0.getPos.2.4 --> [41, 141, 14, 0, 0, 0, 0, 0])
Transition([12, 2, 14, 0, 0, 0, 0, 0] -- startLiveCheck --> [12, 3, 14, 1, 0, 1, 0, 0])
Transition([5, 125, 0, 0, 0, 0, 0, 0] -- 0.getPos.1.1 --> [5, 165, 0, 0, 0, 0, 0, 0])
Transition([5, 365, 0, 0, 0, 0, 0, 0] -- 0.getPos.1.1 --> [5, 399, 0, 0, 0, 0, 0, 0])
Transition([5, 245, 0, 0, 0, 0, 0, 0] -- 0.getPos.1.1 --> [5, 277, 0, 0, 0, 0, 0, 0])
Transition([41, 125, 48, 0, 0, 0, 0, 0] -- 0.getPos.3.3 --> [41, 242, 48, 0, 0, 0, 0, 0])
Transition([41, 125, 19, 0, 0, 0, 0, 0] -- 0.getPos.1.3 --> [41, 153, 19, 0, 0, 0, 0, 0])
Transition([41, 125, 42, 0, 0, 0, 0, 0] -- 0.getPos.3.1 --> [41, 236, 42, 0, 0, 0, 0, 0])
Transition([34, 3, 42, 2, 0, 2, 0, 0] -- checkLiveDone --> [34, 4, 42, 0, 0, 0, 0, 0])
Transition([5, 5, 19, 0, 0, 0, 0, 0] -- 0.getPos.1.3 --> [5, 15, 19, 0, 0, 0, 0, 0])
Transition([0, 0, 12, 0, 0, 0, 0, 0] -- startSafeCheck --> [0, 1, 12, 0, 1, 0, 0, 0])
Transition([5, 245, 19, 0, 0, 0, 0, 0] -- 0.getPos.1.3 --> [5, 267, 19, 0, 0, 0, 0, 0])
Transition([41, 5, 19, 0, 0, 0, 0, 0] -- 0.getPos.1.3 --> [41, 15, 19, 0, 0, 0, 0, 0])
Transition([41, 365, 19, 0, 0, 0, 0, 0] -- 0.getPos.1.3 --> [41, 389, 19, 0, 0, 0, 0, 0])
Transition([5, 365, 19, 0, 0, 0, 0, 0] -- 0.getPos.1.3 --> [5, 389, 19, 0, 0, 0, 0, 0])
Transition([41, 365, 42, 0, 0, 0, 0, 0] -- 0.getPos.3.1 --> [41, 478, 42, 0, 0, 0, 0, 0])
Transition([41, 5, 42, 0, 0, 0, 0, 0] -- 0.getPos.3.1 --> [41, 116, 42, 0, 0, 0, 0, 0])
Transition([5, 125, 19, 0, 0, 0, 0, 0] -- 0.getPos.1.3 --> [5, 153, 19, 0, 0, 0, 0, 0])
Transition([41, 245, 19, 0, 0, 0, 0, 0] -- 0.getPos.1.3 --> [41, 267, 19, 0, 0, 0, 0, 0])
Transition([41, 245, 42, 0, 0, 0, 0, 0] -- 0.getPos.3.1 --> [41, 356, 42, 0, 0, 0, 0, 0])
Transition([13, 3, 48, 2, 0, 2, 0, 0] -- checkLiveDone --> [13, 4, 48, 0, 0, 0, 0, 0])
Transition([6, 365, 6, 0, 0, 0, 0, 0] -- 0.getPos.2.2 --> [6, 375, 6, 0, 0, 0, 0, 0])
Transition([6, 125, 6, 0, 0, 0, 0, 0] -- 0.getPos.2.2 --> [6, 135, 6, 0, 0, 0, 0, 0])
Transition([6, 245, 6, 0, 0, 0, 0, 0] -- 0.getPos.2.2 --> [6, 251, 6, 0, 0, 0, 0, 0])
Transition([6, 5, 6, 0, 0, 0, 0, 0] -- 0.getPos.2.2 --> [6, 9, 6, 0, 0, 0, 0, 0])
Transition([0, 0, 24, 0, 0, 0, 0, 0] -- startSafeCheck --> [0, 1, 24, 0, 1, 0, 0, 0])
Transition([5, 365, 48, 0, 0, 0, 0, 0] -- 0.getPos.3.3 --> [5, 482, 48, 0, 0, 0, 0, 0])
Transition([41, 365, 48, 0, 0, 0, 0, 0] -- 0.getPos.3.3 --> [41, 482, 48, 0, 0, 0, 0, 0])
Transition([41, 5, 48, 0, 0, 0, 0, 0] -- 0.getPos.3.3 --> [41, 122, 48, 0, 0, 0, 0, 0])
Transition([24, 2, 34, 0, 0, 0, 0, 0] -- startLiveCheck --> [24, 3, 34, 1, 0, 1, 0, 0])
Transition([5, 245, 48, 0, 0, 0, 0, 0] -- 0.getPos.3.3 --> [5, 362, 48, 0, 0, 0, 0, 0])
Transition([5, 125, 48, 0, 0, 0, 0, 0] -- 0.getPos.3.3 --> [5, 242, 48, 0, 0, 0, 0, 0])
Transition([5, 362, 48, 0, 0, 0, 0, 0] -- 0.setPos.3.4 --> [5, 0, 47, 0, 0, 0, 0, 0])
Transition([5, 242, 48, 0, 0, 0, 0, 0] -- 0.setPos.4.3 --> [5, 0, 33, 0, 0, 0, 0, 0])
Transition([41, 242, 48, 0, 0, 0, 0, 0] -- 0.setPos.4.3 --> [41, 0, 33, 0, 0, 0, 0, 0])
Transition([5, 236, 42, 0, 0, 0, 0, 0] -- 0.setPos.4.1 --> [5, 0, 30, 0, 0, 0, 0, 0])
Transition([0, 1, 33, 0, 1, 0, 0, 0] -- 0.getPos.4.3 --> [0, 1, 33, 0, 37, 0, 0, 0])
Transition([41, 379, 14, 0, 0, 0, 0, 0] -- 0.setPos.2.3 --> [41, 0, 5, 0, 0, 0, 0, 0])
Transition([5, 122, 48, 0, 0, 0, 0, 0] -- 0.setPos.2.3 --> [5, 0, 5, 0, 0, 0, 0, 0])
Transition([5, 153, 19, 0, 0, 0, 0, 0] -- 0.setPos.2.3 --> [5, 0, 5, 0, 0, 0, 0, 0])
Transition([5, 122, 48, 0, 0, 0, 0, 0] -- 1.getPos.2.3 --> [5, 123, 48, 0, 0, 0, 0, 0])
Transition([5, 153, 19, 0, 0, 0, 0, 0] -- 1.getPos.2.3 --> [5, 154, 19, 0, 0, 0, 0, 0])
Transition([5, 116, 42, 0, 0, 0, 0, 0] -- 0.setPos.2.1 --> [5, 0, 7, 0, 0, 0, 0, 0])
Transition([0, 1, 13, 0, 1, 0, 0, 0] -- 0.getPos.2.5 --> [0, 1, 13, 0, 15, 0, 0, 0])
Transition([41, 116, 42, 0, 0, 0, 0, 0] -- 0.setPos.2.1 --> [41, 0, 7, 0, 0, 0, 0, 0])
Transition([13, 4, 6, 0, 0, 0, 0, 0] -- down --> [13, 125, 6, 0, 0, 0, 0, 0])
Transition([5, 267, 19, 0, 0, 0, 0, 0] -- 0.setPos.1.4 --> [5, 0, 18, 0, 0, 0, 0, 0])
Transition([13, 4, 6, 0, 0, 0, 0, 0] -- left --> [13, 365, 6, 0, 0, 0, 0, 0])
Transition([5, 356, 42, 0, 0, 0, 0, 0] -- 0.setPos.3.2 --> [5, 0, 41, 0, 0, 0, 0, 0])
Transition([13, 4, 6, 0, 0, 0, 0, 0] -- right --> [13, 245, 6, 0, 0, 0, 0, 0])
Transition([5, 345, 34, 0, 0, 0, 0, 0] -- 0.setPos.4.3 --> [5, 0, 33, 0, 0, 0, 0, 0])
Transition([13, 4, 6, 0, 0, 0, 0, 0] -- up --> [13, 5, 6, 0, 0, 0, 0, 0])
Transition([5, 467, 34, 0, 0, 0, 0, 0] -- 0.setPos.4.1 --> [5, 0, 30, 0, 0, 0, 0, 0])
Transition([0, 1, 47, 0, 1, 0, 0, 0] -- 0.getPos.3.4 --> [0, 1, 47, 0, 51, 0, 0, 0])
Transition([5, 101, 34, 0, 0, 0, 0, 0] -- 0.setPos.3.2 --> [5, 0, 41, 0, 0, 0, 0, 0])
Transition([5, 221, 34, 0, 0, 0, 0, 0] -- 0.setPos.5.2 --> [5, 0, 24, 0, 0, 0, 0, 0])
Transition([0, 1, 12, 0, 1, 0, 0, 0] -- 0.getPos.6.1 --> [0, 1, 12, 0, 14, 0, 0, 0])
Transition([0, 1, 25, 0, 1, 0, 0, 0] -- 0.getPos.1.6 --> [0, 1, 25, 0, 27, 0, 0, 0])
Transition([34, 4, 48, 0, 0, 0, 0, 0] -- down --> [34, 125, 48, 0, 0, 0, 0, 0])
Transition([5, 277, 0, 0, 0, 0, 0, 0] -- 0.setPos.1.2 --> [5, 0, 20, 0, 0, 0, 0, 0])
Transition([34, 4, 48, 0, 0, 0, 0, 0] -- left --> [34, 365, 48, 0, 0, 0, 0, 0])
Transition([19, 375, 6, 0, 0, 0, 0, 0] -- 0.setPos.2.1 --> [19, 0, 7, 0, 0, 0, 0, 0])
Transition([34, 4, 48, 0, 0, 0, 0, 0] -- right --> [34, 245, 48, 0, 0, 0, 0, 0])
Transition([19, 135, 6, 0, 0, 0, 0, 0] -- 0.setPos.3.2 --> [19, 0, 41, 0, 0, 0, 0, 0])
Transition([34, 4, 48, 0, 0, 0, 0, 0] -- up --> [34, 5, 48, 0, 0, 0, 0, 0])
Transition([19, 9, 6, 0, 0, 0, 0, 0] -- 0.setPos.1.2 --> [19, 0, 20, 0, 0, 0, 0, 0])
Transition([41, 165, 0, 0, 0, 0, 0, 0] -- 0.setPos.2.1 --> [41, 0, 7, 0, 0, 0, 0, 0])
Transition([41, 257, 14, 0, 0, 0, 0, 0] -- 0.setPos.2.5 --> [41, 0, 13, 0, 0, 0, 0, 0])
Transition([13, 4, 19, 0, 0, 0, 0, 0] -- down --> [13, 125, 19, 0, 0, 0, 0, 0])
Transition([34, 4, 6, 0, 0, 0, 0, 0] -- down --> [34, 125, 6, 0, 0, 0, 0, 0])
Transition([13, 4, 19, 0, 0, 0, 0, 0] -- left --> [13, 365, 19, 0, 0, 0, 0, 0])
Transition([34, 4, 6, 0, 0, 0, 0, 0] -- left --> [34, 365, 6, 0, 0, 0, 0, 0])
Transition([13, 4, 19, 0, 0, 0, 0, 0] -- right --> [13, 245, 19, 0, 0, 0, 0, 0])
Transition([34, 4, 6, 0, 0, 0, 0, 0] -- right --> [34, 245, 6, 0, 0, 0, 0, 0])
Transition([13, 4, 19, 0, 0, 0, 0, 0] -- up --> [13, 5, 19, 0, 0, 0, 0, 0])
Transition([34, 4, 6, 0, 0, 0, 0, 0] -- up --> [34, 5, 6, 0, 0, 0, 0, 0])
Transition([5, 165, 0, 0, 0, 0, 0, 0] -- 0.setPos.2.1 --> [5, 0, 7, 0, 0, 0, 0, 0])
Transition([41, 277, 0, 0, 0, 0, 0, 0] -- 0.setPos.1.2 --> [41, 0, 20, 0, 0, 0, 0, 0])
Transition([41, 362, 48, 0, 0, 0, 0, 0] -- 0.setPos.3.4 --> [41, 0, 47, 0, 0, 0, 0, 0])
Transition([41, 11, 14, 0, 0, 0, 0, 0] -- 0.setPos.1.4 --> [41, 0, 18, 0, 0, 0, 0, 0])
Transition([12, 3, 14, 1, 0, 1, 0, 0] -- 1.getPos.2.5 --> [12, 3, 14, 3, 0, 3, 0, 0])
Transition([19, 251, 6, 0, 0, 0, 0, 0] -- 0.setPos.2.3 --> [19, 0, 5, 0, 0, 0, 0, 0])
Transition([41, 141, 14, 0, 0, 0, 0, 0] -- 0.setPos.3.4 --> [41, 0, 47, 0, 0, 0, 0, 0])
Transition([24, 3, 34, 1, 0, 1, 0, 0] -- 1.getPos.5.2 --> [24, 3, 34, 2, 0, 2, 0, 0])
Transition([6, 375, 6, 0, 0, 0, 0, 0] -- 0.setPos.2.1 --> [6, 0, 7, 0, 0, 0, 0, 0])
Transition([5, 389, 19, 0, 0, 0, 0, 0] -- 0.setPos.1.2 --> [5, 0, 20, 0, 0, 0, 0, 0])
Transition([34, 4, 42, 0, 0, 0, 0, 0] -- down --> [34, 125, 42, 0, 0, 0, 0, 0])
Transition([41, 153, 19, 0, 0, 0, 0, 0] -- 0.setPos.2.3 --> [41, 0, 5, 0, 0, 0, 0, 0])
Transition([34, 4, 42, 0, 0, 0, 0, 0] -- left --> [34, 365, 42, 0, 0, 0, 0, 0])
Transition([41, 236, 42, 0, 0, 0, 0, 0] -- 0.setPos.4.1 --> [41, 0, 30, 0, 0, 0, 0, 0])
Transition([34, 4, 42, 0, 0, 0, 0, 0] -- right --> [34, 245, 42, 0, 0, 0, 0, 0])
Transition([41, 389, 19, 0, 0, 0, 0, 0] -- 0.setPos.1.2 --> [41, 0, 20, 0, 0, 0, 0, 0])
Transition([13, 4, 48, 0, 0, 0, 0, 0] -- down --> [13, 125, 48, 0, 0, 0, 0, 0])
Transition([41, 267, 19, 0, 0, 0, 0, 0] -- 0.setPos.1.4 --> [41, 0, 18, 0, 0, 0, 0, 0])
Transition([41, 356, 42, 0, 0, 0, 0, 0] -- 0.setPos.3.2 --> [41, 0, 41, 0, 0, 0, 0, 0])
Transition([34, 4, 42, 0, 0, 0, 0, 0] -- up --> [34, 5, 42, 0, 0, 0, 0, 0])
Transition([13, 4, 48, 0, 0, 0, 0, 0] -- left --> [13, 365, 48, 0, 0, 0, 0, 0])
Transition([41, 356, 42, 0, 0, 0, 0, 0] -- 1.getPos.3.2 --> [41, 357, 42, 0, 0, 0, 0, 0])
Transition([41, 122, 48, 0, 0, 0, 0, 0] -- 0.setPos.2.3 --> [41, 0, 5, 0, 0, 0, 0, 0])
Transition([13, 4, 48, 0, 0, 0, 0, 0] -- right --> [13, 245, 48, 0, 0, 0, 0, 0])
Transition([6, 9, 6, 0, 0, 0, 0, 0] -- 0.setPos.1.2 --> [6, 0, 20, 0, 0, 0, 0, 0])
Transition([6, 135, 6, 0, 0, 0, 0, 0] -- 0.setPos.3.2 --> [6, 0, 41, 0, 0, 0, 0, 0])
Transition([13, 4, 48, 0, 0, 0, 0, 0] -- up --> [13, 5, 48, 0, 0, 0, 0, 0])
Transition([6, 251, 6, 0, 0, 0, 0, 0] -- 0.setPos.2.3 --> [6, 0, 5, 0, 0, 0, 0, 0])
Transition([41, 482, 48, 0, 0, 0, 0, 0] -- 0.setPos.3.2 --> [41, 0, 41, 0, 0, 0, 0, 0])
Transition([0, 1, 24, 0, 1, 0, 0, 0] -- 0.getPos.5.2 --> [0, 1, 24, 0, 26, 0, 0, 0])
Transition([5, 482, 48, 0, 0, 0, 0, 0] -- 0.setPos.3.2 --> [5, 0, 41, 0, 0, 0, 0, 0])
Transition([41, 482, 48, 0, 0, 0, 0, 0] -- 1.getPos.3.2 --> [41, 483, 48, 0, 0, 0, 0, 0])
Transition([13, 245, 48, 0, 0, 0, 0, 0] -- 0.getPos.3.3 --> [13, 362, 48, 0, 0, 0, 0, 0])
Transition([41, 483, 48, 0, 0, 0, 0, 0] -- 1.setPos.3.1 --> [42, 484, 48, 0, 0, 0, 0, 0])
Transition([12, 3, 14, 3, 0, 3, 0, 0] -- win --> [12, 3, 14, 3, 0, 3, 0, 1])
Transition([5, 0, 24, 0, 0, 0, 0, 0] -- startSafeCheck --> [5, 1, 24, 0, 1, 0, 0, 0])
Transition([5, 154, 19, 0, 0, 0, 0, 0] -- 1.setPos.3.3 --> [48, 155, 19, 0, 0, 0, 0, 0])
Transition([41, 0, 33, 0, 0, 0, 0, 0] -- startSafeCheck --> [41, 1, 33, 0, 1, 0, 0, 0])
Transition([5, 0, 47, 0, 0, 0, 0, 0] -- startSafeCheck --> [5, 1, 47, 0, 1, 0, 0, 0])
Transition([5, 0, 33, 0, 0, 0, 0, 0] -- startSafeCheck --> [5, 1, 33, 0, 1, 0, 0, 0])
Transition([5, 123, 48, 0, 0, 0, 0, 0] -- 1.setPos.1.3 --> [18, 124, 48, 0, 0, 0, 0, 0])
Transition([5, 0, 30, 0, 0, 0, 0, 0] -- startSafeCheck --> [5, 1, 30, 0, 1, 0, 0, 0])
Transition([0, 1, 33, 0, 37, 0, 0, 0] -- 1.getPos.2.2 --> [0, 1, 33, 0, 3, 0, 0, 0])
Transition([0, 1, 47, 0, 51, 0, 0, 0] -- 1.getPos.2.2 --> [0, 1, 47, 0, 3, 0, 0, 0])
Transition([13, 365, 6, 0, 0, 0, 0, 0] -- 0.getPos.2.2 --> [13, 375, 6, 0, 0, 0, 0, 0])
Transition([0, 1, 13, 0, 15, 0, 0, 0] -- 1.getPos.2.2 --> [0, 1, 13, 0, 3, 0, 0, 0])
Transition([5, 0, 18, 0, 0, 0, 0, 0] -- startSafeCheck --> [5, 1, 18, 0, 1, 0, 0, 0])
Transition([13, 125, 6, 0, 0, 0, 0, 0] -- 0.getPos.2.2 --> [13, 135, 6, 0, 0, 0, 0, 0])
Transition([13, 245, 6, 0, 0, 0, 0, 0] -- 0.getPos.2.2 --> [13, 251, 6, 0, 0, 0, 0, 0])
Transition([13, 5, 6, 0, 0, 0, 0, 0] -- 0.getPos.2.2 --> [13, 9, 6, 0, 0, 0, 0, 0])
Transition([41, 0, 18, 0, 0, 0, 0, 0] -- startSafeCheck --> [41, 1, 18, 0, 1, 0, 0, 0])
Transition([19, 0, 20, 0, 0, 0, 0, 0] -- startSafeCheck --> [19, 1, 20, 0, 1, 0, 0, 0])
Transition([34, 125, 48, 0, 0, 0, 0, 0] -- 0.getPos.3.3 --> [34, 242, 48, 0, 0, 0, 0, 0])
Transition([0, 1, 12, 0, 14, 0, 0, 0] -- 1.getPos.2.2 --> [0, 1, 12, 0, 3, 0, 0, 0])
Transition([0, 1, 25, 0, 27, 0, 0, 0] -- 1.getPos.2.2 --> [0, 1, 25, 0, 3, 0, 0, 0])
Transition([34, 5, 48, 0, 0, 0, 0, 0] -- 0.getPos.3.3 --> [34, 122, 48, 0, 0, 0, 0, 0])
Transition([19, 0, 7, 0, 0, 0, 0, 0] -- startSafeCheck --> [19, 1, 7, 0, 1, 0, 0, 0])
Transition([19, 0, 41, 0, 0, 0, 0, 0] -- startSafeCheck --> [19, 1, 41, 0, 1, 0, 0, 0])
Transition([41, 0, 47, 0, 0, 0, 0, 0] -- startSafeCheck --> [41, 1, 47, 0, 1, 0, 0, 0])
Transition([13, 5, 19, 0, 0, 0, 0, 0] -- 0.getPos.1.3 --> [13, 15, 19, 0, 0, 0, 0, 0])
Transition([34, 245, 48, 0, 0, 0, 0, 0] -- 0.getPos.3.3 --> [34, 362, 48, 0, 0, 0, 0, 0])
Transition([34, 365, 42, 0, 0, 0, 0, 0] -- 0.getPos.3.1 --> [34, 478, 42, 0, 0, 0, 0, 0])
Transition([41, 0, 13, 0, 0, 0, 0, 0] -- startSafeCheck --> [41, 1, 13, 0, 1, 0, 0, 0])
Transition([34, 125, 6, 0, 0, 0, 0, 0] -- 0.getPos.2.2 --> [34, 135, 6, 0, 0, 0, 0, 0])
Transition([13, 245, 19, 0, 0, 0, 0, 0] -- 0.getPos.1.3 --> [13, 267, 19, 0, 0, 0, 0, 0])
Transition([34, 5, 6, 0, 0, 0, 0, 0] -- 0.getPos.2.2 --> [34, 9, 6, 0, 0, 0, 0, 0])
Transition([34, 245, 6, 0, 0, 0, 0, 0] -- 0.getPos.2.2 --> [34, 251, 6, 0, 0, 0, 0, 0])
Transition([0, 1, 24, 0, 26, 0, 0, 0] -- 1.getPos.2.2 --> [0, 1, 24, 0, 3, 0, 0, 0])
Transition([34, 245, 42, 0, 0, 0, 0, 0] -- 0.getPos.3.1 --> [34, 356, 42, 0, 0, 0, 0, 0])
Transition([13, 365, 19, 0, 0, 0, 0, 0] -- 0.getPos.1.3 --> [13, 389, 19, 0, 0, 0, 0, 0])
Transition([24, 3, 34, 2, 0, 2, 0, 0] -- checkLiveDone --> [24, 4, 34, 0, 0, 0, 0, 0])
Transition([19, 0, 5, 0, 0, 0, 0, 0] -- startSafeCheck --> [19, 1, 5, 0, 1, 0, 0, 0])
Transition([34, 365, 6, 0, 0, 0, 0, 0] -- 0.getPos.2.2 --> [34, 375, 6, 0, 0, 0, 0, 0])
Transition([6, 0, 7, 0, 0, 0, 0, 0] -- startSafeCheck --> [6, 1, 7, 0, 1, 0, 0, 0])
Transition([34, 365, 48, 0, 0, 0, 0, 0] -- 0.getPos.3.3 --> [34, 482, 48, 0, 0, 0, 0, 0])
Transition([13, 125, 19, 0, 0, 0, 0, 0] -- 0.getPos.1.3 --> [13, 153, 19, 0, 0, 0, 0, 0])
Transition([13, 125, 48, 0, 0, 0, 0, 0] -- 0.getPos.3.3 --> [13, 242, 48, 0, 0, 0, 0, 0])
Transition([34, 125, 42, 0, 0, 0, 0, 0] -- 0.getPos.3.1 --> [34, 236, 42, 0, 0, 0, 0, 0])
Transition([41, 0, 30, 0, 0, 0, 0, 0] -- startSafeCheck --> [41, 1, 30, 0, 1, 0, 0, 0])
Transition([6, 0, 5, 0, 0, 0, 0, 0] -- startSafeCheck --> [6, 1, 5, 0, 1, 0, 0, 0])
Transition([13, 365, 48, 0, 0, 0, 0, 0] -- 0.getPos.3.3 --> [13, 482, 48, 0, 0, 0, 0, 0])
Transition([34, 5, 42, 0, 0, 0, 0, 0] -- 0.getPos.3.1 --> [34, 116, 42, 0, 0, 0, 0, 0])
Transition([41, 357, 42, 0, 0, 0, 0, 0] -- 1.setPos.3.3 --> [48, 358, 42, 0, 0, 0, 0, 0])
Transition([13, 5, 48, 0, 0, 0, 0, 0] -- 0.getPos.3.3 --> [13, 122, 48, 0, 0, 0, 0, 0])
Transition([6, 0, 20, 0, 0, 0, 0, 0] -- startSafeCheck --> [6, 1, 20, 0, 1, 0, 0, 0])
Transition([6, 0, 41, 0, 0, 0, 0, 0] -- startSafeCheck --> [6, 1, 41, 0, 1, 0, 0, 0])
Transition([6, 1, 20, 0, 1, 0, 0, 0] -- 0.getPos.1.2 --> [6, 1, 20, 0, 30, 0, 0, 0])
Transition([6, 1, 41, 0, 1, 0, 0, 0] -- 0.getPos.3.2 --> [6, 1, 41, 0, 49, 0, 0, 0])
Transition([13, 267, 19, 0, 0, 0, 0, 0] -- 0.setPos.1.4 --> [13, 0, 18, 0, 0, 0, 0, 0])
Transition([5, 1, 18, 0, 1, 0, 0, 0] -- 0.getPos.1.4 --> [5, 1, 18, 0, 24, 0, 0, 0])
Transition([5, 1, 47, 0, 1, 0, 0, 0] -- 0.getPos.3.4 --> [5, 1, 47, 0, 51, 0, 0, 0])
Transition([12, 3, 14, 3, 0, 3, 0, 1] -- win --> [12, 3, 14, 3, 0, 3, 0, 1])
