Transition([0, 0, 0, 0, 0, 0, 0, 0] -- startSafeCheck --> [0, 1, 0, 0, 1, 0, 0, 0])
Transition([0, 1, 0, 0, 1, 0, 0, 0] -- 0.getPos.1.1 --> [0, 1, 0, 0, 28, 0, 0, 0])
Transition([0, 1, 0, 0, 28, 0, 0, 0] -- 1.getPos.3.2 --> [0, 1, 0, 0, 4, 0, 0, 0])
Transition([0, 1, 0, 0, 4, 0, 0, 0] -- checkSafeOk --> [0, 2, 0, 0, 0, 0, 0, 0])
Transition([0, 2, 0, 0, 0, 0, 0, 0] -- startLiveCheck --> [0, 3, 0, 1, 0, 1, 0, 0])
Transition([0, 3, 0, 1, 0, 1, 0, 0] -- 1.getPos.3.2 --> [0, 3, 0, 2, 0, 2, 0, 0])
Transition([0, 3, 0, 2, 0, 2, 0, 0] -- checkLiveDone --> [0, 4, 0, 0, 0, 0, 0, 0])
Transition([0, 4, 0, 0, 0, 0, 0, 0] -- down --> [0, 61, 0, 0, 0, 0, 0, 0])
Transition([0, 61, 0, 0, 0, 0, 0, 0] -- 0.getPos.1.1 --> [0, 94, 0, 0, 0, 0, 0, 0])
Transition([0, 94, 0, 0, 0, 0, 0, 0] -- 0.setPos.2.1 --> [0, 0, 4, 0, 0, 0, 0, 0])
Transition([0, 0, 4, 0, 0, 0, 0, 0] -- startSafeCheck --> [0, 1, 4, 0, 1, 0, 0, 0])
Transition([0, 1, 4, 0, 1, 0, 0, 0] -- 0.getPos.2.1 --> [0, 1, 4, 0, 13, 0, 0, 0])
Transition([0, 1, 4, 0, 13, 0, 0, 0] -- 1.getPos.3.2 --> [0, 1, 4, 0, 4, 0, 0, 0])
Transition([0, 1, 4, 0, 4, 0, 0, 0] -- checkSafeOk --> [0, 2, 4, 0, 0, 0, 0, 0])
Transition([0, 2, 4, 0, 0, 0, 0, 0] -- startLiveCheck --> [0, 3, 4, 1, 0, 1, 0, 0])
Transition([0, 3, 4, 1, 0, 1, 0, 0] -- 1.getPos.3.2 --> [0, 3, 4, 2, 0, 2, 0, 0])
Transition([0, 3, 4, 2, 0, 2, 0, 0] -- checkLiveDone --> [0, 4, 4, 0, 0, 0, 0, 0])
Transition([0, 4, 0, 0, 0, 0, 0, 0] -- left --> [0, 173, 0, 0, 0, 0, 0, 0])
Transition([0, 173, 0, 0, 0, 0, 0, 0] -- 0.getPos.1.1 --> [0, 206, 0, 0, 0, 0, 0, 0])
Transition([0, 4, 0, 0, 0, 0, 0, 0] -- right --> [0, 117, 0, 0, 0, 0, 0, 0])
Transition([0, 117, 0, 0, 0, 0, 0, 0] -- 0.getPos.1.1 --> [0, 148, 0, 0, 0, 0, 0, 0])
Transition([0, 148, 0, 0, 0, 0, 0, 0] -- 0.setPos.1.2 --> [0, 0, 16, 0, 0, 0, 0, 0])
Transition([0, 0, 16, 0, 0, 0, 0, 0] -- startSafeCheck --> [0, 1, 16, 0, 1, 0, 0, 0])
Transition([0, 1, 16, 0, 1, 0, 0, 0] -- 0.getPos.1.2 --> [0, 1, 16, 0, 27, 0, 0, 0])
Transition([0, 1, 16, 0, 27, 0, 0, 0] -- 1.getPos.3.2 --> [0, 1, 16, 0, 4, 0, 0, 0])
Transition([0, 1, 16, 0, 4, 0, 0, 0] -- checkSafeOk --> [0, 2, 16, 0, 0, 0, 0, 0])
Transition([0, 2, 16, 0, 0, 0, 0, 0] -- startLiveCheck --> [0, 3, 16, 1, 0, 1, 0, 0])
Transition([0, 3, 16, 1, 0, 1, 0, 0] -- 1.getPos.3.2 --> [0, 3, 16, 2, 0, 2, 0, 0])
Transition([0, 3, 16, 2, 0, 2, 0, 0] -- checkLiveDone --> [0, 4, 16, 0, 0, 0, 0, 0])
Transition([0, 4, 0, 0, 0, 0, 0, 0] -- up --> [0, 5, 0, 0, 0, 0, 0, 0])
Transition([0, 5, 0, 0, 0, 0, 0, 0] -- 0.getPos.1.1 --> [0, 30, 0, 0, 0, 0, 0, 0])
Transition([0, 4, 16, 0, 0, 0, 0, 0] -- down --> [0, 61, 16, 0, 0, 0, 0, 0])
Transition([0, 61, 16, 0, 0, 0, 0, 0] -- 0.getPos.1.2 --> [0, 91, 16, 0, 0, 0, 0, 0])
Transition([0, 91, 16, 0, 0, 0, 0, 0] -- 0.setPos.2.2 --> [0, 0, 3, 0, 0, 0, 0, 0])
Transition([0, 0, 3, 0, 0, 0, 0, 0] -- startSafeCheck --> [0, 1, 3, 0, 1, 0, 0, 0])
Transition([0, 1, 3, 0, 1, 0, 0, 0] -- 0.getPos.2.2 --> [0, 1, 3, 0, 8, 0, 0, 0])
Transition([0, 1, 3, 0, 8, 0, 0, 0] -- 1.getPos.3.2 --> [0, 1, 3, 0, 4, 0, 0, 0])
Transition([0, 1, 3, 0, 4, 0, 0, 0] -- checkSafeOk --> [0, 2, 3, 0, 0, 0, 0, 0])
Transition([0, 2, 3, 0, 0, 0, 0, 0] -- startLiveCheck --> [0, 3, 3, 1, 0, 1, 0, 0])
Transition([0, 3, 3, 1, 0, 1, 0, 0] -- 1.getPos.3.2 --> [0, 3, 3, 2, 0, 2, 0, 0])
Transition([0, 3, 3, 2, 0, 2, 0, 0] -- checkLiveDone --> [0, 4, 3, 0, 0, 0, 0, 0])
Transition([0, 4, 16, 0, 0, 0, 0, 0] -- left --> [0, 173, 16, 0, 0, 0, 0, 0])
Transition([0, 173, 16, 0, 0, 0, 0, 0] -- 0.getPos.1.2 --> [0, 205, 16, 0, 0, 0, 0, 0])
Transition([0, 205, 16, 0, 0, 0, 0, 0] -- 0.setPos.1.1 --> [0, 0, 0, 0, 0, 0, 0, 0])
Transition([0, 4, 16, 0, 0, 0, 0, 0] -- right --> [0, 117, 16, 0, 0, 0, 0, 0])
Transition([0, 117, 16, 0, 0, 0, 0, 0] -- 0.getPos.1.2 --> [0, 145, 16, 0, 0, 0, 0, 0])
Transition([0, 145, 16, 0, 0, 0, 0, 0] -- 0.setPos.1.3 --> [0, 0, 15, 0, 0, 0, 0, 0])
Transition([0, 0, 15, 0, 0, 0, 0, 0] -- startSafeCheck --> [0, 1, 15, 0, 1, 0, 0, 0])
Transition([0, 1, 15, 0, 1, 0, 0, 0] -- 0.getPos.1.3 --> [0, 1, 15, 0, 21, 0, 0, 0])
Transition([0, 1, 15, 0, 21, 0, 0, 0] -- 1.getPos.3.2 --> [0, 1, 15, 0, 4, 0, 0, 0])
Transition([0, 1, 15, 0, 4, 0, 0, 0] -- checkSafeOk --> [0, 2, 15, 0, 0, 0, 0, 0])
Transition([0, 2, 15, 0, 0, 0, 0, 0] -- startLiveCheck --> [0, 3, 15, 1, 0, 1, 0, 0])
Transition([0, 3, 15, 1, 0, 1, 0, 0] -- 1.getPos.3.2 --> [0, 3, 15, 2, 0, 2, 0, 0])
Transition([0, 3, 15, 2, 0, 2, 0, 0] -- checkLiveDone --> [0, 4, 15, 0, 0, 0, 0, 0])
Transition([0, 4, 16, 0, 0, 0, 0, 0] -- up --> [0, 5, 16, 0, 0, 0, 0, 0])
Transition([0, 5, 16, 0, 0, 0, 0, 0] -- 0.getPos.1.2 --> [0, 29, 16, 0, 0, 0, 0, 0])
Transition([0, 4, 4, 0, 0, 0, 0, 0] -- down --> [0, 61, 4, 0, 0, 0, 0, 0])
Transition([0, 61, 4, 0, 0, 0, 0, 0] -- 0.getPos.2.1 --> [0, 74, 4, 0, 0, 0, 0, 0])
Transition([0, 74, 4, 0, 0, 0, 0, 0] -- 0.setPos.3.1 --> [0, 0, 14, 0, 0, 0, 0, 0])
Transition([0, 0, 14, 0, 0, 0, 0, 0] -- startSafeCheck --> [0, 1, 14, 0, 1, 0, 0, 0])
Transition([0, 1, 14, 0, 1, 0, 0, 0] -- 0.getPos.3.1 --> [0, 1, 14, 0, 20, 0, 0, 0])
Transition([0, 1, 14, 0, 20, 0, 0, 0] -- 1.getPos.3.2 --> [0, 1, 14, 0, 4, 0, 0, 0])
Transition([0, 1, 14, 0, 4, 0, 0, 0] -- checkSafeOk --> [0, 2, 14, 0, 0, 0, 0, 0])
Transition([0, 2, 14, 0, 0, 0, 0, 0] -- startLiveCheck --> [0, 3, 14, 1, 0, 1, 0, 0])
Transition([0, 3, 14, 1, 0, 1, 0, 0] -- 1.getPos.3.2 --> [0, 3, 14, 2, 0, 2, 0, 0])
Transition([0, 3, 14, 2, 0, 2, 0, 0] -- checkLiveDone --> [0, 4, 14, 0, 0, 0, 0, 0])
Transition([0, 4, 4, 0, 0, 0, 0, 0] -- left --> [0, 173, 4, 0, 0, 0, 0, 0])
Transition([0, 173, 4, 0, 0, 0, 0, 0] -- 0.getPos.2.1 --> [0, 184, 4, 0, 0, 0, 0, 0])
Transition([0, 4, 4, 0, 0, 0, 0, 0] -- right --> [0, 117, 4, 0, 0, 0, 0, 0])
Transition([0, 117, 4, 0, 0, 0, 0, 0] -- 0.getPos.2.1 --> [0, 126, 4, 0, 0, 0, 0, 0])
Transition([0, 126, 4, 0, 0, 0, 0, 0] -- 0.setPos.2.2 --> [0, 0, 3, 0, 0, 0, 0, 0])
Transition([0, 4, 4, 0, 0, 0, 0, 0] -- up --> [0, 5, 4, 0, 0, 0, 0, 0])
Transition([0, 5, 4, 0, 0, 0, 0, 0] -- 0.getPos.2.1 --> [0, 10, 4, 0, 0, 0, 0, 0])
Transition([0, 10, 4, 0, 0, 0, 0, 0] -- 0.setPos.1.1 --> [0, 0, 0, 0, 0, 0, 0, 0])
Transition([0, 4, 14, 0, 0, 0, 0, 0] -- down --> [0, 61, 14, 0, 0, 0, 0, 0])
Transition([0, 61, 14, 0, 0, 0, 0, 0] -- 0.getPos.3.1 --> [0, 108, 14, 0, 0, 0, 0, 0])
Transition([0, 108, 14, 0, 0, 0, 0, 0] -- 0.setPos.4.1 --> [0, 0, 1, 0, 0, 0, 0, 0])
Transition([0, 0, 1, 0, 0, 0, 0, 0] -- startSafeCheck --> [0, 1, 1, 0, 1, 0, 0, 0])
Transition([0, 1, 1, 0, 1, 0, 0, 0] -- 0.getPos.4.1 --> [0, 1, 1, 0, 6, 0, 0, 0])
Transition([0, 1, 1, 0, 6, 0, 0, 0] -- 1.getPos.3.2 --> [0, 1, 1, 0, 4, 0, 0, 0])
Transition([0, 1, 1, 0, 4, 0, 0, 0] -- checkSafeOk --> [0, 2, 1, 0, 0, 0, 0, 0])
Transition([0, 2, 1, 0, 0, 0, 0, 0] -- startLiveCheck --> [0, 3, 1, 1, 0, 1, 0, 0])
Transition([0, 3, 1, 1, 0, 1, 0, 0] -- 1.getPos.3.2 --> [0, 3, 1, 2, 0, 2, 0, 0])
Transition([0, 3, 1, 2, 0, 2, 0, 0] -- checkLiveDone --> [0, 4, 1, 0, 0, 0, 0, 0])
Transition([0, 4, 14, 0, 0, 0, 0, 0] -- left --> [0, 173, 14, 0, 0, 0, 0, 0])
Transition([0, 173, 14, 0, 0, 0, 0, 0] -- 0.getPos.3.1 --> [0, 222, 14, 0, 0, 0, 0, 0])
Transition([0, 4, 14, 0, 0, 0, 0, 0] -- right --> [0, 117, 14, 0, 0, 0, 0, 0])
Transition([0, 117, 14, 0, 0, 0, 0, 0] -- 0.getPos.3.1 --> [0, 166, 14, 0, 0, 0, 0, 0])
Transition([0, 166, 14, 0, 0, 0, 0, 0] -- 0.setPos.3.2 --> [0, 0, 12, 0, 0, 0, 0, 0])
Transition([0, 0, 12, 0, 0, 0, 0, 0] -- startSafeCheck --> [0, 1, 12, 0, 1, 0, 0, 0])
Transition([0, 1, 12, 0, 1, 0, 0, 0] -- 0.getPos.3.2 --> [0, 1, 12, 0, 18, 0, 0, 0])
Transition([0, 1, 12, 0, 18, 0, 0, 0] -- 1.getPos.3.2 --> [0, 1, 12, 0, 3, 0, 0, 0])
Transition([0, 166, 14, 0, 0, 0, 0, 0] -- 1.getPos.3.2 --> [0, 167, 14, 0, 0, 0, 0, 0])
Transition([0, 167, 14, 0, 0, 0, 0, 0] -- 1.setPos.3.3 --> [23, 168, 14, 0, 0, 0, 0, 0])
Transition([23, 168, 14, 0, 0, 0, 0, 0] -- 0.setPos.3.2 --> [23, 0, 12, 0, 0, 0, 0, 0])
Transition([23, 0, 12, 0, 0, 0, 0, 0] -- startSafeCheck --> [23, 1, 12, 0, 1, 0, 0, 0])
Transition([23, 1, 12, 0, 1, 0, 0, 0] -- 0.getPos.3.2 --> [23, 1, 12, 0, 18, 0, 0, 0])
Transition([23, 1, 12, 0, 18, 0, 0, 0] -- 1.getPos.3.3 --> [23, 1, 12, 0, 4, 0, 0, 0])
Transition([23, 1, 12, 0, 4, 0, 0, 0] -- checkSafeOk --> [23, 2, 12, 0, 0, 0, 0, 0])
Transition([23, 2, 12, 0, 0, 0, 0, 0] -- startLiveCheck --> [23, 3, 12, 1, 0, 1, 0, 0])
Transition([23, 3, 12, 1, 0, 1, 0, 0] -- 1.getPos.3.3 --> [23, 3, 12, 2, 0, 2, 0, 0])
Transition([23, 3, 12, 2, 0, 2, 0, 0] -- checkLiveDone --> [23, 4, 12, 0, 0, 0, 0, 0])
Transition([0, 4, 3, 0, 0, 0, 0, 0] -- down --> [0, 61, 3, 0, 0, 0, 0, 0])
Transition([0, 61, 3, 0, 0, 0, 0, 0] -- 0.getPos.2.2 --> [0, 65, 3, 0, 0, 0, 0, 0])
Transition([0, 65, 3, 0, 0, 0, 0, 0] -- 0.setPos.3.2 --> [0, 0, 12, 0, 0, 0, 0, 0])
Transition([0, 65, 3, 0, 0, 0, 0, 0] -- 1.getPos.3.2 --> [0, 66, 3, 0, 0, 0, 0, 0])
Transition([0, 66, 3, 0, 0, 0, 0, 0] -- 1.setPos.4.2 --> [9, 67, 3, 0, 0, 0, 0, 0])
Transition([9, 67, 3, 0, 0, 0, 0, 0] -- 0.setPos.3.2 --> [9, 0, 12, 0, 0, 0, 0, 0])
Transition([9, 0, 12, 0, 0, 0, 0, 0] -- startSafeCheck --> [9, 1, 12, 0, 1, 0, 0, 0])
Transition([9, 1, 12, 0, 1, 0, 0, 0] -- 0.getPos.3.2 --> [9, 1, 12, 0, 18, 0, 0, 0])
Transition([9, 1, 12, 0, 18, 0, 0, 0] -- 1.getPos.4.2 --> [9, 1, 12, 0, 4, 0, 0, 0])
Transition([9, 1, 12, 0, 4, 0, 0, 0] -- checkSafeOk --> [9, 2, 12, 0, 0, 0, 0, 0])
Transition([9, 2, 12, 0, 0, 0, 0, 0] -- startLiveCheck --> [9, 3, 12, 1, 0, 1, 0, 0])
Transition([9, 3, 12, 1, 0, 1, 0, 0] -- 1.getPos.4.2 --> [9, 3, 12, 2, 0, 2, 0, 0])
Transition([9, 3, 12, 2, 0, 2, 0, 0] -- checkLiveDone --> [9, 4, 12, 0, 0, 0, 0, 0])
Transition([0, 4, 15, 0, 0, 0, 0, 0] -- down --> [0, 61, 15, 0, 0, 0, 0, 0])
Transition([0, 61, 15, 0, 0, 0, 0, 0] -- 0.getPos.1.3 --> [0, 83, 15, 0, 0, 0, 0, 0])
Transition([0, 83, 15, 0, 0, 0, 0, 0] -- 0.setPos.2.3 --> [0, 0, 2, 0, 0, 0, 0, 0])
Transition([0, 0, 2, 0, 0, 0, 0, 0] -- startSafeCheck --> [0, 1, 2, 0, 1, 0, 0, 0])
Transition([0, 1, 2, 0, 1, 0, 0, 0] -- 0.getPos.2.3 --> [0, 1, 2, 0, 7, 0, 0, 0])
Transition([0, 1, 2, 0, 7, 0, 0, 0] -- 1.getPos.3.2 --> [0, 1, 2, 0, 4, 0, 0, 0])
Transition([0, 1, 2, 0, 4, 0, 0, 0] -- checkSafeOk --> [0, 2, 2, 0, 0, 0, 0, 0])
Transition([0, 2, 2, 0, 0, 0, 0, 0] -- startLiveCheck --> [0, 3, 2, 1, 0, 1, 0, 0])
Transition([0, 3, 2, 1, 0, 1, 0, 0] -- 1.getPos.3.2 --> [0, 3, 2, 2, 0, 2, 0, 0])
Transition([0, 3, 2, 2, 0, 2, 0, 0] -- checkLiveDone --> [0, 4, 2, 0, 0, 0, 0, 0])
Transition([0, 4, 15, 0, 0, 0, 0, 0] -- left --> [0, 173, 15, 0, 0, 0, 0, 0])
Transition([0, 173, 15, 0, 0, 0, 0, 0] -- 0.getPos.1.3 --> [0, 197, 15, 0, 0, 0, 0, 0])
Transition([0, 197, 15, 0, 0, 0, 0, 0] -- 0.setPos.1.2 --> [0, 0, 16, 0, 0, 0, 0, 0])
Transition([0, 4, 15, 0, 0, 0, 0, 0] -- right --> [0, 117, 15, 0, 0, 0, 0, 0])
Transition([0, 117, 15, 0, 0, 0, 0, 0] -- 0.getPos.1.3 --> [0, 135, 15, 0, 0, 0, 0, 0])
Transition([0, 135, 15, 0, 0, 0, 0, 0] -- 0.setPos.1.4 --> [0, 0, 13, 0, 0, 0, 0, 0])
Transition([0, 0, 13, 0, 0, 0, 0, 0] -- startSafeCheck --> [0, 1, 13, 0, 1, 0, 0, 0])
Transition([0, 1, 13, 0, 1, 0, 0, 0] -- 0.getPos.1.4 --> [0, 1, 13, 0, 19, 0, 0, 0])
Transition([0, 1, 13, 0, 19, 0, 0, 0] -- 1.getPos.3.2 --> [0, 1, 13, 0, 4, 0, 0, 0])
Transition([0, 1, 13, 0, 4, 0, 0, 0] -- checkSafeOk --> [0, 2, 13, 0, 0, 0, 0, 0])
Transition([0, 2, 13, 0, 0, 0, 0, 0] -- startLiveCheck --> [0, 3, 13, 1, 0, 1, 0, 0])
Transition([0, 3, 13, 1, 0, 1, 0, 0] -- 1.getPos.3.2 --> [0, 3, 13, 2, 0, 2, 0, 0])
Transition([0, 3, 13, 2, 0, 2, 0, 0] -- checkLiveDone --> [0, 4, 13, 0, 0, 0, 0, 0])
Transition([0, 4, 15, 0, 0, 0, 0, 0] -- up --> [0, 5, 15, 0, 0, 0, 0, 0])
Transition([0, 5, 15, 0, 0, 0, 0, 0] -- 0.getPos.1.3 --> [0, 21, 15, 0, 0, 0, 0, 0])
Transition([0, 4, 3, 0, 0, 0, 0, 0] -- left --> [0, 173, 3, 0, 0, 0, 0, 0])
Transition([0, 173, 3, 0, 0, 0, 0, 0] -- 0.getPos.2.2 --> [0, 177, 3, 0, 0, 0, 0, 0])
Transition([0, 177, 3, 0, 0, 0, 0, 0] -- 0.setPos.2.1 --> [0, 0, 4, 0, 0, 0, 0, 0])
Transition([0, 4, 3, 0, 0, 0, 0, 0] -- right --> [0, 117, 3, 0, 0, 0, 0, 0])
Transition([0, 117, 3, 0, 0, 0, 0, 0] -- 0.getPos.2.2 --> [0, 121, 3, 0, 0, 0, 0, 0])
Transition([0, 121, 3, 0, 0, 0, 0, 0] -- 0.setPos.2.3 --> [0, 0, 2, 0, 0, 0, 0, 0])
Transition([0, 4, 3, 0, 0, 0, 0, 0] -- up --> [0, 5, 3, 0, 0, 0, 0, 0])
Transition([0, 5, 3, 0, 0, 0, 0, 0] -- 0.getPos.2.2 --> [0, 7, 3, 0, 0, 0, 0, 0])
Transition([0, 7, 3, 0, 0, 0, 0, 0] -- 0.setPos.1.2 --> [0, 0, 16, 0, 0, 0, 0, 0])
Transition([0, 4, 14, 0, 0, 0, 0, 0] -- up --> [0, 5, 14, 0, 0, 0, 0, 0])
Transition([0, 5, 14, 0, 0, 0, 0, 0] -- 0.getPos.3.1 --> [0, 52, 14, 0, 0, 0, 0, 0])
Transition([0, 52, 14, 0, 0, 0, 0, 0] -- 0.setPos.2.1 --> [0, 0, 4, 0, 0, 0, 0, 0])
Transition([0, 4, 13, 0, 0, 0, 0, 0] -- down --> [0, 61, 13, 0, 0, 0, 0, 0])
Transition([0, 61, 13, 0, 0, 0, 0, 0] -- 0.getPos.1.4 --> [0, 80, 13, 0, 0, 0, 0, 0])
Transition([0, 80, 13, 0, 0, 0, 0, 0] -- 0.setPos.2.4 --> [0, 0, 10, 0, 0, 0, 0, 0])
Transition([0, 0, 10, 0, 0, 0, 0, 0] -- startSafeCheck --> [0, 1, 10, 0, 1, 0, 0, 0])
Transition([0, 1, 10, 0, 1, 0, 0, 0] -- 0.getPos.2.4 --> [0, 1, 10, 0, 12, 0, 0, 0])
Transition([0, 1, 10, 0, 12, 0, 0, 0] -- 1.getPos.3.2 --> [0, 1, 10, 0, 4, 0, 0, 0])
Transition([0, 1, 10, 0, 4, 0, 0, 0] -- checkSafeOk --> [0, 2, 10, 0, 0, 0, 0, 0])
Transition([0, 2, 10, 0, 0, 0, 0, 0] -- startLiveCheck --> [0, 3, 10, 1, 0, 1, 0, 0])
Transition([0, 3, 10, 1, 0, 1, 0, 0] -- 1.getPos.3.2 --> [0, 3, 10, 2, 0, 2, 0, 0])
Transition([0, 3, 10, 2, 0, 2, 0, 0] -- checkLiveDone --> [0, 4, 10, 0, 0, 0, 0, 0])
Transition([0, 4, 13, 0, 0, 0, 0, 0] -- left --> [0, 173, 13, 0, 0, 0, 0, 0])
Transition([0, 173, 13, 0, 0, 0, 0, 0] -- 0.getPos.1.4 --> [0, 194, 13, 0, 0, 0, 0, 0])
Transition([0, 194, 13, 0, 0, 0, 0, 0] -- 0.setPos.1.3 --> [0, 0, 15, 0, 0, 0, 0, 0])
Transition([0, 4, 1, 0, 0, 0, 0, 0] -- down --> [0, 61, 1, 0, 0, 0, 0, 0])
Transition([0, 61, 1, 0, 0, 0, 0, 0] -- 0.getPos.4.1 --> [0, 99, 1, 0, 0, 0, 0, 0])
Transition([0, 99, 1, 0, 0, 0, 0, 0] -- 0.setPos.5.1 --> [0, 0, 22, 0, 0, 0, 0, 0])
Transition([0, 0, 22, 0, 0, 0, 0, 0] -- startSafeCheck --> [0, 1, 22, 0, 1, 0, 0, 0])
Transition([0, 1, 22, 0, 1, 0, 0, 0] -- 0.getPos.5.1 --> [0, 1, 22, 0, 24, 0, 0, 0])
Transition([0, 1, 22, 0, 24, 0, 0, 0] -- 1.getPos.3.2 --> [0, 1, 22, 0, 4, 0, 0, 0])
Transition([0, 1, 22, 0, 4, 0, 0, 0] -- checkSafeOk --> [0, 2, 22, 0, 0, 0, 0, 0])
Transition([0, 2, 22, 0, 0, 0, 0, 0] -- startLiveCheck --> [0, 3, 22, 1, 0, 1, 0, 0])
Transition([0, 3, 22, 1, 0, 1, 0, 0] -- 1.getPos.3.2 --> [0, 3, 22, 2, 0, 2, 0, 0])
Transition([0, 3, 22, 2, 0, 2, 0, 0] -- checkLiveDone --> [0, 4, 22, 0, 0, 0, 0, 0])
Transition([0, 4, 1, 0, 0, 0, 0, 0] -- left --> [0, 173, 1, 0, 0, 0, 0, 0])
Transition([0, 173, 1, 0, 0, 0, 0, 0] -- 0.getPos.4.1 --> [0, 213, 1, 0, 0, 0, 0, 0])
Transition([0, 4, 1, 0, 0, 0, 0, 0] -- right --> [0, 117, 1, 0, 0, 0, 0, 0])
Transition([0, 117, 1, 0, 0, 0, 0, 0] -- 0.getPos.4.1 --> [0, 153, 1, 0, 0, 0, 0, 0])
Transition([0, 153, 1, 0, 0, 0, 0, 0] -- 0.setPos.4.2 --> [0, 0, 9, 0, 0, 0, 0, 0])
Transition([0, 0, 9, 0, 0, 0, 0, 0] -- startSafeCheck --> [0, 1, 9, 0, 1, 0, 0, 0])
Transition([0, 1, 9, 0, 1, 0, 0, 0] -- 0.getPos.4.2 --> [0, 1, 9, 0, 11, 0, 0, 0])
Transition([0, 1, 9, 0, 11, 0, 0, 0] -- 1.getPos.3.2 --> [0, 1, 9, 0, 4, 0, 0, 0])
Transition([0, 1, 9, 0, 4, 0, 0, 0] -- checkSafeOk --> [0, 2, 9, 0, 0, 0, 0, 0])
Transition([0, 2, 9, 0, 0, 0, 0, 0] -- startLiveCheck --> [0, 3, 9, 1, 0, 1, 0, 0])
Transition([0, 3, 9, 1, 0, 1, 0, 0] -- 1.getPos.3.2 --> [0, 3, 9, 2, 0, 2, 0, 0])
Transition([0, 3, 9, 2, 0, 2, 0, 0] -- checkLiveDone --> [0, 4, 9, 0, 0, 0, 0, 0])
Transition([0, 4, 1, 0, 0, 0, 0, 0] -- up --> [0, 5, 1, 0, 0, 0, 0, 0])
Transition([0, 5, 1, 0, 0, 0, 0, 0] -- 0.getPos.4.1 --> [0, 37, 1, 0, 0, 0, 0, 0])
Transition([0, 37, 1, 0, 0, 0, 0, 0] -- 0.setPos.3.1 --> [0, 0, 14, 0, 0, 0, 0, 0])
Transition([0, 4, 13, 0, 0, 0, 0, 0] -- right --> [0, 117, 13, 0, 0, 0, 0, 0])
Transition([0, 117, 13, 0, 0, 0, 0, 0] -- 0.getPos.1.4 --> [0, 134, 13, 0, 0, 0, 0, 0])
Transition([0, 134, 13, 0, 0, 0, 0, 0] -- 0.setPos.1.5 --> [0, 0, 24, 0, 0, 0, 0, 0])
Transition([0, 0, 24, 0, 0, 0, 0, 0] -- startSafeCheck --> [0, 1, 24, 0, 1, 0, 0, 0])
Transition([0, 1, 24, 0, 1, 0, 0, 0] -- 0.getPos.1.5 --> [0, 1, 24, 0, 26, 0, 0, 0])
Transition([0, 1, 24, 0, 26, 0, 0, 0] -- 1.getPos.3.2 --> [0, 1, 24, 0, 4, 0, 0, 0])
Transition([0, 1, 24, 0, 4, 0, 0, 0] -- checkSafeOk --> [0, 2, 24, 0, 0, 0, 0, 0])
Transition([0, 2, 24, 0, 0, 0, 0, 0] -- startLiveCheck --> [0, 3, 24, 1, 0, 1, 0, 0])
Transition([0, 3, 24, 1, 0, 1, 0, 0] -- 1.getPos.3.2 --> [0, 3, 24, 2, 0, 2, 0, 0])
Transition([0, 3, 24, 2, 0, 2, 0, 0] -- checkLiveDone --> [0, 4, 24, 0, 0, 0, 0, 0])
Transition([0, 4, 13, 0, 0, 0, 0, 0] -- up --> [0, 5, 13, 0, 0, 0, 0, 0])
Transition([0, 5, 13, 0, 0, 0, 0, 0] -- 0.getPos.1.4 --> [0, 20, 13, 0, 0, 0, 0, 0])
Transition([0, 4, 2, 0, 0, 0, 0, 0] -- down --> [0, 61, 2, 0, 0, 0, 0, 0])
Transition([0, 61, 2, 0, 0, 0, 0, 0] -- 0.getPos.2.3 --> [0, 62, 2, 0, 0, 0, 0, 0])
Transition([0, 62, 2, 0, 0, 0, 0, 0] -- 0.setPos.3.3 --> [0, 0, 23, 0, 0, 0, 0, 0])
Transition([0, 0, 23, 0, 0, 0, 0, 0] -- startSafeCheck --> [0, 1, 23, 0, 1, 0, 0, 0])
Transition([0, 1, 23, 0, 1, 0, 0, 0] -- 0.getPos.3.3 --> [0, 1, 23, 0, 25, 0, 0, 0])
Transition([0, 1, 23, 0, 25, 0, 0, 0] -- 1.getPos.3.2 --> [0, 1, 23, 0, 4, 0, 0, 0])
Transition([0, 1, 23, 0, 4, 0, 0, 0] -- checkSafeOk --> [0, 2, 23, 0, 0, 0, 0, 0])
Transition([0, 2, 23, 0, 0, 0, 0, 0] -- startLiveCheck --> [0, 3, 23, 1, 0, 1, 0, 0])
Transition([0, 3, 23, 1, 0, 1, 0, 0] -- 1.getPos.3.2 --> [0, 3, 23, 2, 0, 2, 0, 0])
Transition([0, 3, 23, 2, 0, 2, 0, 0] -- checkLiveDone --> [0, 4, 23, 0, 0, 0, 0, 0])
Transition([0, 4, 2, 0, 0, 0, 0, 0] -- left --> [0, 173, 2, 0, 0, 0, 0, 0])
Transition([0, 173, 2, 0, 0, 0, 0, 0] -- 0.getPos.2.3 --> [0, 174, 2, 0, 0, 0, 0, 0])
Transition([0, 174, 2, 0, 0, 0, 0, 0] -- 0.setPos.2.2 --> [0, 0, 3, 0, 0, 0, 0, 0])
Transition([0, 4, 2, 0, 0, 0, 0, 0] -- right --> [0, 117, 2, 0, 0, 0, 0, 0])
Transition([0, 117, 2, 0, 0, 0, 0, 0] -- 0.getPos.2.3 --> [0, 118, 2, 0, 0, 0, 0, 0])
Transition([0, 118, 2, 0, 0, 0, 0, 0] -- 0.setPos.2.4 --> [0, 0, 10, 0, 0, 0, 0, 0])
Transition([0, 4, 2, 0, 0, 0, 0, 0] -- up --> [0, 5, 2, 0, 0, 0, 0, 0])
Transition([0, 5, 2, 0, 0, 0, 0, 0] -- 0.getPos.2.3 --> [0, 6, 2, 0, 0, 0, 0, 0])
Transition([0, 6, 2, 0, 0, 0, 0, 0] -- 0.setPos.1.3 --> [0, 0, 15, 0, 0, 0, 0, 0])
Transition([9, 4, 12, 0, 0, 0, 0, 0] -- down --> [9, 61, 12, 0, 0, 0, 0, 0])
Transition([9, 61, 12, 0, 0, 0, 0, 0] -- 0.getPos.3.2 --> [9, 105, 12, 0, 0, 0, 0, 0])
Transition([9, 105, 12, 0, 0, 0, 0, 0] -- 0.setPos.4.2 --> [9, 0, 9, 0, 0, 0, 0, 0])
Transition([9, 0, 9, 0, 0, 0, 0, 0] -- startSafeCheck --> [9, 1, 9, 0, 1, 0, 0, 0])
Transition([9, 1, 9, 0, 1, 0, 0, 0] -- 0.getPos.4.2 --> [9, 1, 9, 0, 11, 0, 0, 0])
Transition([9, 1, 9, 0, 11, 0, 0, 0] -- 1.getPos.4.2 --> [9, 1, 9, 0, 3, 0, 0, 0])
Transition([9, 105, 12, 0, 0, 0, 0, 0] -- 1.getPos.4.2 --> [9, 106, 12, 0, 0, 0, 0, 0])
Transition([9, 106, 12, 0, 0, 0, 0, 0] -- 1.setPos.5.2 --> [20, 107, 12, 0, 0, 0, 0, 0])
Transition([20, 107, 12, 0, 0, 0, 0, 0] -- 0.setPos.4.2 --> [20, 0, 9, 0, 0, 0, 0, 0])
Transition([20, 0, 9, 0, 0, 0, 0, 0] -- startSafeCheck --> [20, 1, 9, 0, 1, 0, 0, 0])
Transition([20, 1, 9, 0, 1, 0, 0, 0] -- 0.getPos.4.2 --> [20, 1, 9, 0, 11, 0, 0, 0])
Transition([20, 1, 9, 0, 11, 0, 0, 0] -- 1.getPos.5.2 --> [20, 1, 9, 0, 4, 0, 0, 0])
Transition([20, 1, 9, 0, 4, 0, 0, 0] -- checkSafeOk --> [20, 2, 9, 0, 0, 0, 0, 0])
Transition([20, 2, 9, 0, 0, 0, 0, 0] -- startLiveCheck --> [20, 3, 9, 1, 0, 1, 0, 0])
Transition([20, 3, 9, 1, 0, 1, 0, 0] -- 1.getPos.5.2 --> [20, 3, 9, 2, 0, 2, 0, 0])
Transition([20, 3, 9, 2, 0, 2, 0, 0] -- checkLiveDone --> [20, 4, 9, 0, 0, 0, 0, 0])
Transition([9, 4, 12, 0, 0, 0, 0, 0] -- left --> [9, 173, 12, 0, 0, 0, 0, 0])
Transition([9, 173, 12, 0, 0, 0, 0, 0] -- 0.getPos.3.2 --> [9, 221, 12, 0, 0, 0, 0, 0])
Transition([9, 221, 12, 0, 0, 0, 0, 0] -- 0.setPos.3.1 --> [9, 0, 14, 0, 0, 0, 0, 0])
Transition([9, 0, 14, 0, 0, 0, 0, 0] -- startSafeCheck --> [9, 1, 14, 0, 1, 0, 0, 0])
Transition([9, 1, 14, 0, 1, 0, 0, 0] -- 0.getPos.3.1 --> [9, 1, 14, 0, 20, 0, 0, 0])
Transition([9, 1, 14, 0, 20, 0, 0, 0] -- 1.getPos.4.2 --> [9, 1, 14, 0, 4, 0, 0, 0])
Transition([9, 1, 14, 0, 4, 0, 0, 0] -- checkSafeOk --> [9, 2, 14, 0, 0, 0, 0, 0])
Transition([9, 2, 14, 0, 0, 0, 0, 0] -- startLiveCheck --> [9, 3, 14, 1, 0, 1, 0, 0])
Transition([9, 3, 14, 1, 0, 1, 0, 0] -- 1.getPos.4.2 --> [9, 3, 14, 2, 0, 2, 0, 0])
Transition([9, 3, 14, 2, 0, 2, 0, 0] -- checkLiveDone --> [9, 4, 14, 0, 0, 0, 0, 0])
Transition([23, 4, 12, 0, 0, 0, 0, 0] -- down --> [23, 61, 12, 0, 0, 0, 0, 0])
Transition([23, 61, 12, 0, 0, 0, 0, 0] -- 0.getPos.3.2 --> [23, 105, 12, 0, 0, 0, 0, 0])
Transition([23, 105, 12, 0, 0, 0, 0, 0] -- 0.setPos.4.2 --> [23, 0, 9, 0, 0, 0, 0, 0])
Transition([23, 0, 9, 0, 0, 0, 0, 0] -- startSafeCheck --> [23, 1, 9, 0, 1, 0, 0, 0])
Transition([23, 1, 9, 0, 1, 0, 0, 0] -- 0.getPos.4.2 --> [23, 1, 9, 0, 11, 0, 0, 0])
Transition([23, 1, 9, 0, 11, 0, 0, 0] -- 1.getPos.3.3 --> [23, 1, 9, 0, 4, 0, 0, 0])
Transition([23, 1, 9, 0, 4, 0, 0, 0] -- checkSafeOk --> [23, 2, 9, 0, 0, 0, 0, 0])
Transition([23, 2, 9, 0, 0, 0, 0, 0] -- startLiveCheck --> [23, 3, 9, 1, 0, 1, 0, 0])
Transition([23, 3, 9, 1, 0, 1, 0, 0] -- 1.getPos.3.3 --> [23, 3, 9, 2, 0, 2, 0, 0])
Transition([23, 3, 9, 2, 0, 2, 0, 0] -- checkLiveDone --> [23, 4, 9, 0, 0, 0, 0, 0])
Transition([9, 4, 12, 0, 0, 0, 0, 0] -- right --> [9, 117, 12, 0, 0, 0, 0, 0])
Transition([9, 117, 12, 0, 0, 0, 0, 0] -- 0.getPos.3.2 --> [9, 163, 12, 0, 0, 0, 0, 0])
Transition([9, 163, 12, 0, 0, 0, 0, 0] -- 0.setPos.3.3 --> [9, 0, 23, 0, 0, 0, 0, 0])
Transition([9, 0, 23, 0, 0, 0, 0, 0] -- startSafeCheck --> [9, 1, 23, 0, 1, 0, 0, 0])
Transition([9, 1, 23, 0, 1, 0, 0, 0] -- 0.getPos.3.3 --> [9, 1, 23, 0, 25, 0, 0, 0])
Transition([9, 1, 23, 0, 25, 0, 0, 0] -- 1.getPos.4.2 --> [9, 1, 23, 0, 4, 0, 0, 0])
Transition([9, 1, 23, 0, 4, 0, 0, 0] -- checkSafeOk --> [9, 2, 23, 0, 0, 0, 0, 0])
Transition([9, 2, 23, 0, 0, 0, 0, 0] -- startLiveCheck --> [9, 3, 23, 1, 0, 1, 0, 0])
Transition([9, 3, 23, 1, 0, 1, 0, 0] -- 1.getPos.4.2 --> [9, 3, 23, 2, 0, 2, 0, 0])
Transition([9, 3, 23, 2, 0, 2, 0, 0] -- checkLiveDone --> [9, 4, 23, 0, 0, 0, 0, 0])
Transition([23, 4, 12, 0, 0, 0, 0, 0] -- left --> [23, 173, 12, 0, 0, 0, 0, 0])
Transition([23, 173, 12, 0, 0, 0, 0, 0] -- 0.getPos.3.2 --> [23, 221, 12, 0, 0, 0, 0, 0])
Transition([23, 221, 12, 0, 0, 0, 0, 0] -- 0.setPos.3.1 --> [23, 0, 14, 0, 0, 0, 0, 0])
Transition([23, 0, 14, 0, 0, 0, 0, 0] -- startSafeCheck --> [23, 1, 14, 0, 1, 0, 0, 0])
Transition([23, 1, 14, 0, 1, 0, 0, 0] -- 0.getPos.3.1 --> [23, 1, 14, 0, 20, 0, 0, 0])
Transition([23, 1, 14, 0, 20, 0, 0, 0] -- 1.getPos.3.3 --> [23, 1, 14, 0, 4, 0, 0, 0])
Transition([23, 1, 14, 0, 4, 0, 0, 0] -- checkSafeOk --> [23, 2, 14, 0, 0, 0, 0, 0])
Transition([23, 2, 14, 0, 0, 0, 0, 0] -- startLiveCheck --> [23, 3, 14, 1, 0, 1, 0, 0])
Transition([23, 3, 14, 1, 0, 1, 0, 0] -- 1.getPos.3.3 --> [23, 3, 14, 2, 0, 2, 0, 0])
Transition([23, 3, 14, 2, 0, 2, 0, 0] -- checkLiveDone --> [23, 4, 14, 0, 0, 0, 0, 0])
Transition([9, 4, 12, 0, 0, 0, 0, 0] -- up --> [9, 5, 12, 0, 0, 0, 0, 0])
Transition([9, 5, 12, 0, 0, 0, 0, 0] -- 0.getPos.3.2 --> [9, 49, 12, 0, 0, 0, 0, 0])
Transition([9, 49, 12, 0, 0, 0, 0, 0] -- 0.setPos.2.2 --> [9, 0, 3, 0, 0, 0, 0, 0])
Transition([9, 0, 3, 0, 0, 0, 0, 0] -- startSafeCheck --> [9, 1, 3, 0, 1, 0, 0, 0])
Transition([9, 1, 3, 0, 1, 0, 0, 0] -- 0.getPos.2.2 --> [9, 1, 3, 0, 8, 0, 0, 0])
Transition([9, 1, 3, 0, 8, 0, 0, 0] -- 1.getPos.4.2 --> [9, 1, 3, 0, 4, 0, 0, 0])
Transition([9, 1, 3, 0, 4, 0, 0, 0] -- checkSafeOk --> [9, 2, 3, 0, 0, 0, 0, 0])
Transition([9, 2, 3, 0, 0, 0, 0, 0] -- startLiveCheck --> [9, 3, 3, 1, 0, 1, 0, 0])
Transition([9, 3, 3, 1, 0, 1, 0, 0] -- 1.getPos.4.2 --> [9, 3, 3, 2, 0, 2, 0, 0])
Transition([9, 3, 3, 2, 0, 2, 0, 0] -- checkLiveDone --> [9, 4, 3, 0, 0, 0, 0, 0])
Transition([23, 4, 12, 0, 0, 0, 0, 0] -- right --> [23, 117, 12, 0, 0, 0, 0, 0])
Transition([23, 117, 12, 0, 0, 0, 0, 0] -- 0.getPos.3.2 --> [23, 163, 12, 0, 0, 0, 0, 0])
Transition([23, 163, 12, 0, 0, 0, 0, 0] -- 0.setPos.3.3 --> [23, 0, 23, 0, 0, 0, 0, 0])
Transition([23, 0, 23, 0, 0, 0, 0, 0] -- startSafeCheck --> [23, 1, 23, 0, 1, 0, 0, 0])
Transition([23, 1, 23, 0, 1, 0, 0, 0] -- 0.getPos.3.3 --> [23, 1, 23, 0, 25, 0, 0, 0])
Transition([23, 1, 23, 0, 25, 0, 0, 0] -- 1.getPos.3.3 --> [23, 1, 23, 0, 3, 0, 0, 0])
Transition([23, 163, 12, 0, 0, 0, 0, 0] -- 1.getPos.3.3 --> [23, 164, 12, 0, 0, 0, 0, 0])
Transition([23, 164, 12, 0, 0, 0, 0, 0] -- 1.setPos.3.4 --> [21, 165, 12, 0, 0, 0, 0, 0])
Transition([21, 165, 12, 0, 0, 0, 0, 0] -- 0.setPos.3.3 --> [21, 0, 23, 0, 0, 0, 0, 0])
Transition([21, 0, 23, 0, 0, 0, 0, 0] -- startSafeCheck --> [21, 1, 23, 0, 1, 0, 0, 0])
Transition([21, 1, 23, 0, 1, 0, 0, 0] -- 0.getPos.3.3 --> [21, 1, 23, 0, 25, 0, 0, 0])
Transition([21, 1, 23, 0, 25, 0, 0, 0] -- 1.getPos.3.4 --> [21, 1, 23, 0, 4, 0, 0, 0])
Transition([21, 1, 23, 0, 4, 0, 0, 0] -- checkSafeOk --> [21, 2, 23, 0, 0, 0, 0, 0])
Transition([21, 2, 23, 0, 0, 0, 0, 0] -- startLiveCheck --> [21, 3, 23, 1, 0, 1, 0, 0])
Transition([21, 3, 23, 1, 0, 1, 0, 0] -- 1.getPos.3.4 --> [21, 3, 23, 2, 0, 2, 0, 0])
Transition([21, 3, 23, 2, 0, 2, 0, 0] -- checkLiveDone --> [21, 4, 23, 0, 0, 0, 0, 0])
Transition([23, 4, 12, 0, 0, 0, 0, 0] -- up --> [23, 5, 12, 0, 0, 0, 0, 0])
Transition([23, 5, 12, 0, 0, 0, 0, 0] -- 0.getPos.3.2 --> [23, 49, 12, 0, 0, 0, 0, 0])
Transition([23, 49, 12, 0, 0, 0, 0, 0] -- 0.setPos.2.2 --> [23, 0, 3, 0, 0, 0, 0, 0])
Transition([23, 0, 3, 0, 0, 0, 0, 0] -- startSafeCheck --> [23, 1, 3, 0, 1, 0, 0, 0])
Transition([23, 1, 3, 0, 1, 0, 0, 0] -- 0.getPos.2.2 --> [23, 1, 3, 0, 8, 0, 0, 0])
Transition([23, 1, 3, 0, 8, 0, 0, 0] -- 1.getPos.3.3 --> [23, 1, 3, 0, 4, 0, 0, 0])
Transition([23, 1, 3, 0, 4, 0, 0, 0] -- checkSafeOk --> [23, 2, 3, 0, 0, 0, 0, 0])
Transition([23, 2, 3, 0, 0, 0, 0, 0] -- startLiveCheck --> [23, 3, 3, 1, 0, 1, 0, 0])
Transition([23, 3, 3, 1, 0, 1, 0, 0] -- 1.getPos.3.3 --> [23, 3, 3, 2, 0, 2, 0, 0])
Transition([23, 3, 3, 2, 0, 2, 0, 0] -- checkLiveDone --> [23, 4, 3, 0, 0, 0, 0, 0])
Transition([0, 4, 9, 0, 0, 0, 0, 0] -- down --> [0, 61, 9, 0, 0, 0, 0, 0])
Transition([0, 61, 9, 0, 0, 0, 0, 0] -- 0.getPos.4.2 --> [0, 101, 9, 0, 0, 0, 0, 0])
Transition([0, 101, 9, 0, 0, 0, 0, 0] -- 0.setPos.5.2 --> [0, 0, 20, 0, 0, 0, 0, 0])
Transition([0, 0, 20, 0, 0, 0, 0, 0] -- startSafeCheck --> [0, 1, 20, 0, 1, 0, 0, 0])
Transition([0, 1, 20, 0, 1, 0, 0, 0] -- 0.getPos.5.2 --> [0, 1, 20, 0, 22, 0, 0, 0])
Transition([0, 1, 20, 0, 22, 0, 0, 0] -- 1.getPos.3.2 --> [0, 1, 20, 0, 4, 0, 0, 0])
Transition([0, 1, 20, 0, 4, 0, 0, 0] -- checkSafeOk --> [0, 2, 20, 0, 0, 0, 0, 0])
Transition([0, 2, 20, 0, 0, 0, 0, 0] -- startLiveCheck --> [0, 3, 20, 1, 0, 1, 0, 0])
Transition([0, 3, 20, 1, 0, 1, 0, 0] -- 1.getPos.3.2 --> [0, 3, 20, 2, 0, 2, 0, 0])
Transition([0, 3, 20, 2, 0, 2, 0, 0] -- checkLiveDone --> [0, 4, 20, 0, 0, 0, 0, 0])
Transition([0, 4, 23, 0, 0, 0, 0, 0] -- down --> [0, 61, 23, 0, 0, 0, 0, 0])
Transition([0, 61, 23, 0, 0, 0, 0, 0] -- 0.getPos.3.3 --> [0, 114, 23, 0, 0, 0, 0, 0])
Transition([0, 114, 23, 0, 0, 0, 0, 0] -- 0.setPos.4.3 --> [0, 0, 7, 0, 0, 0, 0, 0])
Transition([0, 0, 7, 0, 0, 0, 0, 0] -- startSafeCheck --> [0, 1, 7, 0, 1, 0, 0, 0])
Transition([0, 1, 7, 0, 1, 0, 0, 0] -- 0.getPos.4.3 --> [0, 1, 7, 0, 9, 0, 0, 0])
Transition([0, 1, 7, 0, 9, 0, 0, 0] -- 1.getPos.3.2 --> [0, 1, 7, 0, 4, 0, 0, 0])
Transition([0, 1, 7, 0, 4, 0, 0, 0] -- checkSafeOk --> [0, 2, 7, 0, 0, 0, 0, 0])
Transition([0, 2, 7, 0, 0, 0, 0, 0] -- startLiveCheck --> [0, 3, 7, 1, 0, 1, 0, 0])
Transition([0, 3, 7, 1, 0, 1, 0, 0] -- 1.getPos.3.2 --> [0, 3, 7, 2, 0, 2, 0, 0])
Transition([0, 3, 7, 2, 0, 2, 0, 0] -- checkLiveDone --> [0, 4, 7, 0, 0, 0, 0, 0])
Transition([0, 4, 24, 0, 0, 0, 0, 0] -- down --> [0, 61, 24, 0, 0, 0, 0, 0])
Transition([0, 61, 24, 0, 0, 0, 0, 0] -- 0.getPos.1.5 --> [0, 88, 24, 0, 0, 0, 0, 0])
Transition([0, 88, 24, 0, 0, 0, 0, 0] -- 0.setPos.2.5 --> [0, 0, 8, 0, 0, 0, 0, 0])
Transition([0, 0, 8, 0, 0, 0, 0, 0] -- startSafeCheck --> [0, 1, 8, 0, 1, 0, 0, 0])
Transition([0, 1, 8, 0, 1, 0, 0, 0] -- 0.getPos.2.5 --> [0, 1, 8, 0, 10, 0, 0, 0])
Transition([0, 1, 8, 0, 10, 0, 0, 0] -- 1.getPos.3.2 --> [0, 1, 8, 0, 4, 0, 0, 0])
Transition([0, 1, 8, 0, 4, 0, 0, 0] -- checkSafeOk --> [0, 2, 8, 0, 0, 0, 0, 0])
Transition([0, 2, 8, 0, 0, 0, 0, 0] -- startLiveCheck --> [0, 3, 8, 1, 0, 1, 0, 0])
Transition([0, 3, 8, 1, 0, 1, 0, 0] -- 1.getPos.3.2 --> [0, 3, 8, 2, 0, 2, 0, 0])
Transition([0, 3, 8, 2, 0, 2, 0, 0] -- checkLiveDone --> [0, 4, 8, 0, 0, 0, 0, 0])
Transition([0, 4, 24, 0, 0, 0, 0, 0] -- left --> [0, 173, 24, 0, 0, 0, 0, 0])
Transition([0, 173, 24, 0, 0, 0, 0, 0] -- 0.getPos.1.5 --> [0, 202, 24, 0, 0, 0, 0, 0])
Transition([0, 202, 24, 0, 0, 0, 0, 0] -- 0.setPos.1.4 --> [0, 0, 13, 0, 0, 0, 0, 0])
Transition([0, 4, 10, 0, 0, 0, 0, 0] -- down --> [0, 61, 10, 0, 0, 0, 0, 0])
Transition([0, 61, 10, 0, 0, 0, 0, 0] -- 0.getPos.2.4 --> [0, 71, 10, 0, 0, 0, 0, 0])
Transition([0, 71, 10, 0, 0, 0, 0, 0] -- 0.setPos.3.4 --> [0, 0, 21, 0, 0, 0, 0, 0])
Transition([0, 0, 21, 0, 0, 0, 0, 0] -- startSafeCheck --> [0, 1, 21, 0, 1, 0, 0, 0])
Transition([0, 1, 21, 0, 1, 0, 0, 0] -- 0.getPos.3.4 --> [0, 1, 21, 0, 23, 0, 0, 0])
Transition([0, 1, 21, 0, 23, 0, 0, 0] -- 1.getPos.3.2 --> [0, 1, 21, 0, 4, 0, 0, 0])
Transition([0, 1, 21, 0, 4, 0, 0, 0] -- checkSafeOk --> [0, 2, 21, 0, 0, 0, 0, 0])
Transition([0, 2, 21, 0, 0, 0, 0, 0] -- startLiveCheck --> [0, 3, 21, 1, 0, 1, 0, 0])
Transition([0, 3, 21, 1, 0, 1, 0, 0] -- 1.getPos.3.2 --> [0, 3, 21, 2, 0, 2, 0, 0])
Transition([0, 3, 21, 2, 0, 2, 0, 0] -- checkLiveDone --> [0, 4, 21, 0, 0, 0, 0, 0])
Transition([0, 4, 24, 0, 0, 0, 0, 0] -- right --> [0, 117, 24, 0, 0, 0, 0, 0])
Transition([0, 117, 24, 0, 0, 0, 0, 0] -- 0.getPos.1.5 --> [0, 144, 24, 0, 0, 0, 0, 0])
Transition([0, 4, 10, 0, 0, 0, 0, 0] -- left --> [0, 173, 10, 0, 0, 0, 0, 0])
Transition([0, 173, 10, 0, 0, 0, 0, 0] -- 0.getPos.2.4 --> [0, 181, 10, 0, 0, 0, 0, 0])
Transition([0, 181, 10, 0, 0, 0, 0, 0] -- 0.setPos.2.3 --> [0, 0, 2, 0, 0, 0, 0, 0])
Transition([0, 4, 24, 0, 0, 0, 0, 0] -- up --> [0, 5, 24, 0, 0, 0, 0, 0])
Transition([0, 5, 24, 0, 0, 0, 0, 0] -- 0.getPos.1.5 --> [0, 28, 24, 0, 0, 0, 0, 0])
Transition([0, 4, 10, 0, 0, 0, 0, 0] -- right --> [0, 117, 10, 0, 0, 0, 0, 0])
Transition([0, 117, 10, 0, 0, 0, 0, 0] -- 0.getPos.2.4 --> [0, 125, 10, 0, 0, 0, 0, 0])
Transition([0, 125, 10, 0, 0, 0, 0, 0] -- 0.setPos.2.5 --> [0, 0, 8, 0, 0, 0, 0, 0])
Transition([0, 4, 22, 0, 0, 0, 0, 0] -- down --> [0, 61, 22, 0, 0, 0, 0, 0])
Transition([0, 61, 22, 0, 0, 0, 0, 0] -- 0.getPos.5.1 --> [0, 87, 22, 0, 0, 0, 0, 0])
Transition([0, 4, 10, 0, 0, 0, 0, 0] -- up --> [0, 5, 10, 0, 0, 0, 0, 0])
Transition([0, 5, 10, 0, 0, 0, 0, 0] -- 0.getPos.2.4 --> [0, 9, 10, 0, 0, 0, 0, 0])
Transition([0, 9, 10, 0, 0, 0, 0, 0] -- 0.setPos.1.4 --> [0, 0, 13, 0, 0, 0, 0, 0])
Transition([0, 4, 22, 0, 0, 0, 0, 0] -- left --> [0, 173, 22, 0, 0, 0, 0, 0])
Transition([0, 173, 22, 0, 0, 0, 0, 0] -- 0.getPos.5.1 --> [0, 201, 22, 0, 0, 0, 0, 0])
Transition([0, 4, 22, 0, 0, 0, 0, 0] -- right --> [0, 117, 22, 0, 0, 0, 0, 0])
Transition([0, 117, 22, 0, 0, 0, 0, 0] -- 0.getPos.5.1 --> [0, 141, 22, 0, 0, 0, 0, 0])
Transition([0, 141, 22, 0, 0, 0, 0, 0] -- 0.setPos.5.2 --> [0, 0, 20, 0, 0, 0, 0, 0])
Transition([0, 4, 22, 0, 0, 0, 0, 0] -- up --> [0, 5, 22, 0, 0, 0, 0, 0])
Transition([0, 5, 22, 0, 0, 0, 0, 0] -- 0.getPos.5.1 --> [0, 25, 22, 0, 0, 0, 0, 0])
Transition([0, 25, 22, 0, 0, 0, 0, 0] -- 0.setPos.4.1 --> [0, 0, 1, 0, 0, 0, 0, 0])
Transition([0, 4, 9, 0, 0, 0, 0, 0] -- left --> [0, 173, 9, 0, 0, 0, 0, 0])
Transition([0, 173, 9, 0, 0, 0, 0, 0] -- 0.getPos.4.2 --> [0, 217, 9, 0, 0, 0, 0, 0])
Transition([0, 217, 9, 0, 0, 0, 0, 0] -- 0.setPos.4.1 --> [0, 0, 1, 0, 0, 0, 0, 0])
Transition([0, 4, 23, 0, 0, 0, 0, 0] -- left --> [0, 173, 23, 0, 0, 0, 0, 0])
Transition([0, 173, 23, 0, 0, 0, 0, 0] -- 0.getPos.3.3 --> [0, 226, 23, 0, 0, 0, 0, 0])
Transition([0, 226, 23, 0, 0, 0, 0, 0] -- 0.setPos.3.2 --> [0, 0, 12, 0, 0, 0, 0, 0])
Transition([0, 226, 23, 0, 0, 0, 0, 0] -- 1.getPos.3.2 --> [0, 227, 23, 0, 0, 0, 0, 0])
Transition([0, 227, 23, 0, 0, 0, 0, 0] -- 1.setPos.3.1 --> [13, 228, 23, 0, 0, 0, 0, 0])
Transition([13, 228, 23, 0, 0, 0, 0, 0] -- 0.setPos.3.2 --> [13, 0, 12, 0, 0, 0, 0, 0])
Transition([13, 0, 12, 0, 0, 0, 0, 0] -- startSafeCheck --> [13, 1, 12, 0, 1, 0, 0, 0])
Transition([13, 1, 12, 0, 1, 0, 0, 0] -- 0.getPos.3.2 --> [13, 1, 12, 0, 18, 0, 0, 0])
Transition([13, 1, 12, 0, 18, 0, 0, 0] -- 1.getPos.3.1 --> [13, 1, 12, 0, 4, 0, 0, 0])
Transition([13, 1, 12, 0, 4, 0, 0, 0] -- checkSafeOk --> [13, 2, 12, 0, 0, 0, 0, 0])
Transition([13, 2, 12, 0, 0, 0, 0, 0] -- startLiveCheck --> [13, 3, 12, 1, 0, 1, 0, 0])
Transition([13, 3, 12, 1, 0, 1, 0, 0] -- 1.getPos.3.1 --> [13, 3, 12, 2, 0, 2, 0, 0])
Transition([13, 3, 12, 2, 0, 2, 0, 0] -- checkLiveDone --> [13, 4, 12, 0, 0, 0, 0, 0])
Transition([0, 4, 9, 0, 0, 0, 0, 0] -- right --> [0, 117, 9, 0, 0, 0, 0, 0])
Transition([0, 117, 9, 0, 0, 0, 0, 0] -- 0.getPos.4.2 --> [0, 159, 9, 0, 0, 0, 0, 0])
Transition([0, 159, 9, 0, 0, 0, 0, 0] -- 0.setPos.4.3 --> [0, 0, 7, 0, 0, 0, 0, 0])
Transition([0, 4, 9, 0, 0, 0, 0, 0] -- up --> [0, 5, 9, 0, 0, 0, 0, 0])
Transition([0, 5, 9, 0, 0, 0, 0, 0] -- 0.getPos.4.2 --> [0, 43, 9, 0, 0, 0, 0, 0])
Transition([0, 43, 9, 0, 0, 0, 0, 0] -- 0.setPos.3.2 --> [0, 0, 12, 0, 0, 0, 0, 0])
Transition([0, 43, 9, 0, 0, 0, 0, 0] -- 1.getPos.3.2 --> [0, 44, 9, 0, 0, 0, 0, 0])
Transition([0, 44, 9, 0, 0, 0, 0, 0] -- 1.setPos.2.2 --> [3, 45, 9, 0, 0, 0, 0, 0])
Transition([3, 45, 9, 0, 0, 0, 0, 0] -- 0.setPos.3.2 --> [3, 0, 12, 0, 0, 0, 0, 0])
Transition([3, 0, 12, 0, 0, 0, 0, 0] -- startSafeCheck --> [3, 1, 12, 0, 1, 0, 0, 0])
Transition([3, 1, 12, 0, 1, 0, 0, 0] -- 0.getPos.3.2 --> [3, 1, 12, 0, 18, 0, 0, 0])
Transition([3, 1, 12, 0, 18, 0, 0, 0] -- 1.getPos.2.2 --> [3, 1, 12, 0, 4, 0, 0, 0])
Transition([3, 1, 12, 0, 4, 0, 0, 0] -- checkSafeOk --> [3, 2, 12, 0, 0, 0, 0, 0])
Transition([3, 2, 12, 0, 0, 0, 0, 0] -- startLiveCheck --> [3, 3, 12, 1, 0, 1, 0, 0])
Transition([3, 3, 12, 1, 0, 1, 0, 0] -- 1.getPos.2.2 --> [3, 3, 12, 2, 0, 2, 0, 0])
Transition([3, 3, 12, 2, 0, 2, 0, 0] -- checkLiveDone --> [3, 4, 12, 0, 0, 0, 0, 0])
Transition([0, 4, 23, 0, 0, 0, 0, 0] -- right --> [0, 117, 23, 0, 0, 0, 0, 0])
Transition([0, 117, 23, 0, 0, 0, 0, 0] -- 0.getPos.3.3 --> [0, 170, 23, 0, 0, 0, 0, 0])
Transition([0, 170, 23, 0, 0, 0, 0, 0] -- 0.setPos.3.4 --> [0, 0, 21, 0, 0, 0, 0, 0])
Transition([0, 4, 23, 0, 0, 0, 0, 0] -- up --> [0, 5, 23, 0, 0, 0, 0, 0])
Transition([0, 5, 23, 0, 0, 0, 0, 0] -- 0.getPos.3.3 --> [0, 58, 23, 0, 0, 0, 0, 0])
Transition([0, 58, 23, 0, 0, 0, 0, 0] -- 0.setPos.2.3 --> [0, 0, 2, 0, 0, 0, 0, 0])
Transition([9, 4, 23, 0, 0, 0, 0, 0] -- down --> [9, 61, 23, 0, 0, 0, 0, 0])
Transition([9, 61, 23, 0, 0, 0, 0, 0] -- 0.getPos.3.3 --> [9, 114, 23, 0, 0, 0, 0, 0])
Transition([9, 114, 23, 0, 0, 0, 0, 0] -- 0.setPos.4.3 --> [9, 0, 7, 0, 0, 0, 0, 0])
Transition([9, 0, 7, 0, 0, 0, 0, 0] -- startSafeCheck --> [9, 1, 7, 0, 1, 0, 0, 0])
Transition([9, 1, 7, 0, 1, 0, 0, 0] -- 0.getPos.4.3 --> [9, 1, 7, 0, 9, 0, 0, 0])
Transition([9, 1, 7, 0, 9, 0, 0, 0] -- 1.getPos.4.2 --> [9, 1, 7, 0, 4, 0, 0, 0])
Transition([9, 1, 7, 0, 4, 0, 0, 0] -- checkSafeOk --> [9, 2, 7, 0, 0, 0, 0, 0])
Transition([9, 2, 7, 0, 0, 0, 0, 0] -- startLiveCheck --> [9, 3, 7, 1, 0, 1, 0, 0])
Transition([9, 3, 7, 1, 0, 1, 0, 0] -- 1.getPos.4.2 --> [9, 3, 7, 2, 0, 2, 0, 0])
Transition([9, 3, 7, 2, 0, 2, 0, 0] -- checkLiveDone --> [9, 4, 7, 0, 0, 0, 0, 0])
Transition([23, 4, 9, 0, 0, 0, 0, 0] -- down --> [23, 61, 9, 0, 0, 0, 0, 0])
Transition([23, 61, 9, 0, 0, 0, 0, 0] -- 0.getPos.4.2 --> [23, 101, 9, 0, 0, 0, 0, 0])
Transition([23, 101, 9, 0, 0, 0, 0, 0] -- 0.setPos.5.2 --> [23, 0, 20, 0, 0, 0, 0, 0])
Transition([23, 0, 20, 0, 0, 0, 0, 0] -- startSafeCheck --> [23, 1, 20, 0, 1, 0, 0, 0])
Transition([23, 1, 20, 0, 1, 0, 0, 0] -- 0.getPos.5.2 --> [23, 1, 20, 0, 22, 0, 0, 0])
Transition([23, 1, 20, 0, 22, 0, 0, 0] -- 1.getPos.3.3 --> [23, 1, 20, 0, 4, 0, 0, 0])
Transition([23, 1, 20, 0, 4, 0, 0, 0] -- checkSafeOk --> [23, 2, 20, 0, 0, 0, 0, 0])
Transition([23, 2, 20, 0, 0, 0, 0, 0] -- startLiveCheck --> [23, 3, 20, 1, 0, 1, 0, 0])
Transition([23, 3, 20, 1, 0, 1, 0, 0] -- 1.getPos.3.3 --> [23, 3, 20, 2, 0, 2, 0, 0])
Transition([23, 3, 20, 2, 0, 2, 0, 0] -- checkLiveDone --> [23, 4, 20, 0, 0, 0, 0, 0])
Transition([9, 4, 3, 0, 0, 0, 0, 0] -- down --> [9, 61, 3, 0, 0, 0, 0, 0])
Transition([9, 61, 3, 0, 0, 0, 0, 0] -- 0.getPos.2.2 --> [9, 65, 3, 0, 0, 0, 0, 0])
Transition([9, 65, 3, 0, 0, 0, 0, 0] -- 0.setPos.3.2 --> [9, 0, 12, 0, 0, 0, 0, 0])
Transition([23, 4, 9, 0, 0, 0, 0, 0] -- left --> [23, 173, 9, 0, 0, 0, 0, 0])
Transition([23, 173, 9, 0, 0, 0, 0, 0] -- 0.getPos.4.2 --> [23, 217, 9, 0, 0, 0, 0, 0])
Transition([23, 217, 9, 0, 0, 0, 0, 0] -- 0.setPos.4.1 --> [23, 0, 1, 0, 0, 0, 0, 0])
Transition([23, 0, 1, 0, 0, 0, 0, 0] -- startSafeCheck --> [23, 1, 1, 0, 1, 0, 0, 0])
Transition([23, 1, 1, 0, 1, 0, 0, 0] -- 0.getPos.4.1 --> [23, 1, 1, 0, 6, 0, 0, 0])
Transition([23, 1, 1, 0, 6, 0, 0, 0] -- 1.getPos.3.3 --> [23, 1, 1, 0, 4, 0, 0, 0])
Transition([23, 1, 1, 0, 4, 0, 0, 0] -- checkSafeOk --> [23, 2, 1, 0, 0, 0, 0, 0])
Transition([23, 2, 1, 0, 0, 0, 0, 0] -- startLiveCheck --> [23, 3, 1, 1, 0, 1, 0, 0])
Transition([23, 3, 1, 1, 0, 1, 0, 0] -- 1.getPos.3.3 --> [23, 3, 1, 2, 0, 2, 0, 0])
Transition([23, 3, 1, 2, 0, 2, 0, 0] -- checkLiveDone --> [23, 4, 1, 0, 0, 0, 0, 0])
Transition([9, 4, 3, 0, 0, 0, 0, 0] -- left --> [9, 173, 3, 0, 0, 0, 0, 0])
Transition([9, 173, 3, 0, 0, 0, 0, 0] -- 0.getPos.2.2 --> [9, 177, 3, 0, 0, 0, 0, 0])
Transition([9, 177, 3, 0, 0, 0, 0, 0] -- 0.setPos.2.1 --> [9, 0, 4, 0, 0, 0, 0, 0])
Transition([9, 0, 4, 0, 0, 0, 0, 0] -- startSafeCheck --> [9, 1, 4, 0, 1, 0, 0, 0])
Transition([9, 1, 4, 0, 1, 0, 0, 0] -- 0.getPos.2.1 --> [9, 1, 4, 0, 13, 0, 0, 0])
Transition([9, 1, 4, 0, 13, 0, 0, 0] -- 1.getPos.4.2 --> [9, 1, 4, 0, 4, 0, 0, 0])
Transition([9, 1, 4, 0, 4, 0, 0, 0] -- checkSafeOk --> [9, 2, 4, 0, 0, 0, 0, 0])
Transition([9, 2, 4, 0, 0, 0, 0, 0] -- startLiveCheck --> [9, 3, 4, 1, 0, 1, 0, 0])
Transition([9, 3, 4, 1, 0, 1, 0, 0] -- 1.getPos.4.2 --> [9, 3, 4, 2, 0, 2, 0, 0])
Transition([9, 3, 4, 2, 0, 2, 0, 0] -- checkLiveDone --> [9, 4, 4, 0, 0, 0, 0, 0])
Transition([23, 4, 9, 0, 0, 0, 0, 0] -- right --> [23, 117, 9, 0, 0, 0, 0, 0])
Transition([23, 117, 9, 0, 0, 0, 0, 0] -- 0.getPos.4.2 --> [23, 159, 9, 0, 0, 0, 0, 0])
Transition([23, 159, 9, 0, 0, 0, 0, 0] -- 0.setPos.4.3 --> [23, 0, 7, 0, 0, 0, 0, 0])
Transition([23, 0, 7, 0, 0, 0, 0, 0] -- startSafeCheck --> [23, 1, 7, 0, 1, 0, 0, 0])
Transition([23, 1, 7, 0, 1, 0, 0, 0] -- 0.getPos.4.3 --> [23, 1, 7, 0, 9, 0, 0, 0])
Transition([23, 1, 7, 0, 9, 0, 0, 0] -- 1.getPos.3.3 --> [23, 1, 7, 0, 4, 0, 0, 0])
Transition([23, 1, 7, 0, 4, 0, 0, 0] -- checkSafeOk --> [23, 2, 7, 0, 0, 0, 0, 0])
Transition([23, 2, 7, 0, 0, 0, 0, 0] -- startLiveCheck --> [23, 3, 7, 1, 0, 1, 0, 0])
Transition([23, 3, 7, 1, 0, 1, 0, 0] -- 1.getPos.3.3 --> [23, 3, 7, 2, 0, 2, 0, 0])
Transition([23, 3, 7, 2, 0, 2, 0, 0] -- checkLiveDone --> [23, 4, 7, 0, 0, 0, 0, 0])
Transition([9, 4, 3, 0, 0, 0, 0, 0] -- right --> [9, 117, 3, 0, 0, 0, 0, 0])
Transition([9, 117, 3, 0, 0, 0, 0, 0] -- 0.getPos.2.2 --> [9, 121, 3, 0, 0, 0, 0, 0])
Transition([9, 121, 3, 0, 0, 0, 0, 0] -- 0.setPos.2.3 --> [9, 0, 2, 0, 0, 0, 0, 0])
Transition([9, 0, 2, 0, 0, 0, 0, 0] -- startSafeCheck --> [9, 1, 2, 0, 1, 0, 0, 0])
Transition([9, 1, 2, 0, 1, 0, 0, 0] -- 0.getPos.2.3 --> [9, 1, 2, 0, 7, 0, 0, 0])
Transition([9, 1, 2, 0, 7, 0, 0, 0] -- 1.getPos.4.2 --> [9, 1, 2, 0, 4, 0, 0, 0])
Transition([9, 1, 2, 0, 4, 0, 0, 0] -- checkSafeOk --> [9, 2, 2, 0, 0, 0, 0, 0])
Transition([9, 2, 2, 0, 0, 0, 0, 0] -- startLiveCheck --> [9, 3, 2, 1, 0, 1, 0, 0])
Transition([9, 3, 2, 1, 0, 1, 0, 0] -- 1.getPos.4.2 --> [9, 3, 2, 2, 0, 2, 0, 0])
Transition([9, 3, 2, 2, 0, 2, 0, 0] -- checkLiveDone --> [9, 4, 2, 0, 0, 0, 0, 0])
Transition([23, 4, 9, 0, 0, 0, 0, 0] -- up --> [23, 5, 9, 0, 0, 0, 0, 0])
Transition([23, 5, 9, 0, 0, 0, 0, 0] -- 0.getPos.4.2 --> [23, 43, 9, 0, 0, 0, 0, 0])
Transition([23, 43, 9, 0, 0, 0, 0, 0] -- 0.setPos.3.2 --> [23, 0, 12, 0, 0, 0, 0, 0])
Transition([9, 4, 3, 0, 0, 0, 0, 0] -- up --> [9, 5, 3, 0, 0, 0, 0, 0])
Transition([9, 5, 3, 0, 0, 0, 0, 0] -- 0.getPos.2.2 --> [9, 7, 3, 0, 0, 0, 0, 0])
Transition([9, 7, 3, 0, 0, 0, 0, 0] -- 0.setPos.1.2 --> [9, 0, 16, 0, 0, 0, 0, 0])
Transition([9, 0, 16, 0, 0, 0, 0, 0] -- startSafeCheck --> [9, 1, 16, 0, 1, 0, 0, 0])
Transition([9, 1, 16, 0, 1, 0, 0, 0] -- 0.getPos.1.2 --> [9, 1, 16, 0, 27, 0, 0, 0])
Transition([9, 1, 16, 0, 27, 0, 0, 0] -- 1.getPos.4.2 --> [9, 1, 16, 0, 4, 0, 0, 0])
Transition([9, 1, 16, 0, 4, 0, 0, 0] -- checkSafeOk --> [9, 2, 16, 0, 0, 0, 0, 0])
Transition([9, 2, 16, 0, 0, 0, 0, 0] -- startLiveCheck --> [9, 3, 16, 1, 0, 1, 0, 0])
Transition([9, 3, 16, 1, 0, 1, 0, 0] -- 1.getPos.4.2 --> [9, 3, 16, 2, 0, 2, 0, 0])
Transition([9, 3, 16, 2, 0, 2, 0, 0] -- checkLiveDone --> [9, 4, 16, 0, 0, 0, 0, 0])
Transition([23, 4, 3, 0, 0, 0, 0, 0] -- down --> [23, 61, 3, 0, 0, 0, 0, 0])
Transition([23, 61, 3, 0, 0, 0, 0, 0] -- 0.getPos.2.2 --> [23, 65, 3, 0, 0, 0, 0, 0])
Transition([23, 65, 3, 0, 0, 0, 0, 0] -- 0.setPos.3.2 --> [23, 0, 12, 0, 0, 0, 0, 0])
Transition([23, 4, 14, 0, 0, 0, 0, 0] -- down --> [23, 61, 14, 0, 0, 0, 0, 0])
Transition([23, 61, 14, 0, 0, 0, 0, 0] -- 0.getPos.3.1 --> [23, 108, 14, 0, 0, 0, 0, 0])
Transition([23, 108, 14, 0, 0, 0, 0, 0] -- 0.setPos.4.1 --> [23, 0, 1, 0, 0, 0, 0, 0])
Transition([23, 4, 3, 0, 0, 0, 0, 0] -- left --> [23, 173, 3, 0, 0, 0, 0, 0])
Transition([23, 173, 3, 0, 0, 0, 0, 0] -- 0.getPos.2.2 --> [23, 177, 3, 0, 0, 0, 0, 0])
Transition([23, 177, 3, 0, 0, 0, 0, 0] -- 0.setPos.2.1 --> [23, 0, 4, 0, 0, 0, 0, 0])
Transition([23, 0, 4, 0, 0, 0, 0, 0] -- startSafeCheck --> [23, 1, 4, 0, 1, 0, 0, 0])
Transition([23, 1, 4, 0, 1, 0, 0, 0] -- 0.getPos.2.1 --> [23, 1, 4, 0, 13, 0, 0, 0])
Transition([23, 1, 4, 0, 13, 0, 0, 0] -- 1.getPos.3.3 --> [23, 1, 4, 0, 4, 0, 0, 0])
Transition([23, 1, 4, 0, 4, 0, 0, 0] -- checkSafeOk --> [23, 2, 4, 0, 0, 0, 0, 0])
Transition([23, 2, 4, 0, 0, 0, 0, 0] -- startLiveCheck --> [23, 3, 4, 1, 0, 1, 0, 0])
Transition([23, 3, 4, 1, 0, 1, 0, 0] -- 1.getPos.3.3 --> [23, 3, 4, 2, 0, 2, 0, 0])
Transition([23, 3, 4, 2, 0, 2, 0, 0] -- checkLiveDone --> [23, 4, 4, 0, 0, 0, 0, 0])
Transition([23, 4, 14, 0, 0, 0, 0, 0] -- left --> [23, 173, 14, 0, 0, 0, 0, 0])
Transition([23, 173, 14, 0, 0, 0, 0, 0] -- 0.getPos.3.1 --> [23, 222, 14, 0, 0, 0, 0, 0])
Transition([23, 4, 3, 0, 0, 0, 0, 0] -- right --> [23, 117, 3, 0, 0, 0, 0, 0])
Transition([23, 117, 3, 0, 0, 0, 0, 0] -- 0.getPos.2.2 --> [23, 121, 3, 0, 0, 0, 0, 0])
Transition([23, 121, 3, 0, 0, 0, 0, 0] -- 0.setPos.2.3 --> [23, 0, 2, 0, 0, 0, 0, 0])
Transition([23, 0, 2, 0, 0, 0, 0, 0] -- startSafeCheck --> [23, 1, 2, 0, 1, 0, 0, 0])
Transition([23, 1, 2, 0, 1, 0, 0, 0] -- 0.getPos.2.3 --> [23, 1, 2, 0, 7, 0, 0, 0])
Transition([23, 1, 2, 0, 7, 0, 0, 0] -- 1.getPos.3.3 --> [23, 1, 2, 0, 4, 0, 0, 0])
Transition([23, 1, 2, 0, 4, 0, 0, 0] -- checkSafeOk --> [23, 2, 2, 0, 0, 0, 0, 0])
Transition([23, 2, 2, 0, 0, 0, 0, 0] -- startLiveCheck --> [23, 3, 2, 1, 0, 1, 0, 0])
Transition([23, 3, 2, 1, 0, 1, 0, 0] -- 1.getPos.3.3 --> [23, 3, 2, 2, 0, 2, 0, 0])
Transition([23, 3, 2, 2, 0, 2, 0, 0] -- checkLiveDone --> [23, 4, 2, 0, 0, 0, 0, 0])
Transition([23, 4, 14, 0, 0, 0, 0, 0] -- right --> [23, 117, 14, 0, 0, 0, 0, 0])
Transition([23, 117, 14, 0, 0, 0, 0, 0] -- 0.getPos.3.1 --> [23, 166, 14, 0, 0, 0, 0, 0])
Transition([23, 166, 14, 0, 0, 0, 0, 0] -- 0.setPos.3.2 --> [23, 0, 12, 0, 0, 0, 0, 0])
Transition([23, 4, 3, 0, 0, 0, 0, 0] -- up --> [23, 5, 3, 0, 0, 0, 0, 0])
Transition([23, 5, 3, 0, 0, 0, 0, 0] -- 0.getPos.2.2 --> [23, 7, 3, 0, 0, 0, 0, 0])
Transition([23, 7, 3, 0, 0, 0, 0, 0] -- 0.setPos.1.2 --> [23, 0, 16, 0, 0, 0, 0, 0])
Transition([23, 0, 16, 0, 0, 0, 0, 0] -- startSafeCheck --> [23, 1, 16, 0, 1, 0, 0, 0])
Transition([23, 1, 16, 0, 1, 0, 0, 0] -- 0.getPos.1.2 --> [23, 1, 16, 0, 27, 0, 0, 0])
Transition([23, 1, 16, 0, 27, 0, 0, 0] -- 1.getPos.3.3 --> [23, 1, 16, 0, 4, 0, 0, 0])
Transition([23, 1, 16, 0, 4, 0, 0, 0] -- checkSafeOk --> [23, 2, 16, 0, 0, 0, 0, 0])
Transition([23, 2, 16, 0, 0, 0, 0, 0] -- startLiveCheck --> [23, 3, 16, 1, 0, 1, 0, 0])
Transition([23, 3, 16, 1, 0, 1, 0, 0] -- 1.getPos.3.3 --> [23, 3, 16, 2, 0, 2, 0, 0])
Transition([23, 3, 16, 2, 0, 2, 0, 0] -- checkLiveDone --> [23, 4, 16, 0, 0, 0, 0, 0])
Transition([23, 4, 14, 0, 0, 0, 0, 0] -- up --> [23, 5, 14, 0, 0, 0, 0, 0])
Transition([23, 5, 14, 0, 0, 0, 0, 0] -- 0.getPos.3.1 --> [23, 52, 14, 0, 0, 0, 0, 0])
Transition([23, 52, 14, 0, 0, 0, 0, 0] -- 0.setPos.2.1 --> [23, 0, 4, 0, 0, 0, 0, 0])
Transition([9, 4, 14, 0, 0, 0, 0, 0] -- down --> [9, 61, 14, 0, 0, 0, 0, 0])
Transition([9, 61, 14, 0, 0, 0, 0, 0] -- 0.getPos.3.1 --> [9, 108, 14, 0, 0, 0, 0, 0])
Transition([9, 108, 14, 0, 0, 0, 0, 0] -- 0.setPos.4.1 --> [9, 0, 1, 0, 0, 0, 0, 0])
Transition([9, 0, 1, 0, 0, 0, 0, 0] -- startSafeCheck --> [9, 1, 1, 0, 1, 0, 0, 0])
Transition([9, 1, 1, 0, 1, 0, 0, 0] -- 0.getPos.4.1 --> [9, 1, 1, 0, 6, 0, 0, 0])
Transition([9, 1, 1, 0, 6, 0, 0, 0] -- 1.getPos.4.2 --> [9, 1, 1, 0, 4, 0, 0, 0])
Transition([9, 1, 1, 0, 4, 0, 0, 0] -- checkSafeOk --> [9, 2, 1, 0, 0, 0, 0, 0])
Transition([9, 2, 1, 0, 0, 0, 0, 0] -- startLiveCheck --> [9, 3, 1, 1, 0, 1, 0, 0])
Transition([9, 3, 1, 1, 0, 1, 0, 0] -- 1.getPos.4.2 --> [9, 3, 1, 2, 0, 2, 0, 0])
Transition([9, 3, 1, 2, 0, 2, 0, 0] -- checkLiveDone --> [9, 4, 1, 0, 0, 0, 0, 0])
Transition([9, 4, 23, 0, 0, 0, 0, 0] -- left --> [9, 173, 23, 0, 0, 0, 0, 0])
Transition([9, 173, 23, 0, 0, 0, 0, 0] -- 0.getPos.3.3 --> [9, 226, 23, 0, 0, 0, 0, 0])
Transition([9, 226, 23, 0, 0, 0, 0, 0] -- 0.setPos.3.2 --> [9, 0, 12, 0, 0, 0, 0, 0])
Transition([9, 4, 14, 0, 0, 0, 0, 0] -- left --> [9, 173, 14, 0, 0, 0, 0, 0])
Transition([9, 173, 14, 0, 0, 0, 0, 0] -- 0.getPos.3.1 --> [9, 222, 14, 0, 0, 0, 0, 0])
Transition([9, 4, 23, 0, 0, 0, 0, 0] -- right --> [9, 117, 23, 0, 0, 0, 0, 0])
Transition([9, 117, 23, 0, 0, 0, 0, 0] -- 0.getPos.3.3 --> [9, 170, 23, 0, 0, 0, 0, 0])
Transition([9, 170, 23, 0, 0, 0, 0, 0] -- 0.setPos.3.4 --> [9, 0, 21, 0, 0, 0, 0, 0])
Transition([9, 0, 21, 0, 0, 0, 0, 0] -- startSafeCheck --> [9, 1, 21, 0, 1, 0, 0, 0])
Transition([9, 1, 21, 0, 1, 0, 0, 0] -- 0.getPos.3.4 --> [9, 1, 21, 0, 23, 0, 0, 0])
Transition([9, 1, 21, 0, 23, 0, 0, 0] -- 1.getPos.4.2 --> [9, 1, 21, 0, 4, 0, 0, 0])
Transition([9, 1, 21, 0, 4, 0, 0, 0] -- checkSafeOk --> [9, 2, 21, 0, 0, 0, 0, 0])
Transition([9, 2, 21, 0, 0, 0, 0, 0] -- startLiveCheck --> [9, 3, 21, 1, 0, 1, 0, 0])
Transition([9, 3, 21, 1, 0, 1, 0, 0] -- 1.getPos.4.2 --> [9, 3, 21, 2, 0, 2, 0, 0])
Transition([9, 3, 21, 2, 0, 2, 0, 0] -- checkLiveDone --> [9, 4, 21, 0, 0, 0, 0, 0])
Transition([9, 4, 14, 0, 0, 0, 0, 0] -- right --> [9, 117, 14, 0, 0, 0, 0, 0])
Transition([9, 117, 14, 0, 0, 0, 0, 0] -- 0.getPos.3.1 --> [9, 166, 14, 0, 0, 0, 0, 0])
Transition([9, 166, 14, 0, 0, 0, 0, 0] -- 0.setPos.3.2 --> [9, 0, 12, 0, 0, 0, 0, 0])
Transition([9, 4, 23, 0, 0, 0, 0, 0] -- up --> [9, 5, 23, 0, 0, 0, 0, 0])
Transition([9, 5, 23, 0, 0, 0, 0, 0] -- 0.getPos.3.3 --> [9, 58, 23, 0, 0, 0, 0, 0])
Transition([9, 58, 23, 0, 0, 0, 0, 0] -- 0.setPos.2.3 --> [9, 0, 2, 0, 0, 0, 0, 0])
Transition([9, 4, 14, 0, 0, 0, 0, 0] -- up --> [9, 5, 14, 0, 0, 0, 0, 0])
Transition([9, 5, 14, 0, 0, 0, 0, 0] -- 0.getPos.3.1 --> [9, 52, 14, 0, 0, 0, 0, 0])
Transition([9, 52, 14, 0, 0, 0, 0, 0] -- 0.setPos.2.1 --> [9, 0, 4, 0, 0, 0, 0, 0])
Transition([21, 4, 23, 0, 0, 0, 0, 0] -- down --> [21, 61, 23, 0, 0, 0, 0, 0])
Transition([21, 61, 23, 0, 0, 0, 0, 0] -- 0.getPos.3.3 --> [21, 114, 23, 0, 0, 0, 0, 0])
Transition([21, 114, 23, 0, 0, 0, 0, 0] -- 0.setPos.4.3 --> [21, 0, 7, 0, 0, 0, 0, 0])
Transition([21, 0, 7, 0, 0, 0, 0, 0] -- startSafeCheck --> [21, 1, 7, 0, 1, 0, 0, 0])
Transition([21, 1, 7, 0, 1, 0, 0, 0] -- 0.getPos.4.3 --> [21, 1, 7, 0, 9, 0, 0, 0])
Transition([21, 1, 7, 0, 9, 0, 0, 0] -- 1.getPos.3.4 --> [21, 1, 7, 0, 4, 0, 0, 0])
Transition([21, 1, 7, 0, 4, 0, 0, 0] -- checkSafeOk --> [21, 2, 7, 0, 0, 0, 0, 0])
Transition([21, 2, 7, 0, 0, 0, 0, 0] -- startLiveCheck --> [21, 3, 7, 1, 0, 1, 0, 0])
Transition([21, 3, 7, 1, 0, 1, 0, 0] -- 1.getPos.3.4 --> [21, 3, 7, 2, 0, 2, 0, 0])
Transition([21, 3, 7, 2, 0, 2, 0, 0] -- checkLiveDone --> [21, 4, 7, 0, 0, 0, 0, 0])
Transition([20, 4, 9, 0, 0, 0, 0, 0] -- down --> [20, 61, 9, 0, 0, 0, 0, 0])
Transition([20, 61, 9, 0, 0, 0, 0, 0] -- 0.getPos.4.2 --> [20, 101, 9, 0, 0, 0, 0, 0])
Transition([20, 101, 9, 0, 0, 0, 0, 0] -- 0.setPos.5.2 --> [20, 0, 20, 0, 0, 0, 0, 0])
Transition([20, 0, 20, 0, 0, 0, 0, 0] -- startSafeCheck --> [20, 1, 20, 0, 1, 0, 0, 0])
Transition([20, 1, 20, 0, 1, 0, 0, 0] -- 0.getPos.5.2 --> [20, 1, 20, 0, 22, 0, 0, 0])
Transition([20, 1, 20, 0, 22, 0, 0, 0] -- 1.getPos.5.2 --> [20, 1, 20, 0, 3, 0, 0, 0])
Transition([21, 4, 23, 0, 0, 0, 0, 0] -- left --> [21, 173, 23, 0, 0, 0, 0, 0])
Transition([21, 173, 23, 0, 0, 0, 0, 0] -- 0.getPos.3.3 --> [21, 226, 23, 0, 0, 0, 0, 0])
Transition([21, 226, 23, 0, 0, 0, 0, 0] -- 0.setPos.3.2 --> [21, 0, 12, 0, 0, 0, 0, 0])
Transition([21, 0, 12, 0, 0, 0, 0, 0] -- startSafeCheck --> [21, 1, 12, 0, 1, 0, 0, 0])
Transition([21, 1, 12, 0, 1, 0, 0, 0] -- 0.getPos.3.2 --> [21, 1, 12, 0, 18, 0, 0, 0])
Transition([21, 1, 12, 0, 18, 0, 0, 0] -- 1.getPos.3.4 --> [21, 1, 12, 0, 4, 0, 0, 0])
Transition([21, 1, 12, 0, 4, 0, 0, 0] -- checkSafeOk --> [21, 2, 12, 0, 0, 0, 0, 0])
Transition([21, 2, 12, 0, 0, 0, 0, 0] -- startLiveCheck --> [21, 3, 12, 1, 0, 1, 0, 0])
Transition([21, 3, 12, 1, 0, 1, 0, 0] -- 1.getPos.3.4 --> [21, 3, 12, 2, 0, 2, 0, 0])
Transition([21, 3, 12, 2, 0, 2, 0, 0] -- checkLiveDone --> [21, 4, 12, 0, 0, 0, 0, 0])
Transition([20, 4, 9, 0, 0, 0, 0, 0] -- left --> [20, 173, 9, 0, 0, 0, 0, 0])
Transition([20, 173, 9, 0, 0, 0, 0, 0] -- 0.getPos.4.2 --> [20, 217, 9, 0, 0, 0, 0, 0])
Transition([20, 217, 9, 0, 0, 0, 0, 0] -- 0.setPos.4.1 --> [20, 0, 1, 0, 0, 0, 0, 0])
Transition([20, 0, 1, 0, 0, 0, 0, 0] -- startSafeCheck --> [20, 1, 1, 0, 1, 0, 0, 0])
Transition([20, 1, 1, 0, 1, 0, 0, 0] -- 0.getPos.4.1 --> [20, 1, 1, 0, 6, 0, 0, 0])
Transition([20, 1, 1, 0, 6, 0, 0, 0] -- 1.getPos.5.2 --> [20, 1, 1, 0, 4, 0, 0, 0])
Transition([20, 1, 1, 0, 4, 0, 0, 0] -- checkSafeOk --> [20, 2, 1, 0, 0, 0, 0, 0])
Transition([20, 2, 1, 0, 0, 0, 0, 0] -- startLiveCheck --> [20, 3, 1, 1, 0, 1, 0, 0])
Transition([20, 3, 1, 1, 0, 1, 0, 0] -- 1.getPos.5.2 --> [20, 3, 1, 2, 0, 2, 0, 0])
Transition([20, 3, 1, 2, 0, 2, 0, 0] -- checkLiveDone --> [20, 4, 1, 0, 0, 0, 0, 0])
Transition([21, 4, 23, 0, 0, 0, 0, 0] -- right --> [21, 117, 23, 0, 0, 0, 0, 0])
Transition([21, 117, 23, 0, 0, 0, 0, 0] -- 0.getPos.3.3 --> [21, 170, 23, 0, 0, 0, 0, 0])
Transition([21, 170, 23, 0, 0, 0, 0, 0] -- 0.setPos.3.4 --> [21, 0, 21, 0, 0, 0, 0, 0])
Transition([21, 0, 21, 0, 0, 0, 0, 0] -- startSafeCheck --> [21, 1, 21, 0, 1, 0, 0, 0])
Transition([21, 1, 21, 0, 1, 0, 0, 0] -- 0.getPos.3.4 --> [21, 1, 21, 0, 23, 0, 0, 0])
Transition([21, 1, 21, 0, 23, 0, 0, 0] -- 1.getPos.3.4 --> [21, 1, 21, 0, 3, 0, 0, 0])
Transition([21, 170, 23, 0, 0, 0, 0, 0] -- 1.getPos.3.4 --> [21, 171, 23, 0, 0, 0, 0, 0])
Transition([21, 171, 23, 0, 0, 0, 0, 0] -- 1.setPos.3.5 --> [19, 172, 23, 0, 0, 0, 0, 0])
Transition([19, 172, 23, 0, 0, 0, 0, 0] -- 0.setPos.3.4 --> [19, 0, 21, 0, 0, 0, 0, 0])
Transition([19, 0, 21, 0, 0, 0, 0, 0] -- startSafeCheck --> [19, 1, 21, 0, 1, 0, 0, 0])
Transition([19, 1, 21, 0, 1, 0, 0, 0] -- 0.getPos.3.4 --> [19, 1, 21, 0, 23, 0, 0, 0])
Transition([19, 1, 21, 0, 23, 0, 0, 0] -- 1.getPos.3.5 --> [19, 1, 21, 0, 4, 0, 0, 0])
Transition([19, 1, 21, 0, 4, 0, 0, 0] -- checkSafeOk --> [19, 2, 21, 0, 0, 0, 0, 0])
Transition([19, 2, 21, 0, 0, 0, 0, 0] -- startLiveCheck --> [19, 3, 21, 1, 0, 1, 0, 0])
Transition([19, 3, 21, 1, 0, 1, 0, 0] -- 1.getPos.3.5 --> [19, 3, 21, 2, 0, 2, 0, 0])
Transition([19, 3, 21, 2, 0, 2, 0, 0] -- checkLiveDone --> [19, 4, 21, 0, 0, 0, 0, 0])
Transition([20, 4, 9, 0, 0, 0, 0, 0] -- right --> [20, 117, 9, 0, 0, 0, 0, 0])
Transition([20, 117, 9, 0, 0, 0, 0, 0] -- 0.getPos.4.2 --> [20, 159, 9, 0, 0, 0, 0, 0])
Transition([20, 159, 9, 0, 0, 0, 0, 0] -- 0.setPos.4.3 --> [20, 0, 7, 0, 0, 0, 0, 0])
Transition([20, 0, 7, 0, 0, 0, 0, 0] -- startSafeCheck --> [20, 1, 7, 0, 1, 0, 0, 0])
Transition([20, 1, 7, 0, 1, 0, 0, 0] -- 0.getPos.4.3 --> [20, 1, 7, 0, 9, 0, 0, 0])
Transition([20, 1, 7, 0, 9, 0, 0, 0] -- 1.getPos.5.2 --> [20, 1, 7, 0, 4, 0, 0, 0])
Transition([20, 1, 7, 0, 4, 0, 0, 0] -- checkSafeOk --> [20, 2, 7, 0, 0, 0, 0, 0])
Transition([20, 2, 7, 0, 0, 0, 0, 0] -- startLiveCheck --> [20, 3, 7, 1, 0, 1, 0, 0])
Transition([20, 3, 7, 1, 0, 1, 0, 0] -- 1.getPos.5.2 --> [20, 3, 7, 2, 0, 2, 0, 0])
Transition([20, 3, 7, 2, 0, 2, 0, 0] -- checkLiveDone --> [20, 4, 7, 0, 0, 0, 0, 0])
Transition([21, 4, 23, 0, 0, 0, 0, 0] -- up --> [21, 5, 23, 0, 0, 0, 0, 0])
Transition([21, 5, 23, 0, 0, 0, 0, 0] -- 0.getPos.3.3 --> [21, 58, 23, 0, 0, 0, 0, 0])
Transition([21, 58, 23, 0, 0, 0, 0, 0] -- 0.setPos.2.3 --> [21, 0, 2, 0, 0, 0, 0, 0])
Transition([21, 0, 2, 0, 0, 0, 0, 0] -- startSafeCheck --> [21, 1, 2, 0, 1, 0, 0, 0])
Transition([21, 1, 2, 0, 1, 0, 0, 0] -- 0.getPos.2.3 --> [21, 1, 2, 0, 7, 0, 0, 0])
Transition([21, 1, 2, 0, 7, 0, 0, 0] -- 1.getPos.3.4 --> [21, 1, 2, 0, 4, 0, 0, 0])
Transition([21, 1, 2, 0, 4, 0, 0, 0] -- checkSafeOk --> [21, 2, 2, 0, 0, 0, 0, 0])
Transition([21, 2, 2, 0, 0, 0, 0, 0] -- startLiveCheck --> [21, 3, 2, 1, 0, 1, 0, 0])
Transition([21, 3, 2, 1, 0, 1, 0, 0] -- 1.getPos.3.4 --> [21, 3, 2, 2, 0, 2, 0, 0])
Transition([21, 3, 2, 2, 0, 2, 0, 0] -- checkLiveDone --> [21, 4, 2, 0, 0, 0, 0, 0])
Transition([20, 4, 9, 0, 0, 0, 0, 0] -- up --> [20, 5, 9, 0, 0, 0, 0, 0])
Transition([20, 5, 9, 0, 0, 0, 0, 0] -- 0.getPos.4.2 --> [20, 43, 9, 0, 0, 0, 0, 0])
Transition([20, 43, 9, 0, 0, 0, 0, 0] -- 0.setPos.3.2 --> [20, 0, 12, 0, 0, 0, 0, 0])
Transition([20, 0, 12, 0, 0, 0, 0, 0] -- startSafeCheck --> [20, 1, 12, 0, 1, 0, 0, 0])
Transition([20, 1, 12, 0, 1, 0, 0, 0] -- 0.getPos.3.2 --> [20, 1, 12, 0, 18, 0, 0, 0])
Transition([20, 1, 12, 0, 18, 0, 0, 0] -- 1.getPos.5.2 --> [20, 1, 12, 0, 4, 0, 0, 0])
Transition([20, 1, 12, 0, 4, 0, 0, 0] -- checkSafeOk --> [20, 2, 12, 0, 0, 0, 0, 0])
Transition([20, 2, 12, 0, 0, 0, 0, 0] -- startLiveCheck --> [20, 3, 12, 1, 0, 1, 0, 0])
Transition([20, 3, 12, 1, 0, 1, 0, 0] -- 1.getPos.5.2 --> [20, 3, 12, 2, 0, 2, 0, 0])
Transition([20, 3, 12, 2, 0, 2, 0, 0] -- checkLiveDone --> [20, 4, 12, 0, 0, 0, 0, 0])
Transition([0, 4, 21, 0, 0, 0, 0, 0] -- down --> [0, 61, 21, 0, 0, 0, 0, 0])
Transition([0, 61, 21, 0, 0, 0, 0, 0] -- 0.getPos.3.4 --> [0, 111, 21, 0, 0, 0, 0, 0])
Transition([0, 111, 21, 0, 0, 0, 0, 0] -- 0.setPos.4.4 --> [0, 0, 6, 0, 0, 0, 0, 0])
Transition([0, 0, 6, 0, 0, 0, 0, 0] -- startSafeCheck --> [0, 1, 6, 0, 1, 0, 0, 0])
Transition([0, 1, 6, 0, 1, 0, 0, 0] -- 0.getPos.4.4 --> [0, 1, 6, 0, 5, 0, 0, 0])
Transition([0, 1, 6, 0, 5, 0, 0, 0] -- 1.getPos.3.2 --> [0, 1, 6, 0, 4, 0, 0, 0])
Transition([0, 1, 6, 0, 4, 0, 0, 0] -- checkSafeOk --> [0, 2, 6, 0, 0, 0, 0, 0])
Transition([0, 2, 6, 0, 0, 0, 0, 0] -- startLiveCheck --> [0, 3, 6, 1, 0, 1, 0, 0])
Transition([0, 3, 6, 1, 0, 1, 0, 0] -- 1.getPos.3.2 --> [0, 3, 6, 2, 0, 2, 0, 0])
Transition([0, 3, 6, 2, 0, 2, 0, 0] -- checkLiveDone --> [0, 4, 6, 0, 0, 0, 0, 0])
Transition([0, 4, 8, 0, 0, 0, 0, 0] -- down --> [0, 61, 8, 0, 0, 0, 0, 0])
Transition([0, 61, 8, 0, 0, 0, 0, 0] -- 0.getPos.2.5 --> [0, 68, 8, 0, 0, 0, 0, 0])
Transition([0, 68, 8, 0, 0, 0, 0, 0] -- 0.setPos.3.5 --> [0, 0, 19, 0, 0, 0, 0, 0])
Transition([0, 0, 19, 0, 0, 0, 0, 0] -- startSafeCheck --> [0, 1, 19, 0, 1, 0, 0, 0])
Transition([0, 1, 19, 0, 1, 0, 0, 0] -- 0.getPos.3.5 --> [0, 1, 19, 0, 16, 0, 0, 0])
Transition([0, 1, 19, 0, 16, 0, 0, 0] -- 1.getPos.3.2 --> [0, 1, 19, 0, 4, 0, 0, 0])
Transition([0, 1, 19, 0, 4, 0, 0, 0] -- checkSafeOk --> [0, 2, 19, 0, 0, 0, 0, 0])
Transition([0, 2, 19, 0, 0, 0, 0, 0] -- startLiveCheck --> [0, 3, 19, 1, 0, 1, 0, 0])
Transition([0, 3, 19, 1, 0, 1, 0, 0] -- 1.getPos.3.2 --> [0, 3, 19, 2, 0, 2, 0, 0])
Transition([0, 3, 19, 2, 0, 2, 0, 0] -- checkLiveDone --> [0, 4, 19, 0, 0, 0, 0, 0])
Transition([0, 4, 8, 0, 0, 0, 0, 0] -- left --> [0, 173, 8, 0, 0, 0, 0, 0])
Transition([0, 173, 8, 0, 0, 0, 0, 0] -- 0.getPos.2.5 --> [0, 178, 8, 0, 0, 0, 0, 0])
Transition([0, 178, 8, 0, 0, 0, 0, 0] -- 0.setPos.2.4 --> [0, 0, 10, 0, 0, 0, 0, 0])
Transition([0, 4, 7, 0, 0, 0, 0, 0] -- down --> [0, 61, 7, 0, 0, 0, 0, 0])
Transition([0, 61, 7, 0, 0, 0, 0, 0] -- 0.getPos.4.3 --> [0, 100, 7, 0, 0, 0, 0, 0])
Transition([0, 100, 7, 0, 0, 0, 0, 0] -- 0.setPos.5.3 --> [0, 0, 18, 0, 0, 0, 0, 0])
Transition([0, 0, 18, 0, 0, 0, 0, 0] -- startSafeCheck --> [0, 1, 18, 0, 1, 0, 0, 0])
Transition([0, 1, 18, 0, 1, 0, 0, 0] -- 0.getPos.5.3 --> [0, 1, 18, 0, 15, 0, 0, 0])
Transition([0, 1, 18, 0, 15, 0, 0, 0] -- 1.getPos.3.2 --> [0, 1, 18, 0, 4, 0, 0, 0])
Transition([0, 1, 18, 0, 4, 0, 0, 0] -- checkSafeOk --> [0, 2, 18, 0, 0, 0, 0, 0])
Transition([0, 2, 18, 0, 0, 0, 0, 0] -- startLiveCheck --> [0, 3, 18, 1, 0, 1, 0, 0])
Transition([0, 3, 18, 1, 0, 1, 0, 0] -- 1.getPos.3.2 --> [0, 3, 18, 2, 0, 2, 0, 0])
Transition([0, 3, 18, 2, 0, 2, 0, 0] -- checkLiveDone --> [0, 4, 18, 0, 0, 0, 0, 0])
Transition([0, 4, 21, 0, 0, 0, 0, 0] -- left --> [0, 173, 21, 0, 0, 0, 0, 0])
Transition([0, 173, 21, 0, 0, 0, 0, 0] -- 0.getPos.3.4 --> [0, 223, 21, 0, 0, 0, 0, 0])
Transition([0, 223, 21, 0, 0, 0, 0, 0] -- 0.setPos.3.3 --> [0, 0, 23, 0, 0, 0, 0, 0])
Transition([0, 4, 7, 0, 0, 0, 0, 0] -- left --> [0, 173, 7, 0, 0, 0, 0, 0])
Transition([0, 173, 7, 0, 0, 0, 0, 0] -- 0.getPos.4.3 --> [0, 214, 7, 0, 0, 0, 0, 0])
Transition([0, 214, 7, 0, 0, 0, 0, 0] -- 0.setPos.4.2 --> [0, 0, 9, 0, 0, 0, 0, 0])
Transition([0, 4, 8, 0, 0, 0, 0, 0] -- right --> [0, 117, 8, 0, 0, 0, 0, 0])
Transition([0, 117, 8, 0, 0, 0, 0, 0] -- 0.getPos.2.5 --> [0, 124, 8, 0, 0, 0, 0, 0])
Transition([0, 4, 8, 0, 0, 0, 0, 0] -- up --> [0, 5, 8, 0, 0, 0, 0, 0])
Transition([0, 5, 8, 0, 0, 0, 0, 0] -- 0.getPos.2.5 --> [0, 8, 8, 0, 0, 0, 0, 0])
Transition([0, 8, 8, 0, 0, 0, 0, 0] -- 0.setPos.1.5 --> [0, 0, 24, 0, 0, 0, 0, 0])
Transition([0, 4, 7, 0, 0, 0, 0, 0] -- right --> [0, 117, 7, 0, 0, 0, 0, 0])
Transition([0, 117, 7, 0, 0, 0, 0, 0] -- 0.getPos.4.3 --> [0, 156, 7, 0, 0, 0, 0, 0])
Transition([0, 156, 7, 0, 0, 0, 0, 0] -- 0.setPos.4.4 --> [0, 0, 6, 0, 0, 0, 0, 0])
Transition([0, 4, 21, 0, 0, 0, 0, 0] -- right --> [0, 117, 21, 0, 0, 0, 0, 0])
Transition([0, 117, 21, 0, 0, 0, 0, 0] -- 0.getPos.3.4 --> [0, 169, 21, 0, 0, 0, 0, 0])
Transition([0, 169, 21, 0, 0, 0, 0, 0] -- 0.setPos.3.5 --> [0, 0, 19, 0, 0, 0, 0, 0])
Transition([0, 4, 20, 0, 0, 0, 0, 0] -- down --> [0, 61, 20, 0, 0, 0, 0, 0])
Transition([0, 61, 20, 0, 0, 0, 0, 0] -- 0.getPos.5.2 --> [0, 86, 20, 0, 0, 0, 0, 0])
Transition([0, 4, 7, 0, 0, 0, 0, 0] -- up --> [0, 5, 7, 0, 0, 0, 0, 0])
Transition([0, 5, 7, 0, 0, 0, 0, 0] -- 0.getPos.4.3 --> [0, 40, 7, 0, 0, 0, 0, 0])
Transition([0, 40, 7, 0, 0, 0, 0, 0] -- 0.setPos.3.3 --> [0, 0, 23, 0, 0, 0, 0, 0])
Transition([0, 4, 21, 0, 0, 0, 0, 0] -- up --> [0, 5, 21, 0, 0, 0, 0, 0])
Transition([0, 5, 21, 0, 0, 0, 0, 0] -- 0.getPos.3.4 --> [0, 55, 21, 0, 0, 0, 0, 0])
Transition([0, 55, 21, 0, 0, 0, 0, 0] -- 0.setPos.2.4 --> [0, 0, 10, 0, 0, 0, 0, 0])
Transition([0, 4, 20, 0, 0, 0, 0, 0] -- left --> [0, 173, 20, 0, 0, 0, 0, 0])
Transition([0, 173, 20, 0, 0, 0, 0, 0] -- 0.getPos.5.2 --> [0, 200, 20, 0, 0, 0, 0, 0])
Transition([0, 200, 20, 0, 0, 0, 0, 0] -- 0.setPos.5.1 --> [0, 0, 22, 0, 0, 0, 0, 0])
Transition([0, 4, 20, 0, 0, 0, 0, 0] -- right --> [0, 117, 20, 0, 0, 0, 0, 0])
Transition([0, 117, 20, 0, 0, 0, 0, 0] -- 0.getPos.5.2 --> [0, 138, 20, 0, 0, 0, 0, 0])
Transition([0, 138, 20, 0, 0, 0, 0, 0] -- 0.setPos.5.3 --> [0, 0, 18, 0, 0, 0, 0, 0])
Transition([0, 4, 20, 0, 0, 0, 0, 0] -- up --> [0, 5, 20, 0, 0, 0, 0, 0])
Transition([0, 5, 20, 0, 0, 0, 0, 0] -- 0.getPos.5.2 --> [0, 22, 20, 0, 0, 0, 0, 0])
Transition([0, 22, 20, 0, 0, 0, 0, 0] -- 0.setPos.4.2 --> [0, 0, 9, 0, 0, 0, 0, 0])
Transition([23, 4, 7, 0, 0, 0, 0, 0] -- down --> [23, 61, 7, 0, 0, 0, 0, 0])
Transition([23, 61, 7, 0, 0, 0, 0, 0] -- 0.getPos.4.3 --> [23, 100, 7, 0, 0, 0, 0, 0])
Transition([23, 100, 7, 0, 0, 0, 0, 0] -- 0.setPos.5.3 --> [23, 0, 18, 0, 0, 0, 0, 0])
Transition([23, 0, 18, 0, 0, 0, 0, 0] -- startSafeCheck --> [23, 1, 18, 0, 1, 0, 0, 0])
Transition([23, 1, 18, 0, 1, 0, 0, 0] -- 0.getPos.5.3 --> [23, 1, 18, 0, 15, 0, 0, 0])
Transition([23, 1, 18, 0, 15, 0, 0, 0] -- 1.getPos.3.3 --> [23, 1, 18, 0, 4, 0, 0, 0])
Transition([23, 1, 18, 0, 4, 0, 0, 0] -- checkSafeOk --> [23, 2, 18, 0, 0, 0, 0, 0])
Transition([23, 2, 18, 0, 0, 0, 0, 0] -- startLiveCheck --> [23, 3, 18, 1, 0, 1, 0, 0])
Transition([23, 3, 18, 1, 0, 1, 0, 0] -- 1.getPos.3.3 --> [23, 3, 18, 2, 0, 2, 0, 0])
Transition([23, 3, 18, 2, 0, 2, 0, 0] -- checkLiveDone --> [23, 4, 18, 0, 0, 0, 0, 0])
Transition([23, 4, 7, 0, 0, 0, 0, 0] -- left --> [23, 173, 7, 0, 0, 0, 0, 0])
Transition([23, 173, 7, 0, 0, 0, 0, 0] -- 0.getPos.4.3 --> [23, 214, 7, 0, 0, 0, 0, 0])
Transition([23, 214, 7, 0, 0, 0, 0, 0] -- 0.setPos.4.2 --> [23, 0, 9, 0, 0, 0, 0, 0])
Transition([9, 4, 4, 0, 0, 0, 0, 0] -- down --> [9, 61, 4, 0, 0, 0, 0, 0])
Transition([9, 61, 4, 0, 0, 0, 0, 0] -- 0.getPos.2.1 --> [9, 74, 4, 0, 0, 0, 0, 0])
Transition([9, 74, 4, 0, 0, 0, 0, 0] -- 0.setPos.3.1 --> [9, 0, 14, 0, 0, 0, 0, 0])
Transition([23, 4, 1, 0, 0, 0, 0, 0] -- down --> [23, 61, 1, 0, 0, 0, 0, 0])
Transition([23, 61, 1, 0, 0, 0, 0, 0] -- 0.getPos.4.1 --> [23, 99, 1, 0, 0, 0, 0, 0])
Transition([23, 99, 1, 0, 0, 0, 0, 0] -- 0.setPos.5.1 --> [23, 0, 22, 0, 0, 0, 0, 0])
Transition([23, 0, 22, 0, 0, 0, 0, 0] -- startSafeCheck --> [23, 1, 22, 0, 1, 0, 0, 0])
Transition([23, 1, 22, 0, 1, 0, 0, 0] -- 0.getPos.5.1 --> [23, 1, 22, 0, 24, 0, 0, 0])
Transition([23, 1, 22, 0, 24, 0, 0, 0] -- 1.getPos.3.3 --> [23, 1, 22, 0, 4, 0, 0, 0])
Transition([23, 1, 22, 0, 4, 0, 0, 0] -- checkSafeOk --> [23, 2, 22, 0, 0, 0, 0, 0])
Transition([23, 2, 22, 0, 0, 0, 0, 0] -- startLiveCheck --> [23, 3, 22, 1, 0, 1, 0, 0])
Transition([23, 3, 22, 1, 0, 1, 0, 0] -- 1.getPos.3.3 --> [23, 3, 22, 2, 0, 2, 0, 0])
Transition([23, 3, 22, 2, 0, 2, 0, 0] -- checkLiveDone --> [23, 4, 22, 0, 0, 0, 0, 0])
Transition([23, 4, 1, 0, 0, 0, 0, 0] -- left --> [23, 173, 1, 0, 0, 0, 0, 0])
Transition([23, 173, 1, 0, 0, 0, 0, 0] -- 0.getPos.4.1 --> [23, 213, 1, 0, 0, 0, 0, 0])
Transition([23, 4, 1, 0, 0, 0, 0, 0] -- right --> [23, 117, 1, 0, 0, 0, 0, 0])
Transition([23, 117, 1, 0, 0, 0, 0, 0] -- 0.getPos.4.1 --> [23, 153, 1, 0, 0, 0, 0, 0])
Transition([23, 153, 1, 0, 0, 0, 0, 0] -- 0.setPos.4.2 --> [23, 0, 9, 0, 0, 0, 0, 0])
Transition([23, 4, 20, 0, 0, 0, 0, 0] -- down --> [23, 61, 20, 0, 0, 0, 0, 0])
Transition([23, 61, 20, 0, 0, 0, 0, 0] -- 0.getPos.5.2 --> [23, 86, 20, 0, 0, 0, 0, 0])
Transition([23, 4, 20, 0, 0, 0, 0, 0] -- left --> [23, 173, 20, 0, 0, 0, 0, 0])
Transition([23, 173, 20, 0, 0, 0, 0, 0] -- 0.getPos.5.2 --> [23, 200, 20, 0, 0, 0, 0, 0])
Transition([23, 200, 20, 0, 0, 0, 0, 0] -- 0.setPos.5.1 --> [23, 0, 22, 0, 0, 0, 0, 0])
Transition([23, 4, 1, 0, 0, 0, 0, 0] -- up --> [23, 5, 1, 0, 0, 0, 0, 0])
Transition([23, 5, 1, 0, 0, 0, 0, 0] -- 0.getPos.4.1 --> [23, 37, 1, 0, 0, 0, 0, 0])
Transition([23, 37, 1, 0, 0, 0, 0, 0] -- 0.setPos.3.1 --> [23, 0, 14, 0, 0, 0, 0, 0])
Transition([13, 4, 12, 0, 0, 0, 0, 0] -- down --> [13, 61, 12, 0, 0, 0, 0, 0])
Transition([13, 61, 12, 0, 0, 0, 0, 0] -- 0.getPos.3.2 --> [13, 105, 12, 0, 0, 0, 0, 0])
Transition([13, 105, 12, 0, 0, 0, 0, 0] -- 0.setPos.4.2 --> [13, 0, 9, 0, 0, 0, 0, 0])
Transition([13, 0, 9, 0, 0, 0, 0, 0] -- startSafeCheck --> [13, 1, 9, 0, 1, 0, 0, 0])
Transition([13, 1, 9, 0, 1, 0, 0, 0] -- 0.getPos.4.2 --> [13, 1, 9, 0, 11, 0, 0, 0])
Transition([13, 1, 9, 0, 11, 0, 0, 0] -- 1.getPos.3.1 --> [13, 1, 9, 0, 4, 0, 0, 0])
Transition([13, 1, 9, 0, 4, 0, 0, 0] -- checkSafeOk --> [13, 2, 9, 0, 0, 0, 0, 0])
Transition([13, 2, 9, 0, 0, 0, 0, 0] -- startLiveCheck --> [13, 3, 9, 1, 0, 1, 0, 0])
Transition([13, 3, 9, 1, 0, 1, 0, 0] -- 1.getPos.3.1 --> [13, 3, 9, 2, 0, 2, 0, 0])
Transition([13, 3, 9, 2, 0, 2, 0, 0] -- checkLiveDone --> [13, 4, 9, 0, 0, 0, 0, 0])
Transition([13, 4, 12, 0, 0, 0, 0, 0] -- left --> [13, 173, 12, 0, 0, 0, 0, 0])
Transition([13, 173, 12, 0, 0, 0, 0, 0] -- 0.getPos.3.2 --> [13, 221, 12, 0, 0, 0, 0, 0])
Transition([13, 221, 12, 0, 0, 0, 0, 0] -- 0.setPos.3.1 --> [13, 0, 14, 0, 0, 0, 0, 0])
Transition([13, 0, 14, 0, 0, 0, 0, 0] -- startSafeCheck --> [13, 1, 14, 0, 1, 0, 0, 0])
Transition([13, 1, 14, 0, 1, 0, 0, 0] -- 0.getPos.3.1 --> [13, 1, 14, 0, 20, 0, 0, 0])
Transition([13, 1, 14, 0, 20, 0, 0, 0] -- 1.getPos.3.1 --> [13, 1, 14, 0, 3, 0, 0, 0])
Transition([13, 4, 12, 0, 0, 0, 0, 0] -- right --> [13, 117, 12, 0, 0, 0, 0, 0])
Transition([13, 117, 12, 0, 0, 0, 0, 0] -- 0.getPos.3.2 --> [13, 163, 12, 0, 0, 0, 0, 0])
Transition([13, 163, 12, 0, 0, 0, 0, 0] -- 0.setPos.3.3 --> [13, 0, 23, 0, 0, 0, 0, 0])
Transition([13, 0, 23, 0, 0, 0, 0, 0] -- startSafeCheck --> [13, 1, 23, 0, 1, 0, 0, 0])
Transition([13, 1, 23, 0, 1, 0, 0, 0] -- 0.getPos.3.3 --> [13, 1, 23, 0, 25, 0, 0, 0])
Transition([13, 1, 23, 0, 25, 0, 0, 0] -- 1.getPos.3.1 --> [13, 1, 23, 0, 4, 0, 0, 0])
Transition([13, 1, 23, 0, 4, 0, 0, 0] -- checkSafeOk --> [13, 2, 23, 0, 0, 0, 0, 0])
Transition([13, 2, 23, 0, 0, 0, 0, 0] -- startLiveCheck --> [13, 3, 23, 1, 0, 1, 0, 0])
Transition([13, 3, 23, 1, 0, 1, 0, 0] -- 1.getPos.3.1 --> [13, 3, 23, 2, 0, 2, 0, 0])
Transition([13, 3, 23, 2, 0, 2, 0, 0] -- checkLiveDone --> [13, 4, 23, 0, 0, 0, 0, 0])
Transition([13, 4, 12, 0, 0, 0, 0, 0] -- up --> [13, 5, 12, 0, 0, 0, 0, 0])
Transition([13, 5, 12, 0, 0, 0, 0, 0] -- 0.getPos.3.2 --> [13, 49, 12, 0, 0, 0, 0, 0])
Transition([13, 49, 12, 0, 0, 0, 0, 0] -- 0.setPos.2.2 --> [13, 0, 3, 0, 0, 0, 0, 0])
Transition([13, 0, 3, 0, 0, 0, 0, 0] -- startSafeCheck --> [13, 1, 3, 0, 1, 0, 0, 0])
Transition([13, 1, 3, 0, 1, 0, 0, 0] -- 0.getPos.2.2 --> [13, 1, 3, 0, 8, 0, 0, 0])
Transition([13, 1, 3, 0, 8, 0, 0, 0] -- 1.getPos.3.1 --> [13, 1, 3, 0, 4, 0, 0, 0])
Transition([13, 1, 3, 0, 4, 0, 0, 0] -- checkSafeOk --> [13, 2, 3, 0, 0, 0, 0, 0])
Transition([13, 2, 3, 0, 0, 0, 0, 0] -- startLiveCheck --> [13, 3, 3, 1, 0, 1, 0, 0])
Transition([13, 3, 3, 1, 0, 1, 0, 0] -- 1.getPos.3.1 --> [13, 3, 3, 2, 0, 2, 0, 0])
Transition([13, 3, 3, 2, 0, 2, 0, 0] -- checkLiveDone --> [13, 4, 3, 0, 0, 0, 0, 0])
Transition([23, 4, 4, 0, 0, 0, 0, 0] -- down --> [23, 61, 4, 0, 0, 0, 0, 0])
Transition([23, 61, 4, 0, 0, 0, 0, 0] -- 0.getPos.2.1 --> [23, 74, 4, 0, 0, 0, 0, 0])
Transition([23, 74, 4, 0, 0, 0, 0, 0] -- 0.setPos.3.1 --> [23, 0, 14, 0, 0, 0, 0, 0])
Transition([23, 4, 4, 0, 0, 0, 0, 0] -- left --> [23, 173, 4, 0, 0, 0, 0, 0])
Transition([23, 173, 4, 0, 0, 0, 0, 0] -- 0.getPos.2.1 --> [23, 184, 4, 0, 0, 0, 0, 0])
Transition([23, 4, 4, 0, 0, 0, 0, 0] -- right --> [23, 117, 4, 0, 0, 0, 0, 0])
Transition([23, 117, 4, 0, 0, 0, 0, 0] -- 0.getPos.2.1 --> [23, 126, 4, 0, 0, 0, 0, 0])
Transition([23, 126, 4, 0, 0, 0, 0, 0] -- 0.setPos.2.2 --> [23, 0, 3, 0, 0, 0, 0, 0])
Transition([9, 4, 16, 0, 0, 0, 0, 0] -- down --> [9, 61, 16, 0, 0, 0, 0, 0])
Transition([9, 61, 16, 0, 0, 0, 0, 0] -- 0.getPos.1.2 --> [9, 91, 16, 0, 0, 0, 0, 0])
Transition([9, 91, 16, 0, 0, 0, 0, 0] -- 0.setPos.2.2 --> [9, 0, 3, 0, 0, 0, 0, 0])
Transition([9, 4, 1, 0, 0, 0, 0, 0] -- down --> [9, 61, 1, 0, 0, 0, 0, 0])
Transition([9, 61, 1, 0, 0, 0, 0, 0] -- 0.getPos.4.1 --> [9, 99, 1, 0, 0, 0, 0, 0])
Transition([9, 99, 1, 0, 0, 0, 0, 0] -- 0.setPos.5.1 --> [9, 0, 22, 0, 0, 0, 0, 0])
Transition([9, 0, 22, 0, 0, 0, 0, 0] -- startSafeCheck --> [9, 1, 22, 0, 1, 0, 0, 0])
Transition([9, 1, 22, 0, 1, 0, 0, 0] -- 0.getPos.5.1 --> [9, 1, 22, 0, 24, 0, 0, 0])
Transition([9, 1, 22, 0, 24, 0, 0, 0] -- 1.getPos.4.2 --> [9, 1, 22, 0, 4, 0, 0, 0])
Transition([9, 1, 22, 0, 4, 0, 0, 0] -- checkSafeOk --> [9, 2, 22, 0, 0, 0, 0, 0])
Transition([9, 2, 22, 0, 0, 0, 0, 0] -- startLiveCheck --> [9, 3, 22, 1, 0, 1, 0, 0])
Transition([9, 3, 22, 1, 0, 1, 0, 0] -- 1.getPos.4.2 --> [9, 3, 22, 2, 0, 2, 0, 0])
Transition([9, 3, 22, 2, 0, 2, 0, 0] -- checkLiveDone --> [9, 4, 22, 0, 0, 0, 0, 0])
Transition([9, 4, 1, 0, 0, 0, 0, 0] -- left --> [9, 173, 1, 0, 0, 0, 0, 0])
Transition([9, 173, 1, 0, 0, 0, 0, 0] -- 0.getPos.4.1 --> [9, 213, 1, 0, 0, 0, 0, 0])
Transition([9, 4, 1, 0, 0, 0, 0, 0] -- right --> [9, 117, 1, 0, 0, 0, 0, 0])
Transition([9, 117, 1, 0, 0, 0, 0, 0] -- 0.getPos.4.1 --> [9, 153, 1, 0, 0, 0, 0, 0])
Transition([9, 153, 1, 0, 0, 0, 0, 0] -- 0.setPos.4.2 --> [9, 0, 9, 0, 0, 0, 0, 0])
Transition([9, 153, 1, 0, 0, 0, 0, 0] -- 1.getPos.4.2 --> [9, 154, 1, 0, 0, 0, 0, 0])
Transition([9, 154, 1, 0, 0, 0, 0, 0] -- 1.setPos.4.3 --> [7, 155, 1, 0, 0, 0, 0, 0])
Transition([7, 155, 1, 0, 0, 0, 0, 0] -- 0.setPos.4.2 --> [7, 0, 9, 0, 0, 0, 0, 0])
Transition([7, 0, 9, 0, 0, 0, 0, 0] -- startSafeCheck --> [7, 1, 9, 0, 1, 0, 0, 0])
Transition([7, 1, 9, 0, 1, 0, 0, 0] -- 0.getPos.4.2 --> [7, 1, 9, 0, 11, 0, 0, 0])
Transition([7, 1, 9, 0, 11, 0, 0, 0] -- 1.getPos.4.3 --> [7, 1, 9, 0, 4, 0, 0, 0])
Transition([7, 1, 9, 0, 4, 0, 0, 0] -- checkSafeOk --> [7, 2, 9, 0, 0, 0, 0, 0])
Transition([7, 2, 9, 0, 0, 0, 0, 0] -- startLiveCheck --> [7, 3, 9, 1, 0, 1, 0, 0])
Transition([7, 3, 9, 1, 0, 1, 0, 0] -- 1.getPos.4.3 --> [7, 3, 9, 2, 0, 2, 0, 0])
Transition([7, 3, 9, 2, 0, 2, 0, 0] -- checkLiveDone --> [7, 4, 9, 0, 0, 0, 0, 0])
Transition([23, 4, 20, 0, 0, 0, 0, 0] -- right --> [23, 117, 20, 0, 0, 0, 0, 0])
Transition([23, 117, 20, 0, 0, 0, 0, 0] -- 0.getPos.5.2 --> [23, 138, 20, 0, 0, 0, 0, 0])
Transition([23, 138, 20, 0, 0, 0, 0, 0] -- 0.setPos.5.3 --> [23, 0, 18, 0, 0, 0, 0, 0])
Transition([23, 4, 20, 0, 0, 0, 0, 0] -- up --> [23, 5, 20, 0, 0, 0, 0, 0])
Transition([23, 5, 20, 0, 0, 0, 0, 0] -- 0.getPos.5.2 --> [23, 22, 20, 0, 0, 0, 0, 0])
Transition([23, 22, 20, 0, 0, 0, 0, 0] -- 0.setPos.4.2 --> [23, 0, 9, 0, 0, 0, 0, 0])
Transition([23, 4, 7, 0, 0, 0, 0, 0] -- right --> [23, 117, 7, 0, 0, 0, 0, 0])
Transition([23, 117, 7, 0, 0, 0, 0, 0] -- 0.getPos.4.3 --> [23, 156, 7, 0, 0, 0, 0, 0])
Transition([23, 156, 7, 0, 0, 0, 0, 0] -- 0.setPos.4.4 --> [23, 0, 6, 0, 0, 0, 0, 0])
Transition([23, 0, 6, 0, 0, 0, 0, 0] -- startSafeCheck --> [23, 1, 6, 0, 1, 0, 0, 0])
Transition([23, 1, 6, 0, 1, 0, 0, 0] -- 0.getPos.4.4 --> [23, 1, 6, 0, 5, 0, 0, 0])
Transition([23, 1, 6, 0, 5, 0, 0, 0] -- 1.getPos.3.3 --> [23, 1, 6, 0, 4, 0, 0, 0])
Transition([23, 1, 6, 0, 4, 0, 0, 0] -- checkSafeOk --> [23, 2, 6, 0, 0, 0, 0, 0])
Transition([23, 2, 6, 0, 0, 0, 0, 0] -- startLiveCheck --> [23, 3, 6, 1, 0, 1, 0, 0])
Transition([23, 3, 6, 1, 0, 1, 0, 0] -- 1.getPos.3.3 --> [23, 3, 6, 2, 0, 2, 0, 0])
Transition([23, 3, 6, 2, 0, 2, 0, 0] -- checkLiveDone --> [23, 4, 6, 0, 0, 0, 0, 0])
Transition([23, 4, 7, 0, 0, 0, 0, 0] -- up --> [23, 5, 7, 0, 0, 0, 0, 0])
Transition([23, 5, 7, 0, 0, 0, 0, 0] -- 0.getPos.4.3 --> [23, 40, 7, 0, 0, 0, 0, 0])
Transition([23, 40, 7, 0, 0, 0, 0, 0] -- 0.setPos.3.3 --> [23, 0, 23, 0, 0, 0, 0, 0])
Transition([23, 40, 7, 0, 0, 0, 0, 0] -- 1.getPos.3.3 --> [23, 41, 7, 0, 0, 0, 0, 0])
Transition([23, 41, 7, 0, 0, 0, 0, 0] -- 1.setPos.2.3 --> [2, 42, 7, 0, 0, 0, 0, 0])
Transition([2, 42, 7, 0, 0, 0, 0, 0] -- 0.setPos.3.3 --> [2, 0, 23, 0, 0, 0, 0, 0])
Transition([2, 0, 23, 0, 0, 0, 0, 0] -- startSafeCheck --> [2, 1, 23, 0, 1, 0, 0, 0])
Transition([2, 1, 23, 0, 1, 0, 0, 0] -- 0.getPos.3.3 --> [2, 1, 23, 0, 25, 0, 0, 0])
Transition([2, 1, 23, 0, 25, 0, 0, 0] -- 1.getPos.2.3 --> [2, 1, 23, 0, 4, 0, 0, 0])
Transition([2, 1, 23, 0, 4, 0, 0, 0] -- checkSafeOk --> [2, 2, 23, 0, 0, 0, 0, 0])
Transition([2, 2, 23, 0, 0, 0, 0, 0] -- startLiveCheck --> [2, 3, 23, 1, 0, 1, 0, 0])
Transition([2, 3, 23, 1, 0, 1, 0, 0] -- 1.getPos.2.3 --> [2, 3, 23, 3, 0, 3, 0, 0])
Transition([2, 3, 23, 3, 0, 3, 0, 0] -- win --> [2, 3, 23, 3, 0, 3, 0, 1])
Transition([2, 3, 23, 3, 0, 3, 0, 1] -- win --> [2, 3, 23, 3, 0, 3, 0, 1])
