Transition([0, 0, 0, 0, 0, 0, 0, 0] -- startSafeCheck --> [0, 1, 0, 0, 1, 0, 0, 0])
Transition([0, 1, 0, 0, 1, 0, 0, 0] -- 0.getPos.1.1 --> [0, 1, 0, 0, 28, 0, 0, 0])
Transition([0, 1, 0, 0, 28, 0, 0, 0] -- 1.getPos.3.3 --> [0, 1, 0, 0, 4, 0, 0, 0])
Transition([0, 1, 0, 0, 4, 0, 0, 0] -- checkSafeOk --> [0, 2, 0, 0, 0, 0, 0, 0])
Transition([0, 2, 0, 0, 0, 0, 0, 0] -- startLiveCheck --> [0, 3, 0, 1, 0, 1, 0, 0])
Transition([0, 3, 0, 1, 0, 1, 0, 0] -- 1.getPos.3.3 --> [0, 3, 0, 2, 0, 2, 0, 0])
Transition([0, 3, 0, 2, 0, 2, 0, 0] -- checkLiveDone --> [0, 4, 0, 0, 0, 0, 0, 0])
Transition([0, 4, 0, 0, 0, 0, 0, 0] -- down --> [0, 61, 0, 0, 0, 0, 0, 0])
Transition([0, 61, 0, 0, 0, 0, 0, 0] -- 0.getPos.1.1 --> [0, 94, 0, 0, 0, 0, 0, 0])
Transition([0, 94, 0, 0, 0, 0, 0, 0] -- 0.setPos.2.1 --> [0, 0, 4, 0, 0, 0, 0, 0])
Transition([0, 0, 4, 0, 0, 0, 0, 0] -- startSafeCheck --> [0, 1, 4, 0, 1, 0, 0, 0])
Transition([0, 1, 4, 0, 1, 0, 0, 0] -- 0.getPos.2.1 --> [0, 1, 4, 0, 13, 0, 0, 0])
Transition([0, 1, 4, 0, 13, 0, 0, 0] -- 1.getPos.3.3 --> [0, 1, 4, 0, 4, 0, 0, 0])
Transition([0, 1, 4, 0, 4, 0, 0, 0] -- checkSafeOk --> [0, 2, 4, 0, 0, 0, 0, 0])
Transition([0, 2, 4, 0, 0, 0, 0, 0] -- startLiveCheck --> [0, 3, 4, 1, 0, 1, 0, 0])
Transition([0, 3, 4, 1, 0, 1, 0, 0] -- 1.getPos.3.3 --> [0, 3, 4, 2, 0, 2, 0, 0])
Transition([0, 3, 4, 2, 0, 2, 0, 0] -- checkLiveDone --> [0, 4, 4, 0, 0, 0, 0, 0])
Transition([0, 4, 0, 0, 0, 0, 0, 0] -- left --> [0, 173, 0, 0, 0, 0, 0, 0])
Transition([0, 173, 0, 0, 0, 0, 0, 0] -- 0.getPos.1.1 --> [0, 206, 0, 0, 0, 0, 0, 0])
Transition([0, 4, 0, 0, 0, 0, 0, 0] -- right --> [0, 117, 0, 0, 0, 0, 0, 0])
Transition([0, 117, 0, 0, 0, 0, 0, 0] -- 0.getPos.1.1 --> [0, 148, 0, 0, 0, 0, 0, 0])
Transition([0, 148, 0, 0, 0, 0, 0, 0] -- 0.setPos.1.2 --> [0, 0, 16, 0, 0, 0, 0, 0])
Transition([0, 0, 16, 0, 0, 0, 0, 0] -- startSafeCheck --> [0, 1, 16, 0, 1, 0, 0, 0])
Transition([0, 1, 16, 0, 1, 0, 0, 0] -- 0.getPos.1.2 --> [0, 1, 16, 0, 27, 0, 0, 0])
Transition([0, 1, 16, 0, 27, 0, 0, 0] -- 1.getPos.3.3 --> [0, 1, 16, 0, 4, 0, 0, 0])
Transition([0, 1, 16, 0, 4, 0, 0, 0] -- checkSafeOk --> [0, 2, 16, 0, 0, 0, 0, 0])
Transition([0, 2, 16, 0, 0, 0, 0, 0] -- startLiveCheck --> [0, 3, 16, 1, 0, 1, 0, 0])
Transition([0, 3, 16, 1, 0, 1, 0, 0] -- 1.getPos.3.3 --> [0, 3, 16, 2, 0, 2, 0, 0])
Transition([0, 3, 16, 2, 0, 2, 0, 0] -- checkLiveDone --> [0, 4, 16, 0, 0, 0, 0, 0])
Transition([0, 4, 0, 0, 0, 0, 0, 0] -- up --> [0, 5, 0, 0, 0, 0, 0, 0])
Transition([0, 5, 0, 0, 0, 0, 0, 0] -- 0.getPos.1.1 --> [0, 30, 0, 0, 0, 0, 0, 0])
Transition([0, 4, 16, 0, 0, 0, 0, 0] -- down --> [0, 61, 16, 0, 0, 0, 0, 0])
Transition([0, 61, 16, 0, 0, 0, 0, 0] -- 0.getPos.1.2 --> [0, 91, 16, 0, 0, 0, 0, 0])
Transition([0, 91, 16, 0, 0, 0, 0, 0] -- 0.setPos.2.2 --> [0, 0, 3, 0, 0, 0, 0, 0])
Transition([0, 0, 3, 0, 0, 0, 0, 0] -- startSafeCheck --> [0, 1, 3, 0, 1, 0, 0, 0])
Transition([0, 1, 3, 0, 1, 0, 0, 0] -- 0.getPos.2.2 --> [0, 1, 3, 0, 8, 0, 0, 0])
Transition([0, 1, 3, 0, 8, 0, 0, 0] -- 1.getPos.3.3 --> [0, 1, 3, 0, 4, 0, 0, 0])
Transition([0, 1, 3, 0, 4, 0, 0, 0] -- checkSafeOk --> [0, 2, 3, 0, 0, 0, 0, 0])
Transition([0, 2, 3, 0, 0, 0, 0, 0] -- startLiveCheck --> [0, 3, 3, 1, 0, 1, 0, 0])
Transition([0, 3, 3, 1, 0, 1, 0, 0] -- 1.getPos.3.3 --> [0, 3, 3, 2, 0, 2, 0, 0])
Transition([0, 3, 3, 2, 0, 2, 0, 0] -- checkLiveDone --> [0, 4, 3, 0, 0, 0, 0, 0])
Transition([0, 4, 16, 0, 0, 0, 0, 0] -- left --> [0, 173, 16, 0, 0, 0, 0, 0])
Transition([0, 173, 16, 0, 0, 0, 0, 0] -- 0.getPos.1.2 --> [0, 205, 16, 0, 0, 0, 0, 0])
Transition([0, 205, 16, 0, 0, 0, 0, 0] -- 0.setPos.1.1 --> [0, 0, 0, 0, 0, 0, 0, 0])
Transition([0, 4, 16, 0, 0, 0, 0, 0] -- right --> [0, 117, 16, 0, 0, 0, 0, 0])
Transition([0, 117, 16, 0, 0, 0, 0, 0] -- 0.getPos.1.2 --> [0, 145, 16, 0, 0, 0, 0, 0])
Transition([0, 145, 16, 0, 0, 0, 0, 0] -- 0.setPos.1.3 --> [0, 0, 15, 0, 0, 0, 0, 0])
Transition([0, 0, 15, 0, 0, 0, 0, 0] -- startSafeCheck --> [0, 1, 15, 0, 1, 0, 0, 0])
Transition([0, 1, 15, 0, 1, 0, 0, 0] -- 0.getPos.1.3 --> [0, 1, 15, 0, 21, 0, 0, 0])
Transition([0, 1, 15, 0, 21, 0, 0, 0] -- 1.getPos.3.3 --> [0, 1, 15, 0, 4, 0, 0, 0])
Transition([0, 1, 15, 0, 4, 0, 0, 0] -- checkSafeOk --> [0, 2, 15, 0, 0, 0, 0, 0])
Transition([0, 2, 15, 0, 0, 0, 0, 0] -- startLiveCheck --> [0, 3, 15, 1, 0, 1, 0, 0])
Transition([0, 3, 15, 1, 0, 1, 0, 0] -- 1.getPos.3.3 --> [0, 3, 15, 2, 0, 2, 0, 0])
Transition([0, 3, 15, 2, 0, 2, 0, 0] -- checkLiveDone --> [0, 4, 15, 0, 0, 0, 0, 0])
Transition([0, 4, 16, 0, 0, 0, 0, 0] -- up --> [0, 5, 16, 0, 0, 0, 0, 0])
Transition([0, 5, 16, 0, 0, 0, 0, 0] -- 0.getPos.1.2 --> [0, 29, 16, 0, 0, 0, 0, 0])
Transition([0, 4, 4, 0, 0, 0, 0, 0] -- down --> [0, 61, 4, 0, 0, 0, 0, 0])
Transition([0, 61, 4, 0, 0, 0, 0, 0] -- 0.getPos.2.1 --> [0, 74, 4, 0, 0, 0, 0, 0])
Transition([0, 74, 4, 0, 0, 0, 0, 0] -- 0.setPos.3.1 --> [0, 0, 14, 0, 0, 0, 1, 0])
Transition([0, 0, 14, 0, 0, 0, 1, 0] -- illegalPosition --> [0, 0, 14, 0, 0, 0, 1, 0])
Transition([0, 4, 4, 0, 0, 0, 0, 0] -- left --> [0, 173, 4, 0, 0, 0, 0, 0])
Transition([0, 173, 4, 0, 0, 0, 0, 0] -- 0.getPos.2.1 --> [0, 184, 4, 0, 0, 0, 0, 0])
Transition([0, 4, 4, 0, 0, 0, 0, 0] -- right --> [0, 117, 4, 0, 0, 0, 0, 0])
Transition([0, 117, 4, 0, 0, 0, 0, 0] -- 0.getPos.2.1 --> [0, 126, 4, 0, 0, 0, 0, 0])
Transition([0, 126, 4, 0, 0, 0, 0, 0] -- 0.setPos.2.2 --> [0, 0, 3, 0, 0, 0, 0, 0])
Transition([0, 4, 4, 0, 0, 0, 0, 0] -- up --> [0, 5, 4, 0, 0, 0, 0, 0])
Transition([0, 5, 4, 0, 0, 0, 0, 0] -- 0.getPos.2.1 --> [0, 10, 4, 0, 0, 0, 0, 0])
Transition([0, 10, 4, 0, 0, 0, 0, 0] -- 0.setPos.1.1 --> [0, 0, 0, 0, 0, 0, 0, 0])
Transition([0, 4, 15, 0, 0, 0, 0, 0] -- down --> [0, 61, 15, 0, 0, 0, 0, 0])
Transition([0, 61, 15, 0, 0, 0, 0, 0] -- 0.getPos.1.3 --> [0, 83, 15, 0, 0, 0, 0, 0])
Transition([0, 83, 15, 0, 0, 0, 0, 0] -- 0.setPos.2.3 --> [0, 0, 2, 0, 0, 0, 0, 0])
Transition([0, 0, 2, 0, 0, 0, 0, 0] -- startSafeCheck --> [0, 1, 2, 0, 1, 0, 0, 0])
Transition([0, 1, 2, 0, 1, 0, 0, 0] -- 0.getPos.2.3 --> [0, 1, 2, 0, 7, 0, 0, 0])
Transition([0, 1, 2, 0, 7, 0, 0, 0] -- 1.getPos.3.3 --> [0, 1, 2, 0, 4, 0, 0, 0])
Transition([0, 1, 2, 0, 4, 0, 0, 0] -- checkSafeOk --> [0, 2, 2, 0, 0, 0, 0, 0])
Transition([0, 2, 2, 0, 0, 0, 0, 0] -- startLiveCheck --> [0, 3, 2, 1, 0, 1, 0, 0])
Transition([0, 3, 2, 1, 0, 1, 0, 0] -- 1.getPos.3.3 --> [0, 3, 2, 2, 0, 2, 0, 0])
Transition([0, 3, 2, 2, 0, 2, 0, 0] -- checkLiveDone --> [0, 4, 2, 0, 0, 0, 0, 0])
Transition([0, 4, 15, 0, 0, 0, 0, 0] -- left --> [0, 173, 15, 0, 0, 0, 0, 0])
Transition([0, 173, 15, 0, 0, 0, 0, 0] -- 0.getPos.1.3 --> [0, 197, 15, 0, 0, 0, 0, 0])
Transition([0, 197, 15, 0, 0, 0, 0, 0] -- 0.setPos.1.2 --> [0, 0, 16, 0, 0, 0, 0, 0])
Transition([0, 4, 15, 0, 0, 0, 0, 0] -- right --> [0, 117, 15, 0, 0, 0, 0, 0])
Transition([0, 117, 15, 0, 0, 0, 0, 0] -- 0.getPos.1.3 --> [0, 135, 15, 0, 0, 0, 0, 0])
Transition([0, 135, 15, 0, 0, 0, 0, 0] -- 0.setPos.1.4 --> [0, 0, 13, 0, 0, 0, 0, 0])
Transition([0, 0, 13, 0, 0, 0, 0, 0] -- startSafeCheck --> [0, 1, 13, 0, 1, 0, 0, 0])
Transition([0, 1, 13, 0, 1, 0, 0, 0] -- 0.getPos.1.4 --> [0, 1, 13, 0, 19, 0, 0, 0])
Transition([0, 1, 13, 0, 19, 0, 0, 0] -- 1.getPos.3.3 --> [0, 1, 13, 0, 4, 0, 0, 0])
Transition([0, 1, 13, 0, 4, 0, 0, 0] -- checkSafeOk --> [0, 2, 13, 0, 0, 0, 0, 0])
Transition([0, 2, 13, 0, 0, 0, 0, 0] -- startLiveCheck --> [0, 3, 13, 1, 0, 1, 0, 0])
Transition([0, 3, 13, 1, 0, 1, 0, 0] -- 1.getPos.3.3 --> [0, 3, 13, 2, 0, 2, 0, 0])
Transition([0, 3, 13, 2, 0, 2, 0, 0] -- checkLiveDone --> [0, 4, 13, 0, 0, 0, 0, 0])
Transition([0, 4, 15, 0, 0, 0, 0, 0] -- up --> [0, 5, 15, 0, 0, 0, 0, 0])
Transition([0, 5, 15, 0, 0, 0, 0, 0] -- 0.getPos.1.3 --> [0, 21, 15, 0, 0, 0, 0, 0])
Transition([0, 4, 3, 0, 0, 0, 0, 0] -- down --> [0, 61, 3, 0, 0, 0, 0, 0])
Transition([0, 61, 3, 0, 0, 0, 0, 0] -- 0.getPos.2.2 --> [0, 65, 3, 0, 0, 0, 0, 0])
Transition([0, 65, 3, 0, 0, 0, 0, 0] -- 0.setPos.3.2 --> [0, 0, 12, 0, 0, 0, 0, 0])
Transition([0, 0, 12, 0, 0, 0, 0, 0] -- startSafeCheck --> [0, 1, 12, 0, 1, 0, 0, 0])
Transition([0, 1, 12, 0, 1, 0, 0, 0] -- 0.getPos.3.2 --> [0, 1, 12, 0, 18, 0, 0, 0])
Transition([0, 1, 12, 0, 18, 0, 0, 0] -- 1.getPos.3.3 --> [0, 1, 12, 0, 4, 0, 0, 0])
Transition([0, 1, 12, 0, 4, 0, 0, 0] -- checkSafeOk --> [0, 2, 12, 0, 0, 0, 0, 0])
Transition([0, 2, 12, 0, 0, 0, 0, 0] -- startLiveCheck --> [0, 3, 12, 1, 0, 1, 0, 0])
Transition([0, 3, 12, 1, 0, 1, 0, 0] -- 1.getPos.3.3 --> [0, 3, 12, 2, 0, 2, 0, 0])
Transition([0, 3, 12, 2, 0, 2, 0, 0] -- checkLiveDone --> [0, 4, 12, 0, 0, 0, 0, 0])
Transition([0, 4, 3, 0, 0, 0, 0, 0] -- left --> [0, 173, 3, 0, 0, 0, 0, 0])
Transition([0, 173, 3, 0, 0, 0, 0, 0] -- 0.getPos.2.2 --> [0, 177, 3, 0, 0, 0, 0, 0])
Transition([0, 177, 3, 0, 0, 0, 0, 0] -- 0.setPos.2.1 --> [0, 0, 4, 0, 0, 0, 0, 0])
Transition([0, 4, 3, 0, 0, 0, 0, 0] -- right --> [0, 117, 3, 0, 0, 0, 0, 0])
Transition([0, 117, 3, 0, 0, 0, 0, 0] -- 0.getPos.2.2 --> [0, 121, 3, 0, 0, 0, 0, 0])
Transition([0, 121, 3, 0, 0, 0, 0, 0] -- 0.setPos.2.3 --> [0, 0, 2, 0, 0, 0, 0, 0])
Transition([0, 4, 3, 0, 0, 0, 0, 0] -- up --> [0, 5, 3, 0, 0, 0, 0, 0])
Transition([0, 5, 3, 0, 0, 0, 0, 0] -- 0.getPos.2.2 --> [0, 7, 3, 0, 0, 0, 0, 0])
Transition([0, 7, 3, 0, 0, 0, 0, 0] -- 0.setPos.1.2 --> [0, 0, 16, 0, 0, 0, 0, 0])
Transition([0, 4, 12, 0, 0, 0, 0, 0] -- down --> [0, 61, 12, 0, 0, 0, 0, 0])
Transition([0, 61, 12, 0, 0, 0, 0, 0] -- 0.getPos.3.2 --> [0, 105, 12, 0, 0, 0, 0, 0])
Transition([0, 105, 12, 0, 0, 0, 0, 0] -- 0.setPos.4.2 --> [0, 0, 9, 0, 0, 0, 0, 0])
Transition([0, 0, 9, 0, 0, 0, 0, 0] -- startSafeCheck --> [0, 1, 9, 0, 1, 0, 0, 0])
Transition([0, 1, 9, 0, 1, 0, 0, 0] -- 0.getPos.4.2 --> [0, 1, 9, 0, 11, 0, 0, 0])
Transition([0, 1, 9, 0, 11, 0, 0, 0] -- 1.getPos.3.3 --> [0, 1, 9, 0, 4, 0, 0, 0])
Transition([0, 1, 9, 0, 4, 0, 0, 0] -- checkSafeOk --> [0, 2, 9, 0, 0, 0, 0, 0])
Transition([0, 2, 9, 0, 0, 0, 0, 0] -- startLiveCheck --> [0, 3, 9, 1, 0, 1, 0, 0])
Transition([0, 3, 9, 1, 0, 1, 0, 0] -- 1.getPos.3.3 --> [0, 3, 9, 2, 0, 2, 0, 0])
Transition([0, 3, 9, 2, 0, 2, 0, 0] -- checkLiveDone --> [0, 4, 9, 0, 0, 0, 0, 0])
Transition([0, 4, 12, 0, 0, 0, 0, 0] -- left --> [0, 173, 12, 0, 0, 0, 0, 0])
Transition([0, 173, 12, 0, 0, 0, 0, 0] -- 0.getPos.3.2 --> [0, 221, 12, 0, 0, 0, 0, 0])
Transition([0, 221, 12, 0, 0, 0, 0, 0] -- 0.setPos.3.1 --> [0, 0, 14, 0, 0, 0, 1, 0])
Transition([0, 4, 2, 0, 0, 0, 0, 0] -- down --> [0, 61, 2, 0, 0, 0, 0, 0])
Transition([0, 61, 2, 0, 0, 0, 0, 0] -- 0.getPos.2.3 --> [0, 62, 2, 0, 0, 0, 0, 0])
Transition([0, 62, 2, 0, 0, 0, 0, 0] -- 0.setPos.3.3 --> [0, 0, 23, 0, 0, 0, 0, 0])
Transition([0, 0, 23, 0, 0, 0, 0, 0] -- startSafeCheck --> [0, 1, 23, 0, 1, 0, 0, 0])
Transition([0, 1, 23, 0, 1, 0, 0, 0] -- 0.getPos.3.3 --> [0, 1, 23, 0, 25, 0, 0, 0])
Transition([0, 1, 23, 0, 25, 0, 0, 0] -- 1.getPos.3.3 --> [0, 1, 23, 0, 3, 0, 0, 0])
Transition([0, 62, 2, 0, 0, 0, 0, 0] -- 1.getPos.3.3 --> [0, 63, 2, 0, 0, 0, 0, 0])
Transition([0, 63, 2, 0, 0, 0, 0, 0] -- 1.setPos.4.3 --> [7, 64, 2, 0, 0, 0, 0, 0])
Transition([7, 64, 2, 0, 0, 0, 0, 0] -- 0.setPos.3.3 --> [7, 0, 23, 0, 0, 0, 0, 0])
Transition([7, 0, 23, 0, 0, 0, 0, 0] -- startSafeCheck --> [7, 1, 23, 0, 1, 0, 0, 0])
Transition([7, 1, 23, 0, 1, 0, 0, 0] -- 0.getPos.3.3 --> [7, 1, 23, 0, 25, 0, 0, 0])
Transition([7, 1, 23, 0, 25, 0, 0, 0] -- 1.getPos.4.3 --> [7, 1, 23, 0, 4, 0, 0, 0])
Transition([7, 1, 23, 0, 4, 0, 0, 0] -- checkSafeOk --> [7, 2, 23, 0, 0, 0, 0, 0])
Transition([7, 2, 23, 0, 0, 0, 0, 0] -- startLiveCheck --> [7, 3, 23, 1, 0, 1, 0, 0])
Transition([7, 3, 23, 1, 0, 1, 0, 0] -- 1.getPos.4.3 --> [7, 3, 23, 2, 0, 2, 0, 0])
Transition([7, 3, 23, 2, 0, 2, 0, 0] -- checkLiveDone --> [7, 4, 23, 0, 0, 0, 0, 0])
Transition([0, 4, 12, 0, 0, 0, 0, 0] -- right --> [0, 117, 12, 0, 0, 0, 0, 0])
Transition([0, 117, 12, 0, 0, 0, 0, 0] -- 0.getPos.3.2 --> [0, 163, 12, 0, 0, 0, 0, 0])
Transition([0, 163, 12, 0, 0, 0, 0, 0] -- 0.setPos.3.3 --> [0, 0, 23, 0, 0, 0, 0, 0])
Transition([0, 163, 12, 0, 0, 0, 0, 0] -- 1.getPos.3.3 --> [0, 164, 12, 0, 0, 0, 0, 0])
Transition([0, 164, 12, 0, 0, 0, 0, 0] -- 1.setPos.3.4 --> [22, 165, 12, 0, 0, 0, 0, 0])
Transition([22, 165, 12, 0, 0, 0, 0, 0] -- 0.setPos.3.3 --> [22, 0, 23, 0, 0, 0, 0, 0])
Transition([22, 0, 23, 0, 0, 0, 0, 0] -- startSafeCheck --> [22, 1, 23, 0, 1, 0, 0, 0])
Transition([22, 1, 23, 0, 1, 0, 0, 0] -- 0.getPos.3.3 --> [22, 1, 23, 0, 25, 0, 0, 0])
Transition([22, 1, 23, 0, 25, 0, 0, 0] -- 1.getPos.3.4 --> [22, 1, 23, 0, 4, 0, 0, 0])
Transition([22, 1, 23, 0, 4, 0, 0, 0] -- checkSafeOk --> [22, 2, 23, 0, 0, 0, 0, 0])
Transition([22, 2, 23, 0, 0, 0, 0, 0] -- startLiveCheck --> [22, 3, 23, 1, 0, 1, 0, 0])
Transition([22, 3, 23, 1, 0, 1, 0, 0] -- 1.getPos.3.4 --> [22, 3, 23, 2, 0, 2, 0, 0])
Transition([22, 3, 23, 2, 0, 2, 0, 0] -- checkLiveDone --> [22, 4, 23, 0, 0, 0, 0, 0])
Transition([0, 4, 13, 0, 0, 0, 0, 0] -- down --> [0, 61, 13, 0, 0, 0, 0, 0])
Transition([0, 61, 13, 0, 0, 0, 0, 0] -- 0.getPos.1.4 --> [0, 80, 13, 0, 0, 0, 0, 0])
Transition([0, 80, 13, 0, 0, 0, 0, 0] -- 0.setPos.2.4 --> [0, 0, 10, 0, 0, 0, 0, 0])
Transition([0, 0, 10, 0, 0, 0, 0, 0] -- startSafeCheck --> [0, 1, 10, 0, 1, 0, 0, 0])
Transition([0, 1, 10, 0, 1, 0, 0, 0] -- 0.getPos.2.4 --> [0, 1, 10, 0, 12, 0, 0, 0])
Transition([0, 1, 10, 0, 12, 0, 0, 0] -- 1.getPos.3.3 --> [0, 1, 10, 0, 4, 0, 0, 0])
Transition([0, 1, 10, 0, 4, 0, 0, 0] -- checkSafeOk --> [0, 2, 10, 0, 0, 0, 0, 0])
Transition([0, 2, 10, 0, 0, 0, 0, 0] -- startLiveCheck --> [0, 3, 10, 1, 0, 1, 0, 0])
Transition([0, 3, 10, 1, 0, 1, 0, 0] -- 1.getPos.3.3 --> [0, 3, 10, 2, 0, 2, 0, 0])
Transition([0, 3, 10, 2, 0, 2, 0, 0] -- checkLiveDone --> [0, 4, 10, 0, 0, 0, 0, 0])
Transition([0, 4, 13, 0, 0, 0, 0, 0] -- left --> [0, 173, 13, 0, 0, 0, 0, 0])
Transition([0, 173, 13, 0, 0, 0, 0, 0] -- 0.getPos.1.4 --> [0, 194, 13, 0, 0, 0, 0, 0])
Transition([0, 194, 13, 0, 0, 0, 0, 0] -- 0.setPos.1.3 --> [0, 0, 15, 0, 0, 0, 0, 0])
Transition([0, 4, 13, 0, 0, 0, 0, 0] -- right --> [0, 117, 13, 0, 0, 0, 0, 0])
Transition([0, 117, 13, 0, 0, 0, 0, 0] -- 0.getPos.1.4 --> [0, 134, 13, 0, 0, 0, 0, 0])
Transition([0, 134, 13, 0, 0, 0, 0, 0] -- 0.setPos.1.5 --> [0, 0, 24, 0, 0, 0, 0, 0])
Transition([0, 0, 24, 0, 0, 0, 0, 0] -- startSafeCheck --> [0, 1, 24, 0, 1, 0, 0, 0])
Transition([0, 1, 24, 0, 1, 0, 0, 0] -- 0.getPos.1.5 --> [0, 1, 24, 0, 26, 0, 0, 0])
Transition([0, 1, 24, 0, 26, 0, 0, 0] -- 1.getPos.3.3 --> [0, 1, 24, 0, 4, 0, 0, 0])
Transition([0, 1, 24, 0, 4, 0, 0, 0] -- checkSafeOk --> [0, 2, 24, 0, 0, 0, 0, 0])
Transition([0, 2, 24, 0, 0, 0, 0, 0] -- startLiveCheck --> [0, 3, 24, 1, 0, 1, 0, 0])
Transition([0, 3, 24, 1, 0, 1, 0, 0] -- 1.getPos.3.3 --> [0, 3, 24, 2, 0, 2, 0, 0])
Transition([0, 3, 24, 2, 0, 2, 0, 0] -- checkLiveDone --> [0, 4, 24, 0, 0, 0, 0, 0])
Transition([0, 4, 13, 0, 0, 0, 0, 0] -- up --> [0, 5, 13, 0, 0, 0, 0, 0])
Transition([0, 5, 13, 0, 0, 0, 0, 0] -- 0.getPos.1.4 --> [0, 20, 13, 0, 0, 0, 0, 0])
Transition([0, 4, 12, 0, 0, 0, 0, 0] -- up --> [0, 5, 12, 0, 0, 0, 0, 0])
Transition([0, 5, 12, 0, 0, 0, 0, 0] -- 0.getPos.3.2 --> [0, 49, 12, 0, 0, 0, 0, 0])
Transition([0, 49, 12, 0, 0, 0, 0, 0] -- 0.setPos.2.2 --> [0, 0, 3, 0, 0, 0, 0, 0])
Transition([0, 4, 2, 0, 0, 0, 0, 0] -- left --> [0, 173, 2, 0, 0, 0, 0, 0])
Transition([0, 173, 2, 0, 0, 0, 0, 0] -- 0.getPos.2.3 --> [0, 174, 2, 0, 0, 0, 0, 0])
Transition([0, 174, 2, 0, 0, 0, 0, 0] -- 0.setPos.2.2 --> [0, 0, 3, 0, 0, 0, 0, 0])
Transition([0, 4, 2, 0, 0, 0, 0, 0] -- right --> [0, 117, 2, 0, 0, 0, 0, 0])
Transition([0, 117, 2, 0, 0, 0, 0, 0] -- 0.getPos.2.3 --> [0, 118, 2, 0, 0, 0, 0, 0])
Transition([0, 118, 2, 0, 0, 0, 0, 0] -- 0.setPos.2.4 --> [0, 0, 10, 0, 0, 0, 0, 0])
Transition([0, 4, 2, 0, 0, 0, 0, 0] -- up --> [0, 5, 2, 0, 0, 0, 0, 0])
Transition([0, 5, 2, 0, 0, 0, 0, 0] -- 0.getPos.2.3 --> [0, 6, 2, 0, 0, 0, 0, 0])
Transition([0, 6, 2, 0, 0, 0, 0, 0] -- 0.setPos.1.3 --> [0, 0, 15, 0, 0, 0, 0, 0])
Transition([0, 4, 24, 0, 0, 0, 0, 0] -- down --> [0, 61, 24, 0, 0, 0, 0, 0])
Transition([0, 61, 24, 0, 0, 0, 0, 0] -- 0.getPos.1.5 --> [0, 88, 24, 0, 0, 0, 0, 0])
Transition([0, 88, 24, 0, 0, 0, 0, 0] -- 0.setPos.2.5 --> [0, 0, 8, 0, 0, 0, 0, 0])
Transition([0, 0, 8, 0, 0, 0, 0, 0] -- startSafeCheck --> [0, 1, 8, 0, 1, 0, 0, 0])
Transition([0, 1, 8, 0, 1, 0, 0, 0] -- 0.getPos.2.5 --> [0, 1, 8, 0, 10, 0, 0, 0])
Transition([0, 1, 8, 0, 10, 0, 0, 0] -- 1.getPos.3.3 --> [0, 1, 8, 0, 4, 0, 0, 0])
Transition([0, 1, 8, 0, 4, 0, 0, 0] -- checkSafeOk --> [0, 2, 8, 0, 0, 0, 0, 0])
Transition([0, 2, 8, 0, 0, 0, 0, 0] -- startLiveCheck --> [0, 3, 8, 1, 0, 1, 0, 0])
Transition([0, 3, 8, 1, 0, 1, 0, 0] -- 1.getPos.3.3 --> [0, 3, 8, 2, 0, 2, 0, 0])
Transition([0, 3, 8, 2, 0, 2, 0, 0] -- checkLiveDone --> [0, 4, 8, 0, 0, 0, 0, 0])
Transition([0, 4, 24, 0, 0, 0, 0, 0] -- left --> [0, 173, 24, 0, 0, 0, 0, 0])
Transition([0, 173, 24, 0, 0, 0, 0, 0] -- 0.getPos.1.5 --> [0, 202, 24, 0, 0, 0, 0, 0])
Transition([0, 202, 24, 0, 0, 0, 0, 0] -- 0.setPos.1.4 --> [0, 0, 13, 0, 0, 0, 0, 0])
Transition([0, 4, 9, 0, 0, 0, 0, 0] -- down --> [0, 61, 9, 0, 0, 0, 0, 0])
Transition([0, 61, 9, 0, 0, 0, 0, 0] -- 0.getPos.4.2 --> [0, 101, 9, 0, 0, 0, 0, 0])
Transition([0, 101, 9, 0, 0, 0, 0, 0] -- 0.setPos.5.2 --> [0, 0, 20, 0, 0, 0, 0, 0])
Transition([0, 0, 20, 0, 0, 0, 0, 0] -- startSafeCheck --> [0, 1, 20, 0, 1, 0, 0, 0])
Transition([0, 1, 20, 0, 1, 0, 0, 0] -- 0.getPos.5.2 --> [0, 1, 20, 0, 22, 0, 0, 0])
Transition([0, 1, 20, 0, 22, 0, 0, 0] -- 1.getPos.3.3 --> [0, 1, 20, 0, 4, 0, 0, 0])
Transition([0, 1, 20, 0, 4, 0, 0, 0] -- checkSafeOk --> [0, 2, 20, 0, 0, 0, 0, 0])
Transition([0, 2, 20, 0, 0, 0, 0, 0] -- startLiveCheck --> [0, 3, 20, 1, 0, 1, 0, 0])
Transition([0, 3, 20, 1, 0, 1, 0, 0] -- 1.getPos.3.3 --> [0, 3, 20, 2, 0, 2, 0, 0])
Transition([0, 3, 20, 2, 0, 2, 0, 0] -- checkLiveDone --> [0, 4, 20, 0, 0, 0, 0, 0])
Transition([0, 4, 9, 0, 0, 0, 0, 0] -- left --> [0, 173, 9, 0, 0, 0, 0, 0])
Transition([0, 173, 9, 0, 0, 0, 0, 0] -- 0.getPos.4.2 --> [0, 217, 9, 0, 0, 0, 0, 0])
Transition([0, 217, 9, 0, 0, 0, 0, 0] -- 0.setPos.4.1 --> [0, 0, 1, 0, 0, 0, 0, 0])
Transition([0, 0, 1, 0, 0, 0, 0, 0] -- startSafeCheck --> [0, 1, 1, 0, 1, 0, 0, 0])
Transition([0, 1, 1, 0, 1, 0, 0, 0] -- 0.getPos.4.1 --> [0, 1, 1, 0, 6, 0, 0, 0])
Transition([0, 1, 1, 0, 6, 0, 0, 0] -- 1.getPos.3.3 --> [0, 1, 1, 0, 4, 0, 0, 0])
Transition([0, 1, 1, 0, 4, 0, 0, 0] -- checkSafeOk --> [0, 2, 1, 0, 0, 0, 0, 0])
Transition([0, 2, 1, 0, 0, 0, 0, 0] -- startLiveCheck --> [0, 3, 1, 1, 0, 1, 0, 0])
Transition([0, 3, 1, 1, 0, 1, 0, 0] -- 1.getPos.3.3 --> [0, 3, 1, 2, 0, 2, 0, 0])
Transition([0, 3, 1, 2, 0, 2, 0, 0] -- checkLiveDone --> [0, 4, 1, 0, 0, 0, 0, 0])
Transition([0, 4, 9, 0, 0, 0, 0, 0] -- right --> [0, 117, 9, 0, 0, 0, 0, 0])
Transition([0, 117, 9, 0, 0, 0, 0, 0] -- 0.getPos.4.2 --> [0, 159, 9, 0, 0, 0, 0, 0])
Transition([0, 159, 9, 0, 0, 0, 0, 0] -- 0.setPos.4.3 --> [0, 0, 7, 0, 0, 0, 0, 0])
Transition([0, 0, 7, 0, 0, 0, 0, 0] -- startSafeCheck --> [0, 1, 7, 0, 1, 0, 0, 0])
Transition([0, 1, 7, 0, 1, 0, 0, 0] -- 0.getPos.4.3 --> [0, 1, 7, 0, 9, 0, 0, 0])
Transition([0, 1, 7, 0, 9, 0, 0, 0] -- 1.getPos.3.3 --> [0, 1, 7, 0, 4, 0, 0, 0])
Transition([0, 1, 7, 0, 4, 0, 0, 0] -- checkSafeOk --> [0, 2, 7, 0, 0, 0, 0, 0])
Transition([0, 2, 7, 0, 0, 0, 0, 0] -- startLiveCheck --> [0, 3, 7, 1, 0, 1, 0, 0])
Transition([0, 3, 7, 1, 0, 1, 0, 0] -- 1.getPos.3.3 --> [0, 3, 7, 2, 0, 2, 0, 0])
Transition([0, 3, 7, 2, 0, 2, 0, 0] -- checkLiveDone --> [0, 4, 7, 0, 0, 0, 0, 0])
Transition([0, 4, 10, 0, 0, 0, 0, 0] -- down --> [0, 61, 10, 0, 0, 0, 0, 0])
Transition([0, 61, 10, 0, 0, 0, 0, 0] -- 0.getPos.2.4 --> [0, 71, 10, 0, 0, 0, 0, 0])
Transition([0, 71, 10, 0, 0, 0, 0, 0] -- 0.setPos.3.4 --> [0, 0, 21, 0, 0, 0, 0, 0])
Transition([0, 0, 21, 0, 0, 0, 0, 0] -- startSafeCheck --> [0, 1, 21, 0, 1, 0, 0, 0])
Transition([0, 1, 21, 0, 1, 0, 0, 0] -- 0.getPos.3.4 --> [0, 1, 21, 0, 23, 0, 0, 0])
Transition([0, 1, 21, 0, 23, 0, 0, 0] -- 1.getPos.3.3 --> [0, 1, 21, 0, 4, 0, 0, 0])
Transition([0, 1, 21, 0, 4, 0, 0, 0] -- checkSafeOk --> [0, 2, 21, 0, 0, 0, 0, 0])
Transition([0, 2, 21, 0, 0, 0, 0, 0] -- startLiveCheck --> [0, 3, 21, 1, 0, 1, 0, 0])
Transition([0, 3, 21, 1, 0, 1, 0, 0] -- 1.getPos.3.3 --> [0, 3, 21, 2, 0, 2, 0, 0])
Transition([0, 3, 21, 2, 0, 2, 0, 0] -- checkLiveDone --> [0, 4, 21, 0, 0, 0, 0, 0])
Transition([0, 4, 9, 0, 0, 0, 0, 0] -- up --> [0, 5, 9, 0, 0, 0, 0, 0])
Transition([0, 5, 9, 0, 0, 0, 0, 0] -- 0.getPos.4.2 --> [0, 43, 9, 0, 0, 0, 0, 0])
Transition([0, 43, 9, 0, 0, 0, 0, 0] -- 0.setPos.3.2 --> [0, 0, 12, 0, 0, 0, 0, 0])
Transition([0, 4, 10, 0, 0, 0, 0, 0] -- left --> [0, 173, 10, 0, 0, 0, 0, 0])
Transition([0, 173, 10, 0, 0, 0, 0, 0] -- 0.getPos.2.4 --> [0, 181, 10, 0, 0, 0, 0, 0])
Transition([0, 181, 10, 0, 0, 0, 0, 0] -- 0.setPos.2.3 --> [0, 0, 2, 0, 0, 0, 0, 0])
Transition([0, 4, 24, 0, 0, 0, 0, 0] -- right --> [0, 117, 24, 0, 0, 0, 0, 0])
Transition([0, 117, 24, 0, 0, 0, 0, 0] -- 0.getPos.1.5 --> [0, 144, 24, 0, 0, 0, 0, 0])
Transition([0, 4, 10, 0, 0, 0, 0, 0] -- right --> [0, 117, 10, 0, 0, 0, 0, 0])
Transition([0, 117, 10, 0, 0, 0, 0, 0] -- 0.getPos.2.4 --> [0, 125, 10, 0, 0, 0, 0, 0])
Transition([0, 125, 10, 0, 0, 0, 0, 0] -- 0.setPos.2.5 --> [0, 0, 8, 0, 0, 0, 0, 0])
Transition([0, 4, 24, 0, 0, 0, 0, 0] -- up --> [0, 5, 24, 0, 0, 0, 0, 0])
Transition([0, 5, 24, 0, 0, 0, 0, 0] -- 0.getPos.1.5 --> [0, 28, 24, 0, 0, 0, 0, 0])
Transition([0, 4, 10, 0, 0, 0, 0, 0] -- up --> [0, 5, 10, 0, 0, 0, 0, 0])
Transition([0, 5, 10, 0, 0, 0, 0, 0] -- 0.getPos.2.4 --> [0, 9, 10, 0, 0, 0, 0, 0])
Transition([0, 9, 10, 0, 0, 0, 0, 0] -- 0.setPos.1.4 --> [0, 0, 13, 0, 0, 0, 0, 0])
Transition([7, 4, 23, 0, 0, 0, 0, 0] -- down --> [7, 61, 23, 0, 0, 0, 0, 0])
Transition([7, 61, 23, 0, 0, 0, 0, 0] -- 0.getPos.3.3 --> [7, 114, 23, 0, 0, 0, 0, 0])
Transition([7, 114, 23, 0, 0, 0, 0, 0] -- 0.setPos.4.3 --> [7, 0, 7, 0, 0, 0, 0, 0])
Transition([7, 0, 7, 0, 0, 0, 0, 0] -- startSafeCheck --> [7, 1, 7, 0, 1, 0, 0, 0])
Transition([7, 1, 7, 0, 1, 0, 0, 0] -- 0.getPos.4.3 --> [7, 1, 7, 0, 9, 0, 0, 0])
Transition([7, 1, 7, 0, 9, 0, 0, 0] -- 1.getPos.4.3 --> [7, 1, 7, 0, 3, 0, 0, 0])
Transition([7, 114, 23, 0, 0, 0, 0, 0] -- 1.getPos.4.3 --> [7, 115, 23, 0, 0, 0, 0, 0])
Transition([7, 4, 23, 0, 0, 0, 0, 0] -- left --> [7, 173, 23, 0, 0, 0, 0, 0])
Transition([7, 173, 23, 0, 0, 0, 0, 0] -- 0.getPos.3.3 --> [7, 226, 23, 0, 0, 0, 0, 0])
Transition([7, 226, 23, 0, 0, 0, 0, 0] -- 0.setPos.3.2 --> [7, 0, 12, 0, 0, 0, 0, 0])
Transition([7, 0, 12, 0, 0, 0, 0, 0] -- startSafeCheck --> [7, 1, 12, 0, 1, 0, 0, 0])
Transition([7, 1, 12, 0, 1, 0, 0, 0] -- 0.getPos.3.2 --> [7, 1, 12, 0, 18, 0, 0, 0])
Transition([7, 1, 12, 0, 18, 0, 0, 0] -- 1.getPos.4.3 --> [7, 1, 12, 0, 4, 0, 0, 0])
Transition([7, 1, 12, 0, 4, 0, 0, 0] -- checkSafeOk --> [7, 2, 12, 0, 0, 0, 0, 0])
Transition([7, 2, 12, 0, 0, 0, 0, 0] -- startLiveCheck --> [7, 3, 12, 1, 0, 1, 0, 0])
Transition([7, 3, 12, 1, 0, 1, 0, 0] -- 1.getPos.4.3 --> [7, 3, 12, 2, 0, 2, 0, 0])
Transition([7, 3, 12, 2, 0, 2, 0, 0] -- checkLiveDone --> [7, 4, 12, 0, 0, 0, 0, 0])
Transition([22, 4, 23, 0, 0, 0, 0, 0] -- down --> [22, 61, 23, 0, 0, 0, 0, 0])
Transition([22, 61, 23, 0, 0, 0, 0, 0] -- 0.getPos.3.3 --> [22, 114, 23, 0, 0, 0, 0, 0])
Transition([22, 114, 23, 0, 0, 0, 0, 0] -- 0.setPos.4.3 --> [22, 0, 7, 0, 0, 0, 0, 0])
Transition([22, 0, 7, 0, 0, 0, 0, 0] -- startSafeCheck --> [22, 1, 7, 0, 1, 0, 0, 0])
Transition([22, 1, 7, 0, 1, 0, 0, 0] -- 0.getPos.4.3 --> [22, 1, 7, 0, 9, 0, 0, 0])
Transition([22, 1, 7, 0, 9, 0, 0, 0] -- 1.getPos.3.4 --> [22, 1, 7, 0, 4, 0, 0, 0])
Transition([22, 1, 7, 0, 4, 0, 0, 0] -- checkSafeOk --> [22, 2, 7, 0, 0, 0, 0, 0])
Transition([22, 2, 7, 0, 0, 0, 0, 0] -- startLiveCheck --> [22, 3, 7, 1, 0, 1, 0, 0])
Transition([22, 3, 7, 1, 0, 1, 0, 0] -- 1.getPos.3.4 --> [22, 3, 7, 2, 0, 2, 0, 0])
Transition([22, 3, 7, 2, 0, 2, 0, 0] -- checkLiveDone --> [22, 4, 7, 0, 0, 0, 0, 0])
Transition([7, 4, 23, 0, 0, 0, 0, 0] -- right --> [7, 117, 23, 0, 0, 0, 0, 0])
Transition([7, 117, 23, 0, 0, 0, 0, 0] -- 0.getPos.3.3 --> [7, 170, 23, 0, 0, 0, 0, 0])
Transition([7, 170, 23, 0, 0, 0, 0, 0] -- 0.setPos.3.4 --> [7, 0, 21, 0, 0, 0, 0, 0])
Transition([7, 0, 21, 0, 0, 0, 0, 0] -- startSafeCheck --> [7, 1, 21, 0, 1, 0, 0, 0])
Transition([7, 1, 21, 0, 1, 0, 0, 0] -- 0.getPos.3.4 --> [7, 1, 21, 0, 23, 0, 0, 0])
Transition([7, 1, 21, 0, 23, 0, 0, 0] -- 1.getPos.4.3 --> [7, 1, 21, 0, 4, 0, 0, 0])
Transition([7, 1, 21, 0, 4, 0, 0, 0] -- checkSafeOk --> [7, 2, 21, 0, 0, 0, 0, 0])
Transition([7, 2, 21, 0, 0, 0, 0, 0] -- startLiveCheck --> [7, 3, 21, 1, 0, 1, 0, 0])
Transition([7, 3, 21, 1, 0, 1, 0, 0] -- 1.getPos.4.3 --> [7, 3, 21, 2, 0, 2, 0, 0])
Transition([7, 3, 21, 2, 0, 2, 0, 0] -- checkLiveDone --> [7, 4, 21, 0, 0, 0, 0, 0])
Transition([22, 4, 23, 0, 0, 0, 0, 0] -- left --> [22, 173, 23, 0, 0, 0, 0, 0])
Transition([22, 173, 23, 0, 0, 0, 0, 0] -- 0.getPos.3.3 --> [22, 226, 23, 0, 0, 0, 0, 0])
Transition([22, 226, 23, 0, 0, 0, 0, 0] -- 0.setPos.3.2 --> [22, 0, 12, 0, 0, 0, 0, 0])
Transition([22, 0, 12, 0, 0, 0, 0, 0] -- startSafeCheck --> [22, 1, 12, 0, 1, 0, 0, 0])
Transition([22, 1, 12, 0, 1, 0, 0, 0] -- 0.getPos.3.2 --> [22, 1, 12, 0, 18, 0, 0, 0])
Transition([22, 1, 12, 0, 18, 0, 0, 0] -- 1.getPos.3.4 --> [22, 1, 12, 0, 4, 0, 0, 0])
Transition([22, 1, 12, 0, 4, 0, 0, 0] -- checkSafeOk --> [22, 2, 12, 0, 0, 0, 0, 0])
Transition([22, 2, 12, 0, 0, 0, 0, 0] -- startLiveCheck --> [22, 3, 12, 1, 0, 1, 0, 0])
Transition([22, 3, 12, 1, 0, 1, 0, 0] -- 1.getPos.3.4 --> [22, 3, 12, 2, 0, 2, 0, 0])
Transition([22, 3, 12, 2, 0, 2, 0, 0] -- checkLiveDone --> [22, 4, 12, 0, 0, 0, 0, 0])
Transition([7, 4, 23, 0, 0, 0, 0, 0] -- up --> [7, 5, 23, 0, 0, 0, 0, 0])
Transition([7, 5, 23, 0, 0, 0, 0, 0] -- 0.getPos.3.3 --> [7, 58, 23, 0, 0, 0, 0, 0])
Transition([7, 58, 23, 0, 0, 0, 0, 0] -- 0.setPos.2.3 --> [7, 0, 2, 0, 0, 0, 0, 0])
Transition([7, 0, 2, 0, 0, 0, 0, 0] -- startSafeCheck --> [7, 1, 2, 0, 1, 0, 0, 0])
Transition([7, 1, 2, 0, 1, 0, 0, 0] -- 0.getPos.2.3 --> [7, 1, 2, 0, 7, 0, 0, 0])
Transition([7, 1, 2, 0, 7, 0, 0, 0] -- 1.getPos.4.3 --> [7, 1, 2, 0, 4, 0, 0, 0])
Transition([7, 1, 2, 0, 4, 0, 0, 0] -- checkSafeOk --> [7, 2, 2, 0, 0, 0, 0, 0])
Transition([7, 2, 2, 0, 0, 0, 0, 0] -- startLiveCheck --> [7, 3, 2, 1, 0, 1, 0, 0])
Transition([7, 3, 2, 1, 0, 1, 0, 0] -- 1.getPos.4.3 --> [7, 3, 2, 2, 0, 2, 0, 0])
Transition([7, 3, 2, 2, 0, 2, 0, 0] -- checkLiveDone --> [7, 4, 2, 0, 0, 0, 0, 0])
Transition([22, 4, 23, 0, 0, 0, 0, 0] -- right --> [22, 117, 23, 0, 0, 0, 0, 0])
Transition([22, 117, 23, 0, 0, 0, 0, 0] -- 0.getPos.3.3 --> [22, 170, 23, 0, 0, 0, 0, 0])
Transition([22, 170, 23, 0, 0, 0, 0, 0] -- 0.setPos.3.4 --> [22, 0, 21, 0, 0, 0, 0, 0])
Transition([22, 0, 21, 0, 0, 0, 0, 0] -- startSafeCheck --> [22, 1, 21, 0, 1, 0, 0, 0])
Transition([22, 1, 21, 0, 1, 0, 0, 0] -- 0.getPos.3.4 --> [22, 1, 21, 0, 23, 0, 0, 0])
Transition([22, 1, 21, 0, 23, 0, 0, 0] -- 1.getPos.3.4 --> [22, 1, 21, 0, 3, 0, 0, 0])
Transition([22, 170, 23, 0, 0, 0, 0, 0] -- 1.getPos.3.4 --> [22, 171, 23, 0, 0, 0, 0, 0])
Transition([22, 171, 23, 0, 0, 0, 0, 0] -- 1.setPos.3.5 --> [20, 172, 23, 0, 0, 0, 0, 0])
Transition([20, 172, 23, 0, 0, 0, 0, 0] -- 0.setPos.3.4 --> [20, 0, 21, 0, 0, 0, 0, 0])
Transition([20, 0, 21, 0, 0, 0, 0, 0] -- startSafeCheck --> [20, 1, 21, 0, 1, 0, 0, 0])
Transition([20, 1, 21, 0, 1, 0, 0, 0] -- 0.getPos.3.4 --> [20, 1, 21, 0, 23, 0, 0, 0])
Transition([20, 1, 21, 0, 23, 0, 0, 0] -- 1.getPos.3.5 --> [20, 1, 21, 0, 4, 0, 0, 0])
Transition([20, 1, 21, 0, 4, 0, 0, 0] -- checkSafeOk --> [20, 2, 21, 0, 0, 0, 0, 0])
Transition([20, 2, 21, 0, 0, 0, 0, 0] -- startLiveCheck --> [20, 3, 21, 1, 0, 1, 0, 0])
Transition([20, 3, 21, 1, 0, 1, 0, 0] -- 1.getPos.3.5 --> [20, 3, 21, 2, 0, 2, 0, 0])
Transition([20, 3, 21, 2, 0, 2, 0, 0] -- checkLiveDone --> [20, 4, 21, 0, 0, 0, 0, 0])
Transition([22, 4, 23, 0, 0, 0, 0, 0] -- up --> [22, 5, 23, 0, 0, 0, 0, 0])
Transition([22, 5, 23, 0, 0, 0, 0, 0] -- 0.getPos.3.3 --> [22, 58, 23, 0, 0, 0, 0, 0])
Transition([22, 58, 23, 0, 0, 0, 0, 0] -- 0.setPos.2.3 --> [22, 0, 2, 0, 0, 0, 0, 0])
Transition([22, 0, 2, 0, 0, 0, 0, 0] -- startSafeCheck --> [22, 1, 2, 0, 1, 0, 0, 0])
Transition([22, 1, 2, 0, 1, 0, 0, 0] -- 0.getPos.2.3 --> [22, 1, 2, 0, 7, 0, 0, 0])
Transition([22, 1, 2, 0, 7, 0, 0, 0] -- 1.getPos.3.4 --> [22, 1, 2, 0, 4, 0, 0, 0])
Transition([22, 1, 2, 0, 4, 0, 0, 0] -- checkSafeOk --> [22, 2, 2, 0, 0, 0, 0, 0])
Transition([22, 2, 2, 0, 0, 0, 0, 0] -- startLiveCheck --> [22, 3, 2, 1, 0, 1, 0, 0])
Transition([22, 3, 2, 1, 0, 1, 0, 0] -- 1.getPos.3.4 --> [22, 3, 2, 2, 0, 2, 0, 0])
Transition([22, 3, 2, 2, 0, 2, 0, 0] -- checkLiveDone --> [22, 4, 2, 0, 0, 0, 0, 0])
Transition([0, 4, 8, 0, 0, 0, 0, 0] -- down --> [0, 61, 8, 0, 0, 0, 0, 0])
Transition([0, 61, 8, 0, 0, 0, 0, 0] -- 0.getPos.2.5 --> [0, 68, 8, 0, 0, 0, 0, 0])
Transition([0, 68, 8, 0, 0, 0, 0, 0] -- 0.setPos.3.5 --> [0, 0, 19, 0, 0, 0, 0, 0])
Transition([0, 0, 19, 0, 0, 0, 0, 0] -- startSafeCheck --> [0, 1, 19, 0, 1, 0, 0, 0])
Transition([0, 1, 19, 0, 1, 0, 0, 0] -- 0.getPos.3.5 --> [0, 1, 19, 0, 16, 0, 0, 0])
Transition([0, 1, 19, 0, 16, 0, 0, 0] -- 1.getPos.3.3 --> [0, 1, 19, 0, 4, 0, 0, 0])
Transition([0, 1, 19, 0, 4, 0, 0, 0] -- checkSafeOk --> [0, 2, 19, 0, 0, 0, 0, 0])
Transition([0, 2, 19, 0, 0, 0, 0, 0] -- startLiveCheck --> [0, 3, 19, 1, 0, 1, 0, 0])
Transition([0, 3, 19, 1, 0, 1, 0, 0] -- 1.getPos.3.3 --> [0, 3, 19, 2, 0, 2, 0, 0])
Transition([0, 3, 19, 2, 0, 2, 0, 0] -- checkLiveDone --> [0, 4, 19, 0, 0, 0, 0, 0])
Transition([0, 4, 21, 0, 0, 0, 0, 0] -- down --> [0, 61, 21, 0, 0, 0, 0, 0])
Transition([0, 61, 21, 0, 0, 0, 0, 0] -- 0.getPos.3.4 --> [0, 111, 21, 0, 0, 0, 0, 0])
Transition([0, 111, 21, 0, 0, 0, 0, 0] -- 0.setPos.4.4 --> [0, 0, 6, 0, 0, 0, 0, 0])
Transition([0, 0, 6, 0, 0, 0, 0, 0] -- startSafeCheck --> [0, 1, 6, 0, 1, 0, 0, 0])
Transition([0, 1, 6, 0, 1, 0, 0, 0] -- 0.getPos.4.4 --> [0, 1, 6, 0, 5, 0, 0, 0])
Transition([0, 1, 6, 0, 5, 0, 0, 0] -- 1.getPos.3.3 --> [0, 1, 6, 0, 4, 0, 0, 0])
Transition([0, 1, 6, 0, 4, 0, 0, 0] -- checkSafeOk --> [0, 2, 6, 0, 0, 0, 0, 0])
Transition([0, 2, 6, 0, 0, 0, 0, 0] -- startLiveCheck --> [0, 3, 6, 1, 0, 1, 0, 0])
Transition([0, 3, 6, 1, 0, 1, 0, 0] -- 1.getPos.3.3 --> [0, 3, 6, 2, 0, 2, 0, 0])
Transition([0, 3, 6, 2, 0, 2, 0, 0] -- checkLiveDone --> [0, 4, 6, 0, 0, 0, 0, 0])
Transition([0, 4, 7, 0, 0, 0, 0, 0] -- down --> [0, 61, 7, 0, 0, 0, 0, 0])
Transition([0, 61, 7, 0, 0, 0, 0, 0] -- 0.getPos.4.3 --> [0, 100, 7, 0, 0, 0, 0, 0])
Transition([0, 100, 7, 0, 0, 0, 0, 0] -- 0.setPos.5.3 --> [0, 0, 18, 0, 0, 0, 1, 0])
Transition([0, 0, 18, 0, 0, 0, 1, 0] -- illegalPosition --> [0, 0, 18, 0, 0, 0, 1, 0])
Transition([0, 4, 7, 0, 0, 0, 0, 0] -- left --> [0, 173, 7, 0, 0, 0, 0, 0])
Transition([0, 173, 7, 0, 0, 0, 0, 0] -- 0.getPos.4.3 --> [0, 214, 7, 0, 0, 0, 0, 0])
Transition([0, 214, 7, 0, 0, 0, 0, 0] -- 0.setPos.4.2 --> [0, 0, 9, 0, 0, 0, 0, 0])
Transition([0, 4, 7, 0, 0, 0, 0, 0] -- right --> [0, 117, 7, 0, 0, 0, 0, 0])
Transition([0, 117, 7, 0, 0, 0, 0, 0] -- 0.getPos.4.3 --> [0, 156, 7, 0, 0, 0, 0, 0])
Transition([0, 156, 7, 0, 0, 0, 0, 0] -- 0.setPos.4.4 --> [0, 0, 6, 0, 0, 0, 0, 0])
Transition([0, 4, 7, 0, 0, 0, 0, 0] -- up --> [0, 5, 7, 0, 0, 0, 0, 0])
Transition([0, 5, 7, 0, 0, 0, 0, 0] -- 0.getPos.4.3 --> [0, 40, 7, 0, 0, 0, 0, 0])
Transition([0, 40, 7, 0, 0, 0, 0, 0] -- 0.setPos.3.3 --> [0, 0, 23, 0, 0, 0, 0, 0])
Transition([0, 40, 7, 0, 0, 0, 0, 0] -- 1.getPos.3.3 --> [0, 41, 7, 0, 0, 0, 0, 0])
Transition([0, 41, 7, 0, 0, 0, 0, 0] -- 1.setPos.2.3 --> [2, 42, 7, 0, 0, 0, 0, 0])
Transition([2, 42, 7, 0, 0, 0, 0, 0] -- 0.setPos.3.3 --> [2, 0, 23, 0, 0, 0, 0, 0])
Transition([2, 0, 23, 0, 0, 0, 0, 0] -- startSafeCheck --> [2, 1, 23, 0, 1, 0, 0, 0])
Transition([2, 1, 23, 0, 1, 0, 0, 0] -- 0.getPos.3.3 --> [2, 1, 23, 0, 25, 0, 0, 0])
Transition([2, 1, 23, 0, 25, 0, 0, 0] -- 1.getPos.2.3 --> [2, 1, 23, 0, 4, 0, 0, 0])
Transition([2, 1, 23, 0, 4, 0, 0, 0] -- checkSafeOk --> [2, 2, 23, 0, 0, 0, 0, 0])
Transition([2, 2, 23, 0, 0, 0, 0, 0] -- startLiveCheck --> [2, 3, 23, 1, 0, 1, 0, 0])
Transition([2, 3, 23, 1, 0, 1, 0, 0] -- 1.getPos.2.3 --> [2, 3, 23, 2, 0, 2, 0, 0])
Transition([2, 3, 23, 2, 0, 2, 0, 0] -- checkLiveDone --> [2, 4, 23, 0, 0, 0, 0, 0])
Transition([0, 4, 1, 0, 0, 0, 0, 0] -- down --> [0, 61, 1, 0, 0, 0, 0, 0])
Transition([0, 61, 1, 0, 0, 0, 0, 0] -- 0.getPos.4.1 --> [0, 99, 1, 0, 0, 0, 0, 0])
Transition([0, 99, 1, 0, 0, 0, 0, 0] -- 0.setPos.5.1 --> [0, 0, 22, 0, 0, 0, 0, 0])
Transition([0, 0, 22, 0, 0, 0, 0, 0] -- startSafeCheck --> [0, 1, 22, 0, 1, 0, 0, 0])
Transition([0, 1, 22, 0, 1, 0, 0, 0] -- 0.getPos.5.1 --> [0, 1, 22, 0, 24, 0, 0, 0])
Transition([0, 1, 22, 0, 24, 0, 0, 0] -- 1.getPos.3.3 --> [0, 1, 22, 0, 4, 0, 0, 0])
Transition([0, 1, 22, 0, 4, 0, 0, 0] -- checkSafeOk --> [0, 2, 22, 0, 0, 0, 0, 0])
Transition([0, 2, 22, 0, 0, 0, 0, 0] -- startLiveCheck --> [0, 3, 22, 1, 0, 1, 0, 0])
Transition([0, 3, 22, 1, 0, 1, 0, 0] -- 1.getPos.3.3 --> [0, 3, 22, 2, 0, 2, 0, 0])
Transition([0, 3, 22, 2, 0, 2, 0, 0] -- checkLiveDone --> [0, 4, 22, 0, 0, 0, 0, 0])
Transition([0, 4, 1, 0, 0, 0, 0, 0] -- left --> [0, 173, 1, 0, 0, 0, 0, 0])
Transition([0, 173, 1, 0, 0, 0, 0, 0] -- 0.getPos.4.1 --> [0, 213, 1, 0, 0, 0, 0, 0])
Transition([0, 4, 20, 0, 0, 0, 0, 0] -- down --> [0, 61, 20, 0, 0, 0, 0, 0])
Transition([0, 61, 20, 0, 0, 0, 0, 0] -- 0.getPos.5.2 --> [0, 86, 20, 0, 0, 0, 0, 0])
Transition([0, 4, 1, 0, 0, 0, 0, 0] -- right --> [0, 117, 1, 0, 0, 0, 0, 0])
Transition([0, 117, 1, 0, 0, 0, 0, 0] -- 0.getPos.4.1 --> [0, 153, 1, 0, 0, 0, 0, 0])
Transition([0, 153, 1, 0, 0, 0, 0, 0] -- 0.setPos.4.2 --> [0, 0, 9, 0, 0, 0, 0, 0])
Transition([0, 4, 20, 0, 0, 0, 0, 0] -- left --> [0, 173, 20, 0, 0, 0, 0, 0])
Transition([0, 173, 20, 0, 0, 0, 0, 0] -- 0.getPos.5.2 --> [0, 200, 20, 0, 0, 0, 0, 0])
Transition([0, 200, 20, 0, 0, 0, 0, 0] -- 0.setPos.5.1 --> [0, 0, 22, 0, 0, 0, 0, 0])
Transition([0, 4, 1, 0, 0, 0, 0, 0] -- up --> [0, 5, 1, 0, 0, 0, 0, 0])
Transition([0, 5, 1, 0, 0, 0, 0, 0] -- 0.getPos.4.1 --> [0, 37, 1, 0, 0, 0, 0, 0])
Transition([0, 37, 1, 0, 0, 0, 0, 0] -- 0.setPos.3.1 --> [0, 0, 14, 0, 0, 0, 1, 0])
Transition([0, 4, 20, 0, 0, 0, 0, 0] -- right --> [0, 117, 20, 0, 0, 0, 0, 0])
Transition([0, 117, 20, 0, 0, 0, 0, 0] -- 0.getPos.5.2 --> [0, 138, 20, 0, 0, 0, 0, 0])
Transition([0, 138, 20, 0, 0, 0, 0, 0] -- 0.setPos.5.3 --> [0, 0, 18, 0, 0, 0, 1, 0])
Transition([0, 4, 20, 0, 0, 0, 0, 0] -- up --> [0, 5, 20, 0, 0, 0, 0, 0])
Transition([0, 5, 20, 0, 0, 0, 0, 0] -- 0.getPos.5.2 --> [0, 22, 20, 0, 0, 0, 0, 0])
Transition([0, 22, 20, 0, 0, 0, 0, 0] -- 0.setPos.4.2 --> [0, 0, 9, 0, 0, 0, 0, 0])
Transition([0, 4, 21, 0, 0, 0, 0, 0] -- left --> [0, 173, 21, 0, 0, 0, 0, 0])
Transition([0, 173, 21, 0, 0, 0, 0, 0] -- 0.getPos.3.4 --> [0, 223, 21, 0, 0, 0, 0, 0])
Transition([0, 223, 21, 0, 0, 0, 0, 0] -- 0.setPos.3.3 --> [0, 0, 23, 0, 0, 0, 0, 0])
Transition([0, 223, 21, 0, 0, 0, 0, 0] -- 1.getPos.3.3 --> [0, 224, 21, 0, 0, 0, 0, 0])
Transition([0, 224, 21, 0, 0, 0, 0, 0] -- 1.setPos.3.2 --> [12, 225, 21, 0, 0, 0, 0, 0])
Transition([12, 225, 21, 0, 0, 0, 0, 0] -- 0.setPos.3.3 --> [12, 0, 23, 0, 0, 0, 0, 0])
Transition([12, 0, 23, 0, 0, 0, 0, 0] -- startSafeCheck --> [12, 1, 23, 0, 1, 0, 0, 0])
Transition([12, 1, 23, 0, 1, 0, 0, 0] -- 0.getPos.3.3 --> [12, 1, 23, 0, 25, 0, 0, 0])
Transition([12, 1, 23, 0, 25, 0, 0, 0] -- 1.getPos.3.2 --> [12, 1, 23, 0, 4, 0, 0, 0])
Transition([12, 1, 23, 0, 4, 0, 0, 0] -- checkSafeOk --> [12, 2, 23, 0, 0, 0, 0, 0])
Transition([12, 2, 23, 0, 0, 0, 0, 0] -- startLiveCheck --> [12, 3, 23, 1, 0, 1, 0, 0])
Transition([12, 3, 23, 1, 0, 1, 0, 0] -- 1.getPos.3.2 --> [12, 3, 23, 2, 0, 2, 0, 0])
Transition([12, 3, 23, 2, 0, 2, 0, 0] -- checkLiveDone --> [12, 4, 23, 0, 0, 0, 0, 0])
Transition([0, 4, 8, 0, 0, 0, 0, 0] -- left --> [0, 173, 8, 0, 0, 0, 0, 0])
Transition([0, 173, 8, 0, 0, 0, 0, 0] -- 0.getPos.2.5 --> [0, 178, 8, 0, 0, 0, 0, 0])
Transition([0, 178, 8, 0, 0, 0, 0, 0] -- 0.setPos.2.4 --> [0, 0, 10, 0, 0, 0, 0, 0])
Transition([0, 4, 8, 0, 0, 0, 0, 0] -- right --> [0, 117, 8, 0, 0, 0, 0, 0])
Transition([0, 117, 8, 0, 0, 0, 0, 0] -- 0.getPos.2.5 --> [0, 124, 8, 0, 0, 0, 0, 0])
Transition([0, 4, 8, 0, 0, 0, 0, 0] -- up --> [0, 5, 8, 0, 0, 0, 0, 0])
Transition([0, 5, 8, 0, 0, 0, 0, 0] -- 0.getPos.2.5 --> [0, 8, 8, 0, 0, 0, 0, 0])
Transition([0, 8, 8, 0, 0, 0, 0, 0] -- 0.setPos.1.5 --> [0, 0, 24, 0, 0, 0, 0, 0])
Transition([0, 4, 21, 0, 0, 0, 0, 0] -- right --> [0, 117, 21, 0, 0, 0, 0, 0])
Transition([0, 117, 21, 0, 0, 0, 0, 0] -- 0.getPos.3.4 --> [0, 169, 21, 0, 0, 0, 0, 0])
Transition([0, 169, 21, 0, 0, 0, 0, 0] -- 0.setPos.3.5 --> [0, 0, 19, 0, 0, 0, 0, 0])
Transition([0, 4, 21, 0, 0, 0, 0, 0] -- up --> [0, 5, 21, 0, 0, 0, 0, 0])
Transition([0, 5, 21, 0, 0, 0, 0, 0] -- 0.getPos.3.4 --> [0, 55, 21, 0, 0, 0, 0, 0])
Transition([0, 55, 21, 0, 0, 0, 0, 0] -- 0.setPos.2.4 --> [0, 0, 10, 0, 0, 0, 0, 0])
Transition([7, 4, 12, 0, 0, 0, 0, 0] -- down --> [7, 61, 12, 0, 0, 0, 0, 0])
Transition([7, 61, 12, 0, 0, 0, 0, 0] -- 0.getPos.3.2 --> [7, 105, 12, 0, 0, 0, 0, 0])
Transition([7, 105, 12, 0, 0, 0, 0, 0] -- 0.setPos.4.2 --> [7, 0, 9, 0, 0, 0, 0, 0])
Transition([7, 0, 9, 0, 0, 0, 0, 0] -- startSafeCheck --> [7, 1, 9, 0, 1, 0, 0, 0])
Transition([7, 1, 9, 0, 1, 0, 0, 0] -- 0.getPos.4.2 --> [7, 1, 9, 0, 11, 0, 0, 0])
Transition([7, 1, 9, 0, 11, 0, 0, 0] -- 1.getPos.4.3 --> [7, 1, 9, 0, 4, 0, 0, 0])
Transition([7, 1, 9, 0, 4, 0, 0, 0] -- checkSafeOk --> [7, 2, 9, 0, 0, 0, 0, 0])
Transition([7, 2, 9, 0, 0, 0, 0, 0] -- startLiveCheck --> [7, 3, 9, 1, 0, 1, 0, 0])
Transition([7, 3, 9, 1, 0, 1, 0, 0] -- 1.getPos.4.3 --> [7, 3, 9, 2, 0, 2, 0, 0])
Transition([7, 3, 9, 2, 0, 2, 0, 0] -- checkLiveDone --> [7, 4, 9, 0, 0, 0, 0, 0])
Transition([7, 4, 21, 0, 0, 0, 0, 0] -- down --> [7, 61, 21, 0, 0, 0, 0, 0])
Transition([7, 61, 21, 0, 0, 0, 0, 0] -- 0.getPos.3.4 --> [7, 111, 21, 0, 0, 0, 0, 0])
Transition([7, 111, 21, 0, 0, 0, 0, 0] -- 0.setPos.4.4 --> [7, 0, 6, 0, 0, 0, 0, 0])
Transition([7, 0, 6, 0, 0, 0, 0, 0] -- startSafeCheck --> [7, 1, 6, 0, 1, 0, 0, 0])
Transition([7, 1, 6, 0, 1, 0, 0, 0] -- 0.getPos.4.4 --> [7, 1, 6, 0, 5, 0, 0, 0])
Transition([7, 1, 6, 0, 5, 0, 0, 0] -- 1.getPos.4.3 --> [7, 1, 6, 0, 4, 0, 0, 0])
Transition([7, 1, 6, 0, 4, 0, 0, 0] -- checkSafeOk --> [7, 2, 6, 0, 0, 0, 0, 0])
Transition([7, 2, 6, 0, 0, 0, 0, 0] -- startLiveCheck --> [7, 3, 6, 1, 0, 1, 0, 0])
Transition([7, 3, 6, 1, 0, 1, 0, 0] -- 1.getPos.4.3 --> [7, 3, 6, 2, 0, 2, 0, 0])
Transition([7, 3, 6, 2, 0, 2, 0, 0] -- checkLiveDone --> [7, 4, 6, 0, 0, 0, 0, 0])
Transition([22, 4, 7, 0, 0, 0, 0, 0] -- down --> [22, 61, 7, 0, 0, 0, 0, 0])
Transition([22, 61, 7, 0, 0, 0, 0, 0] -- 0.getPos.4.3 --> [22, 100, 7, 0, 0, 0, 0, 0])
Transition([22, 100, 7, 0, 0, 0, 0, 0] -- 0.setPos.5.3 --> [22, 0, 18, 0, 0, 0, 1, 0])
Transition([22, 0, 18, 0, 0, 0, 1, 0] -- illegalPosition --> [22, 0, 18, 0, 0, 0, 1, 0])
Transition([22, 4, 7, 0, 0, 0, 0, 0] -- left --> [22, 173, 7, 0, 0, 0, 0, 0])
Transition([22, 173, 7, 0, 0, 0, 0, 0] -- 0.getPos.4.3 --> [22, 214, 7, 0, 0, 0, 0, 0])
Transition([22, 214, 7, 0, 0, 0, 0, 0] -- 0.setPos.4.2 --> [22, 0, 9, 0, 0, 0, 0, 0])
Transition([22, 0, 9, 0, 0, 0, 0, 0] -- startSafeCheck --> [22, 1, 9, 0, 1, 0, 0, 0])
Transition([22, 1, 9, 0, 1, 0, 0, 0] -- 0.getPos.4.2 --> [22, 1, 9, 0, 11, 0, 0, 0])
Transition([22, 1, 9, 0, 11, 0, 0, 0] -- 1.getPos.3.4 --> [22, 1, 9, 0, 4, 0, 0, 0])
Transition([22, 1, 9, 0, 4, 0, 0, 0] -- checkSafeOk --> [22, 2, 9, 0, 0, 0, 0, 0])
Transition([22, 2, 9, 0, 0, 0, 0, 0] -- startLiveCheck --> [22, 3, 9, 1, 0, 1, 0, 0])
Transition([22, 3, 9, 1, 0, 1, 0, 0] -- 1.getPos.3.4 --> [22, 3, 9, 2, 0, 2, 0, 0])
Transition([22, 3, 9, 2, 0, 2, 0, 0] -- checkLiveDone --> [22, 4, 9, 0, 0, 0, 0, 0])
Transition([22, 4, 7, 0, 0, 0, 0, 0] -- right --> [22, 117, 7, 0, 0, 0, 0, 0])
Transition([22, 117, 7, 0, 0, 0, 0, 0] -- 0.getPos.4.3 --> [22, 156, 7, 0, 0, 0, 0, 0])
Transition([22, 156, 7, 0, 0, 0, 0, 0] -- 0.setPos.4.4 --> [22, 0, 6, 0, 0, 0, 0, 0])
Transition([22, 0, 6, 0, 0, 0, 0, 0] -- startSafeCheck --> [22, 1, 6, 0, 1, 0, 0, 0])
Transition([22, 1, 6, 0, 1, 0, 0, 0] -- 0.getPos.4.4 --> [22, 1, 6, 0, 5, 0, 0, 0])
Transition([22, 1, 6, 0, 5, 0, 0, 0] -- 1.getPos.3.4 --> [22, 1, 6, 0, 4, 0, 0, 0])
Transition([22, 1, 6, 0, 4, 0, 0, 0] -- checkSafeOk --> [22, 2, 6, 0, 0, 0, 0, 0])
Transition([22, 2, 6, 0, 0, 0, 0, 0] -- startLiveCheck --> [22, 3, 6, 1, 0, 1, 0, 0])
Transition([22, 3, 6, 1, 0, 1, 0, 0] -- 1.getPos.3.4 --> [22, 3, 6, 2, 0, 2, 0, 0])
Transition([22, 3, 6, 2, 0, 2, 0, 0] -- checkLiveDone --> [22, 4, 6, 0, 0, 0, 0, 0])
Transition([7, 4, 21, 0, 0, 0, 0, 0] -- left --> [7, 173, 21, 0, 0, 0, 0, 0])
Transition([7, 173, 21, 0, 0, 0, 0, 0] -- 0.getPos.3.4 --> [7, 223, 21, 0, 0, 0, 0, 0])
Transition([7, 223, 21, 0, 0, 0, 0, 0] -- 0.setPos.3.3 --> [7, 0, 23, 0, 0, 0, 0, 0])
Transition([22, 4, 7, 0, 0, 0, 0, 0] -- up --> [22, 5, 7, 0, 0, 0, 0, 0])
Transition([22, 5, 7, 0, 0, 0, 0, 0] -- 0.getPos.4.3 --> [22, 40, 7, 0, 0, 0, 0, 0])
Transition([22, 40, 7, 0, 0, 0, 0, 0] -- 0.setPos.3.3 --> [22, 0, 23, 0, 0, 0, 0, 0])
Transition([7, 4, 21, 0, 0, 0, 0, 0] -- right --> [7, 117, 21, 0, 0, 0, 0, 0])
Transition([7, 117, 21, 0, 0, 0, 0, 0] -- 0.getPos.3.4 --> [7, 169, 21, 0, 0, 0, 0, 0])
Transition([7, 169, 21, 0, 0, 0, 0, 0] -- 0.setPos.3.5 --> [7, 0, 19, 0, 0, 0, 0, 0])
Transition([7, 0, 19, 0, 0, 0, 0, 0] -- startSafeCheck --> [7, 1, 19, 0, 1, 0, 0, 0])
Transition([7, 1, 19, 0, 1, 0, 0, 0] -- 0.getPos.3.5 --> [7, 1, 19, 0, 16, 0, 0, 0])
Transition([7, 1, 19, 0, 16, 0, 0, 0] -- 1.getPos.4.3 --> [7, 1, 19, 0, 4, 0, 0, 0])
Transition([7, 1, 19, 0, 4, 0, 0, 0] -- checkSafeOk --> [7, 2, 19, 0, 0, 0, 0, 0])
Transition([7, 2, 19, 0, 0, 0, 0, 0] -- startLiveCheck --> [7, 3, 19, 1, 0, 1, 0, 0])
Transition([7, 3, 19, 1, 0, 1, 0, 0] -- 1.getPos.4.3 --> [7, 3, 19, 2, 0, 2, 0, 0])
Transition([7, 3, 19, 2, 0, 2, 0, 0] -- checkLiveDone --> [7, 4, 19, 0, 0, 0, 0, 0])
Transition([22, 4, 12, 0, 0, 0, 0, 0] -- down --> [22, 61, 12, 0, 0, 0, 0, 0])
Transition([22, 61, 12, 0, 0, 0, 0, 0] -- 0.getPos.3.2 --> [22, 105, 12, 0, 0, 0, 0, 0])
Transition([22, 105, 12, 0, 0, 0, 0, 0] -- 0.setPos.4.2 --> [22, 0, 9, 0, 0, 0, 0, 0])
Transition([7, 4, 21, 0, 0, 0, 0, 0] -- up --> [7, 5, 21, 0, 0, 0, 0, 0])
Transition([7, 5, 21, 0, 0, 0, 0, 0] -- 0.getPos.3.4 --> [7, 55, 21, 0, 0, 0, 0, 0])
Transition([7, 55, 21, 0, 0, 0, 0, 0] -- 0.setPos.2.4 --> [7, 0, 10, 0, 0, 0, 0, 0])
Transition([7, 0, 10, 0, 0, 0, 0, 0] -- startSafeCheck --> [7, 1, 10, 0, 1, 0, 0, 0])
Transition([7, 1, 10, 0, 1, 0, 0, 0] -- 0.getPos.2.4 --> [7, 1, 10, 0, 12, 0, 0, 0])
Transition([7, 1, 10, 0, 12, 0, 0, 0] -- 1.getPos.4.3 --> [7, 1, 10, 0, 4, 0, 0, 0])
Transition([7, 1, 10, 0, 4, 0, 0, 0] -- checkSafeOk --> [7, 2, 10, 0, 0, 0, 0, 0])
Transition([7, 2, 10, 0, 0, 0, 0, 0] -- startLiveCheck --> [7, 3, 10, 1, 0, 1, 0, 0])
Transition([7, 3, 10, 1, 0, 1, 0, 0] -- 1.getPos.4.3 --> [7, 3, 10, 2, 0, 2, 0, 0])
Transition([7, 3, 10, 2, 0, 2, 0, 0] -- checkLiveDone --> [7, 4, 10, 0, 0, 0, 0, 0])
Transition([22, 4, 12, 0, 0, 0, 0, 0] -- left --> [22, 173, 12, 0, 0, 0, 0, 0])
Transition([22, 173, 12, 0, 0, 0, 0, 0] -- 0.getPos.3.2 --> [22, 221, 12, 0, 0, 0, 0, 0])
Transition([22, 221, 12, 0, 0, 0, 0, 0] -- 0.setPos.3.1 --> [22, 0, 14, 0, 0, 0, 1, 0])
Transition([22, 0, 14, 0, 0, 0, 1, 0] -- illegalPosition --> [22, 0, 14, 0, 0, 0, 1, 0])
Transition([7, 4, 2, 0, 0, 0, 0, 0] -- down --> [7, 61, 2, 0, 0, 0, 0, 0])
Transition([7, 61, 2, 0, 0, 0, 0, 0] -- 0.getPos.2.3 --> [7, 62, 2, 0, 0, 0, 0, 0])
Transition([7, 62, 2, 0, 0, 0, 0, 0] -- 0.setPos.3.3 --> [7, 0, 23, 0, 0, 0, 0, 0])
Transition([22, 4, 12, 0, 0, 0, 0, 0] -- right --> [22, 117, 12, 0, 0, 0, 0, 0])
Transition([22, 117, 12, 0, 0, 0, 0, 0] -- 0.getPos.3.2 --> [22, 163, 12, 0, 0, 0, 0, 0])
Transition([22, 163, 12, 0, 0, 0, 0, 0] -- 0.setPos.3.3 --> [22, 0, 23, 0, 0, 0, 0, 0])
Transition([7, 4, 2, 0, 0, 0, 0, 0] -- left --> [7, 173, 2, 0, 0, 0, 0, 0])
Transition([7, 173, 2, 0, 0, 0, 0, 0] -- 0.getPos.2.3 --> [7, 174, 2, 0, 0, 0, 0, 0])
Transition([7, 174, 2, 0, 0, 0, 0, 0] -- 0.setPos.2.2 --> [7, 0, 3, 0, 0, 0, 0, 0])
Transition([7, 0, 3, 0, 0, 0, 0, 0] -- startSafeCheck --> [7, 1, 3, 0, 1, 0, 0, 0])
Transition([7, 1, 3, 0, 1, 0, 0, 0] -- 0.getPos.2.2 --> [7, 1, 3, 0, 8, 0, 0, 0])
Transition([7, 1, 3, 0, 8, 0, 0, 0] -- 1.getPos.4.3 --> [7, 1, 3, 0, 4, 0, 0, 0])
Transition([7, 1, 3, 0, 4, 0, 0, 0] -- checkSafeOk --> [7, 2, 3, 0, 0, 0, 0, 0])
Transition([7, 2, 3, 0, 0, 0, 0, 0] -- startLiveCheck --> [7, 3, 3, 1, 0, 1, 0, 0])
Transition([7, 3, 3, 1, 0, 1, 0, 0] -- 1.getPos.4.3 --> [7, 3, 3, 2, 0, 2, 0, 0])
Transition([7, 3, 3, 2, 0, 2, 0, 0] -- checkLiveDone --> [7, 4, 3, 0, 0, 0, 0, 0])
Transition([22, 4, 12, 0, 0, 0, 0, 0] -- up --> [22, 5, 12, 0, 0, 0, 0, 0])
Transition([22, 5, 12, 0, 0, 0, 0, 0] -- 0.getPos.3.2 --> [22, 49, 12, 0, 0, 0, 0, 0])
Transition([22, 49, 12, 0, 0, 0, 0, 0] -- 0.setPos.2.2 --> [22, 0, 3, 0, 0, 0, 0, 0])
Transition([22, 0, 3, 0, 0, 0, 0, 0] -- startSafeCheck --> [22, 1, 3, 0, 1, 0, 0, 0])
Transition([22, 1, 3, 0, 1, 0, 0, 0] -- 0.getPos.2.2 --> [22, 1, 3, 0, 8, 0, 0, 0])
Transition([22, 1, 3, 0, 8, 0, 0, 0] -- 1.getPos.3.4 --> [22, 1, 3, 0, 4, 0, 0, 0])
Transition([22, 1, 3, 0, 4, 0, 0, 0] -- checkSafeOk --> [22, 2, 3, 0, 0, 0, 0, 0])
Transition([22, 2, 3, 0, 0, 0, 0, 0] -- startLiveCheck --> [22, 3, 3, 1, 0, 1, 0, 0])
Transition([22, 3, 3, 1, 0, 1, 0, 0] -- 1.getPos.3.4 --> [22, 3, 3, 2, 0, 2, 0, 0])
Transition([22, 3, 3, 2, 0, 2, 0, 0] -- checkLiveDone --> [22, 4, 3, 0, 0, 0, 0, 0])
Transition([7, 4, 2, 0, 0, 0, 0, 0] -- right --> [7, 117, 2, 0, 0, 0, 0, 0])
Transition([7, 117, 2, 0, 0, 0, 0, 0] -- 0.getPos.2.3 --> [7, 118, 2, 0, 0, 0, 0, 0])
Transition([7, 118, 2, 0, 0, 0, 0, 0] -- 0.setPos.2.4 --> [7, 0, 10, 0, 0, 0, 0, 0])
Transition([7, 4, 12, 0, 0, 0, 0, 0] -- left --> [7, 173, 12, 0, 0, 0, 0, 0])
Transition([7, 173, 12, 0, 0, 0, 0, 0] -- 0.getPos.3.2 --> [7, 221, 12, 0, 0, 0, 0, 0])
Transition([7, 221, 12, 0, 0, 0, 0, 0] -- 0.setPos.3.1 --> [7, 0, 14, 0, 0, 0, 1, 0])
Transition([7, 0, 14, 0, 0, 0, 1, 0] -- illegalPosition --> [7, 0, 14, 0, 0, 0, 1, 0])
Transition([7, 4, 2, 0, 0, 0, 0, 0] -- up --> [7, 5, 2, 0, 0, 0, 0, 0])
Transition([7, 5, 2, 0, 0, 0, 0, 0] -- 0.getPos.2.3 --> [7, 6, 2, 0, 0, 0, 0, 0])
Transition([7, 6, 2, 0, 0, 0, 0, 0] -- 0.setPos.1.3 --> [7, 0, 15, 0, 0, 0, 0, 0])
Transition([7, 0, 15, 0, 0, 0, 0, 0] -- startSafeCheck --> [7, 1, 15, 0, 1, 0, 0, 0])
Transition([7, 1, 15, 0, 1, 0, 0, 0] -- 0.getPos.1.3 --> [7, 1, 15, 0, 21, 0, 0, 0])
Transition([7, 1, 15, 0, 21, 0, 0, 0] -- 1.getPos.4.3 --> [7, 1, 15, 0, 4, 0, 0, 0])
Transition([7, 1, 15, 0, 4, 0, 0, 0] -- checkSafeOk --> [7, 2, 15, 0, 0, 0, 0, 0])
Transition([7, 2, 15, 0, 0, 0, 0, 0] -- startLiveCheck --> [7, 3, 15, 1, 0, 1, 0, 0])
Transition([7, 3, 15, 1, 0, 1, 0, 0] -- 1.getPos.4.3 --> [7, 3, 15, 2, 0, 2, 0, 0])
Transition([7, 3, 15, 2, 0, 2, 0, 0] -- checkLiveDone --> [7, 4, 15, 0, 0, 0, 0, 0])
Transition([7, 4, 12, 0, 0, 0, 0, 0] -- right --> [7, 117, 12, 0, 0, 0, 0, 0])
Transition([7, 117, 12, 0, 0, 0, 0, 0] -- 0.getPos.3.2 --> [7, 163, 12, 0, 0, 0, 0, 0])
Transition([7, 163, 12, 0, 0, 0, 0, 0] -- 0.setPos.3.3 --> [7, 0, 23, 0, 0, 0, 0, 0])
Transition([22, 4, 2, 0, 0, 0, 0, 0] -- down --> [22, 61, 2, 0, 0, 0, 0, 0])
Transition([22, 61, 2, 0, 0, 0, 0, 0] -- 0.getPos.2.3 --> [22, 62, 2, 0, 0, 0, 0, 0])
Transition([22, 62, 2, 0, 0, 0, 0, 0] -- 0.setPos.3.3 --> [22, 0, 23, 0, 0, 0, 0, 0])
Transition([7, 4, 12, 0, 0, 0, 0, 0] -- up --> [7, 5, 12, 0, 0, 0, 0, 0])
Transition([7, 5, 12, 0, 0, 0, 0, 0] -- 0.getPos.3.2 --> [7, 49, 12, 0, 0, 0, 0, 0])
Transition([7, 49, 12, 0, 0, 0, 0, 0] -- 0.setPos.2.2 --> [7, 0, 3, 0, 0, 0, 0, 0])
Transition([22, 4, 2, 0, 0, 0, 0, 0] -- left --> [22, 173, 2, 0, 0, 0, 0, 0])
Transition([22, 173, 2, 0, 0, 0, 0, 0] -- 0.getPos.2.3 --> [22, 174, 2, 0, 0, 0, 0, 0])
Transition([22, 174, 2, 0, 0, 0, 0, 0] -- 0.setPos.2.2 --> [22, 0, 3, 0, 0, 0, 0, 0])
Transition([22, 4, 2, 0, 0, 0, 0, 0] -- right --> [22, 117, 2, 0, 0, 0, 0, 0])
Transition([22, 117, 2, 0, 0, 0, 0, 0] -- 0.getPos.2.3 --> [22, 118, 2, 0, 0, 0, 0, 0])
Transition([22, 118, 2, 0, 0, 0, 0, 0] -- 0.setPos.2.4 --> [22, 0, 10, 0, 0, 0, 0, 0])
Transition([22, 0, 10, 0, 0, 0, 0, 0] -- startSafeCheck --> [22, 1, 10, 0, 1, 0, 0, 0])
Transition([22, 1, 10, 0, 1, 0, 0, 0] -- 0.getPos.2.4 --> [22, 1, 10, 0, 12, 0, 0, 0])
Transition([22, 1, 10, 0, 12, 0, 0, 0] -- 1.getPos.3.4 --> [22, 1, 10, 0, 4, 0, 0, 0])
Transition([22, 1, 10, 0, 4, 0, 0, 0] -- checkSafeOk --> [22, 2, 10, 0, 0, 0, 0, 0])
Transition([22, 2, 10, 0, 0, 0, 0, 0] -- startLiveCheck --> [22, 3, 10, 1, 0, 1, 0, 0])
Transition([22, 3, 10, 1, 0, 1, 0, 0] -- 1.getPos.3.4 --> [22, 3, 10, 2, 0, 2, 0, 0])
Transition([22, 3, 10, 2, 0, 2, 0, 0] -- checkLiveDone --> [22, 4, 10, 0, 0, 0, 0, 0])
Transition([22, 4, 2, 0, 0, 0, 0, 0] -- up --> [22, 5, 2, 0, 0, 0, 0, 0])
Transition([22, 5, 2, 0, 0, 0, 0, 0] -- 0.getPos.2.3 --> [22, 6, 2, 0, 0, 0, 0, 0])
Transition([22, 6, 2, 0, 0, 0, 0, 0] -- 0.setPos.1.3 --> [22, 0, 15, 0, 0, 0, 0, 0])
Transition([22, 0, 15, 0, 0, 0, 0, 0] -- startSafeCheck --> [22, 1, 15, 0, 1, 0, 0, 0])
Transition([22, 1, 15, 0, 1, 0, 0, 0] -- 0.getPos.1.3 --> [22, 1, 15, 0, 21, 0, 0, 0])
Transition([22, 1, 15, 0, 21, 0, 0, 0] -- 1.getPos.3.4 --> [22, 1, 15, 0, 4, 0, 0, 0])
Transition([22, 1, 15, 0, 4, 0, 0, 0] -- checkSafeOk --> [22, 2, 15, 0, 0, 0, 0, 0])
Transition([22, 2, 15, 0, 0, 0, 0, 0] -- startLiveCheck --> [22, 3, 15, 1, 0, 1, 0, 0])
Transition([22, 3, 15, 1, 0, 1, 0, 0] -- 1.getPos.3.4 --> [22, 3, 15, 2, 0, 2, 0, 0])
Transition([22, 3, 15, 2, 0, 2, 0, 0] -- checkLiveDone --> [22, 4, 15, 0, 0, 0, 0, 0])
Transition([20, 4, 21, 0, 0, 0, 0, 0] -- down --> [20, 61, 21, 0, 0, 0, 0, 0])
Transition([20, 61, 21, 0, 0, 0, 0, 0] -- 0.getPos.3.4 --> [20, 111, 21, 0, 0, 0, 0, 0])
Transition([20, 111, 21, 0, 0, 0, 0, 0] -- 0.setPos.4.4 --> [20, 0, 6, 0, 0, 0, 0, 0])
Transition([20, 0, 6, 0, 0, 0, 0, 0] -- startSafeCheck --> [20, 1, 6, 0, 1, 0, 0, 0])
Transition([20, 1, 6, 0, 1, 0, 0, 0] -- 0.getPos.4.4 --> [20, 1, 6, 0, 5, 0, 0, 0])
Transition([20, 1, 6, 0, 5, 0, 0, 0] -- 1.getPos.3.5 --> [20, 1, 6, 0, 4, 0, 0, 0])
Transition([20, 1, 6, 0, 4, 0, 0, 0] -- checkSafeOk --> [20, 2, 6, 0, 0, 0, 0, 0])
Transition([20, 2, 6, 0, 0, 0, 0, 0] -- startLiveCheck --> [20, 3, 6, 1, 0, 1, 0, 0])
Transition([20, 3, 6, 1, 0, 1, 0, 0] -- 1.getPos.3.5 --> [20, 3, 6, 2, 0, 2, 0, 0])
Transition([20, 3, 6, 2, 0, 2, 0, 0] -- checkLiveDone --> [20, 4, 6, 0, 0, 0, 0, 0])
Transition([20, 4, 21, 0, 0, 0, 0, 0] -- left --> [20, 173, 21, 0, 0, 0, 0, 0])
Transition([20, 173, 21, 0, 0, 0, 0, 0] -- 0.getPos.3.4 --> [20, 223, 21, 0, 0, 0, 0, 0])
Transition([20, 223, 21, 0, 0, 0, 0, 0] -- 0.setPos.3.3 --> [20, 0, 23, 0, 0, 0, 0, 0])
Transition([20, 0, 23, 0, 0, 0, 0, 0] -- startSafeCheck --> [20, 1, 23, 0, 1, 0, 0, 0])
Transition([20, 1, 23, 0, 1, 0, 0, 0] -- 0.getPos.3.3 --> [20, 1, 23, 0, 25, 0, 0, 0])
Transition([20, 1, 23, 0, 25, 0, 0, 0] -- 1.getPos.3.5 --> [20, 1, 23, 0, 4, 0, 0, 0])
Transition([20, 1, 23, 0, 4, 0, 0, 0] -- checkSafeOk --> [20, 2, 23, 0, 0, 0, 0, 0])
Transition([20, 2, 23, 0, 0, 0, 0, 0] -- startLiveCheck --> [20, 3, 23, 1, 0, 1, 0, 0])
Transition([20, 3, 23, 1, 0, 1, 0, 0] -- 1.getPos.3.5 --> [20, 3, 23, 2, 0, 2, 0, 0])
Transition([20, 3, 23, 2, 0, 2, 0, 0] -- checkLiveDone --> [20, 4, 23, 0, 0, 0, 0, 0])
Transition([20, 4, 21, 0, 0, 0, 0, 0] -- right --> [20, 117, 21, 0, 0, 0, 0, 0])
Transition([20, 117, 21, 0, 0, 0, 0, 0] -- 0.getPos.3.4 --> [20, 169, 21, 0, 0, 0, 0, 0])
Transition([20, 169, 21, 0, 0, 0, 0, 0] -- 0.setPos.3.5 --> [20, 0, 19, 0, 0, 0, 0, 0])
Transition([20, 0, 19, 0, 0, 0, 0, 0] -- startSafeCheck --> [20, 1, 19, 0, 1, 0, 0, 0])
Transition([20, 1, 19, 0, 1, 0, 0, 0] -- 0.getPos.3.5 --> [20, 1, 19, 0, 16, 0, 0, 0])
Transition([20, 1, 19, 0, 16, 0, 0, 0] -- 1.getPos.3.5 --> [20, 1, 19, 0, 3, 0, 0, 0])
Transition([20, 4, 21, 0, 0, 0, 0, 0] -- up --> [20, 5, 21, 0, 0, 0, 0, 0])
Transition([20, 5, 21, 0, 0, 0, 0, 0] -- 0.getPos.3.4 --> [20, 55, 21, 0, 0, 0, 0, 0])
Transition([20, 55, 21, 0, 0, 0, 0, 0] -- 0.setPos.2.4 --> [20, 0, 10, 0, 0, 0, 0, 0])
Transition([20, 0, 10, 0, 0, 0, 0, 0] -- startSafeCheck --> [20, 1, 10, 0, 1, 0, 0, 0])
Transition([20, 1, 10, 0, 1, 0, 0, 0] -- 0.getPos.2.4 --> [20, 1, 10, 0, 12, 0, 0, 0])
Transition([20, 1, 10, 0, 12, 0, 0, 0] -- 1.getPos.3.5 --> [20, 1, 10, 0, 4, 0, 0, 0])
Transition([20, 1, 10, 0, 4, 0, 0, 0] -- checkSafeOk --> [20, 2, 10, 0, 0, 0, 0, 0])
Transition([20, 2, 10, 0, 0, 0, 0, 0] -- startLiveCheck --> [20, 3, 10, 1, 0, 1, 0, 0])
Transition([20, 3, 10, 1, 0, 1, 0, 0] -- 1.getPos.3.5 --> [20, 3, 10, 2, 0, 2, 0, 0])
Transition([20, 3, 10, 2, 0, 2, 0, 0] -- checkLiveDone --> [20, 4, 10, 0, 0, 0, 0, 0])
Transition([0, 4, 19, 0, 0, 0, 0, 0] -- down --> [0, 61, 19, 0, 0, 0, 0, 0])
Transition([0, 61, 19, 0, 0, 0, 0, 0] -- 0.getPos.3.5 --> [0, 102, 19, 0, 0, 0, 0, 0])
Transition([0, 102, 19, 0, 0, 0, 0, 0] -- 0.setPos.4.5 --> [0, 0, 5, 0, 0, 0, 0, 0])
Transition([0, 0, 5, 0, 0, 0, 0, 0] -- startSafeCheck --> [0, 1, 5, 0, 1, 0, 0, 0])
Transition([0, 1, 5, 0, 1, 0, 0, 0] -- 0.getPos.4.5 --> [0, 1, 5, 0, 2, 0, 0, 0])
Transition([0, 1, 5, 0, 2, 0, 0, 0] -- 1.getPos.3.3 --> [0, 1, 5, 0, 4, 0, 0, 0])
Transition([0, 1, 5, 0, 4, 0, 0, 0] -- checkSafeOk --> [0, 2, 5, 0, 0, 0, 0, 0])
Transition([0, 2, 5, 0, 0, 0, 0, 0] -- startLiveCheck --> [0, 3, 5, 1, 0, 1, 0, 0])
Transition([0, 3, 5, 1, 0, 1, 0, 0] -- 1.getPos.3.3 --> [0, 3, 5, 2, 0, 2, 0, 0])
Transition([0, 3, 5, 2, 0, 2, 0, 0] -- checkLiveDone --> [0, 4, 5, 0, 0, 0, 0, 0])
Transition([0, 4, 22, 0, 0, 0, 0, 0] -- down --> [0, 61, 22, 0, 0, 0, 0, 0])
Transition([0, 61, 22, 0, 0, 0, 0, 0] -- 0.getPos.5.1 --> [0, 87, 22, 0, 0, 0, 0, 0])
Transition([0, 4, 19, 0, 0, 0, 0, 0] -- left --> [0, 173, 19, 0, 0, 0, 0, 0])
Transition([0, 173, 19, 0, 0, 0, 0, 0] -- 0.getPos.3.5 --> [0, 218, 19, 0, 0, 0, 0, 0])
Transition([0, 218, 19, 0, 0, 0, 0, 0] -- 0.setPos.3.4 --> [0, 0, 21, 0, 0, 0, 0, 0])
Transition([0, 4, 22, 0, 0, 0, 0, 0] -- left --> [0, 173, 22, 0, 0, 0, 0, 0])
Transition([0, 173, 22, 0, 0, 0, 0, 0] -- 0.getPos.5.1 --> [0, 201, 22, 0, 0, 0, 0, 0])
Transition([0, 4, 19, 0, 0, 0, 0, 0] -- right --> [0, 117, 19, 0, 0, 0, 0, 0])
Transition([0, 117, 19, 0, 0, 0, 0, 0] -- 0.getPos.3.5 --> [0, 162, 19, 0, 0, 0, 0, 0])
Transition([0, 4, 22, 0, 0, 0, 0, 0] -- right --> [0, 117, 22, 0, 0, 0, 0, 0])
Transition([0, 117, 22, 0, 0, 0, 0, 0] -- 0.getPos.5.1 --> [0, 141, 22, 0, 0, 0, 0, 0])
Transition([0, 141, 22, 0, 0, 0, 0, 0] -- 0.setPos.5.2 --> [0, 0, 20, 0, 0, 0, 0, 0])
Transition([0, 4, 19, 0, 0, 0, 0, 0] -- up --> [0, 5, 19, 0, 0, 0, 0, 0])
Transition([0, 5, 19, 0, 0, 0, 0, 0] -- 0.getPos.3.5 --> [0, 46, 19, 0, 0, 0, 0, 0])
Transition([0, 46, 19, 0, 0, 0, 0, 0] -- 0.setPos.2.5 --> [0, 0, 8, 0, 0, 0, 0, 0])
Transition([0, 4, 22, 0, 0, 0, 0, 0] -- up --> [0, 5, 22, 0, 0, 0, 0, 0])
Transition([0, 5, 22, 0, 0, 0, 0, 0] -- 0.getPos.5.1 --> [0, 25, 22, 0, 0, 0, 0, 0])
Transition([0, 25, 22, 0, 0, 0, 0, 0] -- 0.setPos.4.1 --> [0, 0, 1, 0, 0, 0, 0, 0])
Transition([0, 4, 6, 0, 0, 0, 0, 0] -- down --> [0, 61, 6, 0, 0, 0, 0, 0])
Transition([0, 61, 6, 0, 0, 0, 0, 0] -- 0.getPos.4.4 --> [0, 98, 6, 0, 0, 0, 0, 0])
Transition([0, 98, 6, 0, 0, 0, 0, 0] -- 0.setPos.5.4 --> [0, 0, 17, 0, 0, 0, 0, 0])
Transition([0, 0, 17, 0, 0, 0, 0, 0] -- startSafeCheck --> [0, 1, 17, 0, 1, 0, 0, 0])
Transition([0, 1, 17, 0, 1, 0, 0, 0] -- 0.getPos.5.4 --> [0, 1, 17, 0, 14, 0, 0, 0])
Transition([0, 1, 17, 0, 14, 0, 0, 0] -- 1.getPos.3.3 --> [0, 1, 17, 0, 4, 0, 0, 0])
Transition([0, 1, 17, 0, 4, 0, 0, 0] -- checkSafeOk --> [0, 2, 17, 0, 0, 0, 0, 0])
Transition([0, 2, 17, 0, 0, 0, 0, 0] -- startLiveCheck --> [0, 3, 17, 1, 0, 1, 0, 0])
Transition([0, 3, 17, 1, 0, 1, 0, 0] -- 1.getPos.3.3 --> [0, 3, 17, 2, 0, 2, 0, 0])
Transition([0, 3, 17, 2, 0, 2, 0, 0] -- checkLiveDone --> [0, 4, 17, 0, 0, 0, 0, 0])
Transition([0, 4, 6, 0, 0, 0, 0, 0] -- left --> [0, 173, 6, 0, 0, 0, 0, 0])
Transition([0, 173, 6, 0, 0, 0, 0, 0] -- 0.getPos.4.4 --> [0, 210, 6, 0, 0, 0, 0, 0])
Transition([0, 210, 6, 0, 0, 0, 0, 0] -- 0.setPos.4.3 --> [0, 0, 7, 0, 0, 0, 0, 0])
Transition([0, 4, 6, 0, 0, 0, 0, 0] -- right --> [0, 117, 6, 0, 0, 0, 0, 0])
Transition([0, 117, 6, 0, 0, 0, 0, 0] -- 0.getPos.4.4 --> [0, 152, 6, 0, 0, 0, 0, 0])
Transition([0, 152, 6, 0, 0, 0, 0, 0] -- 0.setPos.4.5 --> [0, 0, 5, 0, 0, 0, 0, 0])
Transition([0, 4, 6, 0, 0, 0, 0, 0] -- up --> [0, 5, 6, 0, 0, 0, 0, 0])
Transition([0, 5, 6, 0, 0, 0, 0, 0] -- 0.getPos.4.4 --> [0, 34, 6, 0, 0, 0, 0, 0])
Transition([0, 34, 6, 0, 0, 0, 0, 0] -- 0.setPos.3.4 --> [0, 0, 21, 0, 0, 0, 0, 0])
Transition([7, 4, 19, 0, 0, 0, 0, 0] -- down --> [7, 61, 19, 0, 0, 0, 0, 0])
Transition([7, 61, 19, 0, 0, 0, 0, 0] -- 0.getPos.3.5 --> [7, 102, 19, 0, 0, 0, 0, 0])
Transition([7, 102, 19, 0, 0, 0, 0, 0] -- 0.setPos.4.5 --> [7, 0, 5, 0, 0, 0, 0, 0])
Transition([7, 0, 5, 0, 0, 0, 0, 0] -- startSafeCheck --> [7, 1, 5, 0, 1, 0, 0, 0])
Transition([7, 1, 5, 0, 1, 0, 0, 0] -- 0.getPos.4.5 --> [7, 1, 5, 0, 2, 0, 0, 0])
Transition([7, 1, 5, 0, 2, 0, 0, 0] -- 1.getPos.4.3 --> [7, 1, 5, 0, 4, 0, 0, 0])
Transition([7, 1, 5, 0, 4, 0, 0, 0] -- checkSafeOk --> [7, 2, 5, 0, 0, 0, 0, 0])
Transition([7, 2, 5, 0, 0, 0, 0, 0] -- startLiveCheck --> [7, 3, 5, 1, 0, 1, 0, 0])
Transition([7, 3, 5, 1, 0, 1, 0, 0] -- 1.getPos.4.3 --> [7, 3, 5, 2, 0, 2, 0, 0])
Transition([7, 3, 5, 2, 0, 2, 0, 0] -- checkLiveDone --> [7, 4, 5, 0, 0, 0, 0, 0])
Transition([7, 4, 19, 0, 0, 0, 0, 0] -- left --> [7, 173, 19, 0, 0, 0, 0, 0])
Transition([7, 173, 19, 0, 0, 0, 0, 0] -- 0.getPos.3.5 --> [7, 218, 19, 0, 0, 0, 0, 0])
Transition([7, 218, 19, 0, 0, 0, 0, 0] -- 0.setPos.3.4 --> [7, 0, 21, 0, 0, 0, 0, 0])
Transition([22, 4, 15, 0, 0, 0, 0, 0] -- down --> [22, 61, 15, 0, 0, 0, 0, 0])
Transition([22, 61, 15, 0, 0, 0, 0, 0] -- 0.getPos.1.3 --> [22, 83, 15, 0, 0, 0, 0, 0])
Transition([22, 83, 15, 0, 0, 0, 0, 0] -- 0.setPos.2.3 --> [22, 0, 2, 0, 0, 0, 0, 0])
Transition([22, 4, 6, 0, 0, 0, 0, 0] -- down --> [22, 61, 6, 0, 0, 0, 0, 0])
Transition([22, 61, 6, 0, 0, 0, 0, 0] -- 0.getPos.4.4 --> [22, 98, 6, 0, 0, 0, 0, 0])
Transition([22, 98, 6, 0, 0, 0, 0, 0] -- 0.setPos.5.4 --> [22, 0, 17, 0, 0, 0, 0, 0])
Transition([22, 0, 17, 0, 0, 0, 0, 0] -- startSafeCheck --> [22, 1, 17, 0, 1, 0, 0, 0])
Transition([22, 1, 17, 0, 1, 0, 0, 0] -- 0.getPos.5.4 --> [22, 1, 17, 0, 14, 0, 0, 0])
Transition([22, 1, 17, 0, 14, 0, 0, 0] -- 1.getPos.3.4 --> [22, 1, 17, 0, 4, 0, 0, 0])
Transition([22, 1, 17, 0, 4, 0, 0, 0] -- checkSafeOk --> [22, 2, 17, 0, 0, 0, 0, 0])
Transition([22, 2, 17, 0, 0, 0, 0, 0] -- startLiveCheck --> [22, 3, 17, 1, 0, 1, 0, 0])
Transition([22, 3, 17, 1, 0, 1, 0, 0] -- 1.getPos.3.4 --> [22, 3, 17, 2, 0, 2, 0, 0])
Transition([22, 3, 17, 2, 0, 2, 0, 0] -- checkLiveDone --> [22, 4, 17, 0, 0, 0, 0, 0])
Transition([22, 4, 6, 0, 0, 0, 0, 0] -- left --> [22, 173, 6, 0, 0, 0, 0, 0])
Transition([22, 173, 6, 0, 0, 0, 0, 0] -- 0.getPos.4.4 --> [22, 210, 6, 0, 0, 0, 0, 0])
Transition([22, 210, 6, 0, 0, 0, 0, 0] -- 0.setPos.4.3 --> [22, 0, 7, 0, 0, 0, 0, 0])
Transition([7, 4, 9, 0, 0, 0, 0, 0] -- down --> [7, 61, 9, 0, 0, 0, 0, 0])
Transition([7, 61, 9, 0, 0, 0, 0, 0] -- 0.getPos.4.2 --> [7, 101, 9, 0, 0, 0, 0, 0])
Transition([7, 101, 9, 0, 0, 0, 0, 0] -- 0.setPos.5.2 --> [7, 0, 20, 0, 0, 0, 0, 0])
Transition([7, 0, 20, 0, 0, 0, 0, 0] -- startSafeCheck --> [7, 1, 20, 0, 1, 0, 0, 0])
Transition([7, 1, 20, 0, 1, 0, 0, 0] -- 0.getPos.5.2 --> [7, 1, 20, 0, 22, 0, 0, 0])
Transition([7, 1, 20, 0, 22, 0, 0, 0] -- 1.getPos.4.3 --> [7, 1, 20, 0, 4, 0, 0, 0])
Transition([7, 1, 20, 0, 4, 0, 0, 0] -- checkSafeOk --> [7, 2, 20, 0, 0, 0, 0, 0])
Transition([7, 2, 20, 0, 0, 0, 0, 0] -- startLiveCheck --> [7, 3, 20, 1, 0, 1, 0, 0])
Transition([7, 3, 20, 1, 0, 1, 0, 0] -- 1.getPos.4.3 --> [7, 3, 20, 2, 0, 2, 0, 0])
Transition([7, 3, 20, 2, 0, 2, 0, 0] -- checkLiveDone --> [7, 4, 20, 0, 0, 0, 0, 0])
Transition([7, 4, 9, 0, 0, 0, 0, 0] -- left --> [7, 173, 9, 0, 0, 0, 0, 0])
Transition([7, 173, 9, 0, 0, 0, 0, 0] -- 0.getPos.4.2 --> [7, 217, 9, 0, 0, 0, 0, 0])
Transition([7, 217, 9, 0, 0, 0, 0, 0] -- 0.setPos.4.1 --> [7, 0, 1, 0, 0, 0, 0, 0])
Transition([7, 0, 1, 0, 0, 0, 0, 0] -- startSafeCheck --> [7, 1, 1, 0, 1, 0, 0, 0])
Transition([7, 1, 1, 0, 1, 0, 0, 0] -- 0.getPos.4.1 --> [7, 1, 1, 0, 6, 0, 0, 0])
Transition([7, 1, 1, 0, 6, 0, 0, 0] -- 1.getPos.4.3 --> [7, 1, 1, 0, 4, 0, 0, 0])
Transition([7, 1, 1, 0, 4, 0, 0, 0] -- checkSafeOk --> [7, 2, 1, 0, 0, 0, 0, 0])
Transition([7, 2, 1, 0, 0, 0, 0, 0] -- startLiveCheck --> [7, 3, 1, 1, 0, 1, 0, 0])
Transition([7, 3, 1, 1, 0, 1, 0, 0] -- 1.getPos.4.3 --> [7, 3, 1, 2, 0, 2, 0, 0])
Transition([7, 3, 1, 2, 0, 2, 0, 0] -- checkLiveDone --> [7, 4, 1, 0, 0, 0, 0, 0])
Transition([7, 4, 9, 0, 0, 0, 0, 0] -- right --> [7, 117, 9, 0, 0, 0, 0, 0])
Transition([7, 117, 9, 0, 0, 0, 0, 0] -- 0.getPos.4.2 --> [7, 159, 9, 0, 0, 0, 0, 0])
Transition([7, 159, 9, 0, 0, 0, 0, 0] -- 0.setPos.4.3 --> [7, 0, 7, 0, 0, 0, 0, 0])
Transition([7, 159, 9, 0, 0, 0, 0, 0] -- 1.getPos.4.3 --> [7, 160, 9, 0, 0, 0, 0, 0])
Transition([7, 160, 9, 0, 0, 0, 0, 0] -- 1.setPos.4.4 --> [6, 161, 9, 0, 0, 0, 0, 0])
Transition([6, 161, 9, 0, 0, 0, 0, 0] -- 0.setPos.4.3 --> [6, 0, 7, 0, 0, 0, 0, 0])
Transition([6, 0, 7, 0, 0, 0, 0, 0] -- startSafeCheck --> [6, 1, 7, 0, 1, 0, 0, 0])
Transition([6, 1, 7, 0, 1, 0, 0, 0] -- 0.getPos.4.3 --> [6, 1, 7, 0, 9, 0, 0, 0])
Transition([6, 1, 7, 0, 9, 0, 0, 0] -- 1.getPos.4.4 --> [6, 1, 7, 0, 4, 0, 0, 0])
Transition([6, 1, 7, 0, 4, 0, 0, 0] -- checkSafeOk --> [6, 2, 7, 0, 0, 0, 0, 0])
Transition([6, 2, 7, 0, 0, 0, 0, 0] -- startLiveCheck --> [6, 3, 7, 1, 0, 1, 0, 0])
Transition([6, 3, 7, 1, 0, 1, 0, 0] -- 1.getPos.4.4 --> [6, 3, 7, 2, 0, 2, 0, 0])
Transition([6, 3, 7, 2, 0, 2, 0, 0] -- checkLiveDone --> [6, 4, 7, 0, 0, 0, 0, 0])
Transition([7, 4, 15, 0, 0, 0, 0, 0] -- down --> [7, 61, 15, 0, 0, 0, 0, 0])
Transition([7, 61, 15, 0, 0, 0, 0, 0] -- 0.getPos.1.3 --> [7, 83, 15, 0, 0, 0, 0, 0])
Transition([7, 83, 15, 0, 0, 0, 0, 0] -- 0.setPos.2.3 --> [7, 0, 2, 0, 0, 0, 0, 0])
Transition([7, 4, 9, 0, 0, 0, 0, 0] -- up --> [7, 5, 9, 0, 0, 0, 0, 0])
Transition([7, 5, 9, 0, 0, 0, 0, 0] -- 0.getPos.4.2 --> [7, 43, 9, 0, 0, 0, 0, 0])
Transition([7, 43, 9, 0, 0, 0, 0, 0] -- 0.setPos.3.2 --> [7, 0, 12, 0, 0, 0, 0, 0])
Transition([22, 4, 6, 0, 0, 0, 0, 0] -- right --> [22, 117, 6, 0, 0, 0, 0, 0])
Transition([22, 117, 6, 0, 0, 0, 0, 0] -- 0.getPos.4.4 --> [22, 152, 6, 0, 0, 0, 0, 0])
Transition([22, 152, 6, 0, 0, 0, 0, 0] -- 0.setPos.4.5 --> [22, 0, 5, 0, 0, 0, 0, 0])
Transition([22, 0, 5, 0, 0, 0, 0, 0] -- startSafeCheck --> [22, 1, 5, 0, 1, 0, 0, 0])
Transition([22, 1, 5, 0, 1, 0, 0, 0] -- 0.getPos.4.5 --> [22, 1, 5, 0, 2, 0, 0, 0])
Transition([22, 1, 5, 0, 2, 0, 0, 0] -- 1.getPos.3.4 --> [22, 1, 5, 0, 4, 0, 0, 0])
Transition([22, 1, 5, 0, 4, 0, 0, 0] -- checkSafeOk --> [22, 2, 5, 0, 0, 0, 0, 0])
Transition([22, 2, 5, 0, 0, 0, 0, 0] -- startLiveCheck --> [22, 3, 5, 1, 0, 1, 0, 0])
Transition([22, 3, 5, 1, 0, 1, 0, 0] -- 1.getPos.3.4 --> [22, 3, 5, 2, 0, 2, 0, 0])
Transition([22, 3, 5, 2, 0, 2, 0, 0] -- checkLiveDone --> [22, 4, 5, 0, 0, 0, 0, 0])
Transition([22, 4, 6, 0, 0, 0, 0, 0] -- up --> [22, 5, 6, 0, 0, 0, 0, 0])
Transition([22, 5, 6, 0, 0, 0, 0, 0] -- 0.getPos.4.4 --> [22, 34, 6, 0, 0, 0, 0, 0])
Transition([22, 34, 6, 0, 0, 0, 0, 0] -- 0.setPos.3.4 --> [22, 0, 21, 0, 0, 0, 0, 0])
Transition([22, 34, 6, 0, 0, 0, 0, 0] -- 1.getPos.3.4 --> [22, 35, 6, 0, 0, 0, 0, 0])
Transition([22, 35, 6, 0, 0, 0, 0, 0] -- 1.setPos.2.4 --> [10, 36, 6, 0, 0, 0, 0, 0])
Transition([10, 36, 6, 0, 0, 0, 0, 0] -- 0.setPos.3.4 --> [10, 0, 21, 0, 0, 0, 0, 0])
Transition([10, 0, 21, 0, 0, 0, 0, 0] -- startSafeCheck --> [10, 1, 21, 0, 1, 0, 0, 0])
Transition([10, 1, 21, 0, 1, 0, 0, 0] -- 0.getPos.3.4 --> [10, 1, 21, 0, 23, 0, 0, 0])
Transition([10, 1, 21, 0, 23, 0, 0, 0] -- 1.getPos.2.4 --> [10, 1, 21, 0, 4, 0, 0, 0])
Transition([10, 1, 21, 0, 4, 0, 0, 0] -- checkSafeOk --> [10, 2, 21, 0, 0, 0, 0, 0])
Transition([10, 2, 21, 0, 0, 0, 0, 0] -- startLiveCheck --> [10, 3, 21, 1, 0, 1, 0, 0])
Transition([10, 3, 21, 1, 0, 1, 0, 0] -- 1.getPos.2.4 --> [10, 3, 21, 2, 0, 2, 0, 0])
Transition([10, 3, 21, 2, 0, 2, 0, 0] -- checkLiveDone --> [10, 4, 21, 0, 0, 0, 0, 0])
Transition([7, 4, 3, 0, 0, 0, 0, 0] -- down --> [7, 61, 3, 0, 0, 0, 0, 0])
Transition([7, 61, 3, 0, 0, 0, 0, 0] -- 0.getPos.2.2 --> [7, 65, 3, 0, 0, 0, 0, 0])
Transition([7, 65, 3, 0, 0, 0, 0, 0] -- 0.setPos.3.2 --> [7, 0, 12, 0, 0, 0, 0, 0])
Transition([7, 4, 6, 0, 0, 0, 0, 0] -- down --> [7, 61, 6, 0, 0, 0, 0, 0])
Transition([7, 61, 6, 0, 0, 0, 0, 0] -- 0.getPos.4.4 --> [7, 98, 6, 0, 0, 0, 0, 0])
Transition([7, 98, 6, 0, 0, 0, 0, 0] -- 0.setPos.5.4 --> [7, 0, 17, 0, 0, 0, 0, 0])
Transition([7, 0, 17, 0, 0, 0, 0, 0] -- startSafeCheck --> [7, 1, 17, 0, 1, 0, 0, 0])
Transition([7, 1, 17, 0, 1, 0, 0, 0] -- 0.getPos.5.4 --> [7, 1, 17, 0, 14, 0, 0, 0])
Transition([7, 1, 17, 0, 14, 0, 0, 0] -- 1.getPos.4.3 --> [7, 1, 17, 0, 4, 0, 0, 0])
Transition([7, 1, 17, 0, 4, 0, 0, 0] -- checkSafeOk --> [7, 2, 17, 0, 0, 0, 0, 0])
Transition([7, 2, 17, 0, 0, 0, 0, 0] -- startLiveCheck --> [7, 3, 17, 1, 0, 1, 0, 0])
Transition([7, 3, 17, 1, 0, 1, 0, 0] -- 1.getPos.4.3 --> [7, 3, 17, 2, 0, 2, 0, 0])
Transition([7, 3, 17, 2, 0, 2, 0, 0] -- checkLiveDone --> [7, 4, 17, 0, 0, 0, 0, 0])
Transition([7, 4, 6, 0, 0, 0, 0, 0] -- left --> [7, 173, 6, 0, 0, 0, 0, 0])
Transition([7, 173, 6, 0, 0, 0, 0, 0] -- 0.getPos.4.4 --> [7, 210, 6, 0, 0, 0, 0, 0])
Transition([7, 210, 6, 0, 0, 0, 0, 0] -- 0.setPos.4.3 --> [7, 0, 7, 0, 0, 0, 0, 0])
Transition([7, 210, 6, 0, 0, 0, 0, 0] -- 1.getPos.4.3 --> [7, 211, 6, 0, 0, 0, 0, 0])
Transition([7, 211, 6, 0, 0, 0, 0, 0] -- 1.setPos.4.2 --> [9, 212, 6, 0, 0, 0, 0, 0])
Transition([9, 212, 6, 0, 0, 0, 0, 0] -- 0.setPos.4.3 --> [9, 0, 7, 0, 0, 0, 0, 0])
Transition([9, 0, 7, 0, 0, 0, 0, 0] -- startSafeCheck --> [9, 1, 7, 0, 1, 0, 0, 0])
Transition([9, 1, 7, 0, 1, 0, 0, 0] -- 0.getPos.4.3 --> [9, 1, 7, 0, 9, 0, 0, 0])
Transition([9, 1, 7, 0, 9, 0, 0, 0] -- 1.getPos.4.2 --> [9, 1, 7, 0, 4, 0, 0, 0])
Transition([9, 1, 7, 0, 4, 0, 0, 0] -- checkSafeOk --> [9, 2, 7, 0, 0, 0, 0, 0])
Transition([9, 2, 7, 0, 0, 0, 0, 0] -- startLiveCheck --> [9, 3, 7, 1, 0, 1, 0, 0])
Transition([9, 3, 7, 1, 0, 1, 0, 0] -- 1.getPos.4.2 --> [9, 3, 7, 3, 0, 3, 0, 0])
Transition([9, 3, 7, 3, 0, 3, 0, 0] -- win --> [9, 3, 7, 3, 0, 3, 0, 1])
Transition([9, 3, 7, 3, 0, 3, 0, 1] -- win --> [9, 3, 7, 3, 0, 3, 0, 1])
