Transition([0, 0, 0, 0, 0, 0, 0, 0] -- startSafeCheck --> [0, 1, 0, 0, 1, 0, 0, 0])
Transition([0, 1, 0, 0, 1, 0, 0, 0] -- 0.getPos.1.1 --> [0, 1, 0, 0, 28, 0, 0, 0])
Transition([0, 1, 0, 0, 28, 0, 0, 0] -- 1.getPos.2.3 --> [0, 1, 0, 0, 4, 0, 0, 0])
Transition([0, 1, 0, 0, 4, 0, 0, 0] -- checkSafeOk --> [0, 2, 0, 0, 0, 0, 0, 0])
Transition([0, 2, 0, 0, 0, 0, 0, 0] -- startLiveCheck --> [0, 3, 0, 1, 0, 1, 0, 0])
Transition([0, 3, 0, 1, 0, 1, 0, 0] -- 1.getPos.2.3 --> [0, 3, 0, 2, 0, 2, 0, 0])
Transition([0, 3, 0, 2, 0, 2, 0, 0] -- checkLiveDone --> [0, 4, 0, 0, 0, 0, 0, 0])
Transition([0, 4, 0, 0, 0, 0, 0, 0] -- down --> [0, 61, 0, 0, 0, 0, 0, 0])
Transition([0, 61, 0, 0, 0, 0, 0, 0] -- 0.getPos.1.1 --> [0, 94, 0, 0, 0, 0, 0, 0])
Transition([0, 94, 0, 0, 0, 0, 0, 0] -- 0.setPos.2.1 --> [0, 0, 4, 0, 0, 0, 0, 0])
Transition([0, 0, 4, 0, 0, 0, 0, 0] -- startSafeCheck --> [0, 1, 4, 0, 1, 0, 0, 0])
Transition([0, 1, 4, 0, 1, 0, 0, 0] -- 0.getPos.2.1 --> [0, 1, 4, 0, 13, 0, 0, 0])
Transition([0, 1, 4, 0, 13, 0, 0, 0] -- 1.getPos.2.3 --> [0, 1, 4, 0, 4, 0, 0, 0])
Transition([0, 1, 4, 0, 4, 0, 0, 0] -- checkSafeOk --> [0, 2, 4, 0, 0, 0, 0, 0])
Transition([0, 2, 4, 0, 0, 0, 0, 0] -- startLiveCheck --> [0, 3, 4, 1, 0, 1, 0, 0])
Transition([0, 3, 4, 1, 0, 1, 0, 0] -- 1.getPos.2.3 --> [0, 3, 4, 2, 0, 2, 0, 0])
Transition([0, 3, 4, 2, 0, 2, 0, 0] -- checkLiveDone --> [0, 4, 4, 0, 0, 0, 0, 0])
Transition([0, 4, 0, 0, 0, 0, 0, 0] -- left --> [0, 173, 0, 0, 0, 0, 0, 0])
Transition([0, 173, 0, 0, 0, 0, 0, 0] -- 0.getPos.1.1 --> [0, 206, 0, 0, 0, 0, 0, 0])
Transition([0, 4, 0, 0, 0, 0, 0, 0] -- right --> [0, 117, 0, 0, 0, 0, 0, 0])
Transition([0, 117, 0, 0, 0, 0, 0, 0] -- 0.getPos.1.1 --> [0, 148, 0, 0, 0, 0, 0, 0])
Transition([0, 148, 0, 0, 0, 0, 0, 0] -- 0.setPos.1.2 --> [0, 0, 16, 0, 0, 0, 0, 0])
Transition([0, 0, 16, 0, 0, 0, 0, 0] -- startSafeCheck --> [0, 1, 16, 0, 1, 0, 0, 0])
Transition([0, 1, 16, 0, 1, 0, 0, 0] -- 0.getPos.1.2 --> [0, 1, 16, 0, 27, 0, 0, 0])
Transition([0, 1, 16, 0, 27, 0, 0, 0] -- 1.getPos.2.3 --> [0, 1, 16, 0, 4, 0, 0, 0])
Transition([0, 1, 16, 0, 4, 0, 0, 0] -- checkSafeOk --> [0, 2, 16, 0, 0, 0, 0, 0])
Transition([0, 2, 16, 0, 0, 0, 0, 0] -- startLiveCheck --> [0, 3, 16, 1, 0, 1, 0, 0])
Transition([0, 3, 16, 1, 0, 1, 0, 0] -- 1.getPos.2.3 --> [0, 3, 16, 2, 0, 2, 0, 0])
Transition([0, 3, 16, 2, 0, 2, 0, 0] -- checkLiveDone --> [0, 4, 16, 0, 0, 0, 0, 0])
Transition([0, 4, 0, 0, 0, 0, 0, 0] -- up --> [0, 5, 0, 0, 0, 0, 0, 0])
Transition([0, 5, 0, 0, 0, 0, 0, 0] -- 0.getPos.1.1 --> [0, 30, 0, 0, 0, 0, 0, 0])
Transition([0, 4, 16, 0, 0, 0, 0, 0] -- down --> [0, 61, 16, 0, 0, 0, 0, 0])
Transition([0, 61, 16, 0, 0, 0, 0, 0] -- 0.getPos.1.2 --> [0, 91, 16, 0, 0, 0, 0, 0])
Transition([0, 91, 16, 0, 0, 0, 0, 0] -- 0.setPos.2.2 --> [0, 0, 3, 0, 0, 0, 0, 0])
Transition([0, 0, 3, 0, 0, 0, 0, 0] -- startSafeCheck --> [0, 1, 3, 0, 1, 0, 0, 0])
Transition([0, 1, 3, 0, 1, 0, 0, 0] -- 0.getPos.2.2 --> [0, 1, 3, 0, 8, 0, 0, 0])
Transition([0, 1, 3, 0, 8, 0, 0, 0] -- 1.getPos.2.3 --> [0, 1, 3, 0, 4, 0, 0, 0])
Transition([0, 1, 3, 0, 4, 0, 0, 0] -- checkSafeOk --> [0, 2, 3, 0, 0, 0, 0, 0])
Transition([0, 2, 3, 0, 0, 0, 0, 0] -- startLiveCheck --> [0, 3, 3, 1, 0, 1, 0, 0])
Transition([0, 3, 3, 1, 0, 1, 0, 0] -- 1.getPos.2.3 --> [0, 3, 3, 2, 0, 2, 0, 0])
Transition([0, 3, 3, 2, 0, 2, 0, 0] -- checkLiveDone --> [0, 4, 3, 0, 0, 0, 0, 0])
Transition([0, 4, 16, 0, 0, 0, 0, 0] -- left --> [0, 173, 16, 0, 0, 0, 0, 0])
Transition([0, 173, 16, 0, 0, 0, 0, 0] -- 0.getPos.1.2 --> [0, 205, 16, 0, 0, 0, 0, 0])
Transition([0, 205, 16, 0, 0, 0, 0, 0] -- 0.setPos.1.1 --> [0, 0, 0, 0, 0, 0, 0, 0])
Transition([0, 4, 16, 0, 0, 0, 0, 0] -- right --> [0, 117, 16, 0, 0, 0, 0, 0])
Transition([0, 117, 16, 0, 0, 0, 0, 0] -- 0.getPos.1.2 --> [0, 145, 16, 0, 0, 0, 0, 0])
Transition([0, 145, 16, 0, 0, 0, 0, 0] -- 0.setPos.1.3 --> [0, 0, 15, 0, 0, 0, 0, 0])
Transition([0, 0, 15, 0, 0, 0, 0, 0] -- startSafeCheck --> [0, 1, 15, 0, 1, 0, 0, 0])
Transition([0, 1, 15, 0, 1, 0, 0, 0] -- 0.getPos.1.3 --> [0, 1, 15, 0, 21, 0, 0, 0])
Transition([0, 1, 15, 0, 21, 0, 0, 0] -- 1.getPos.2.3 --> [0, 1, 15, 0, 4, 0, 0, 0])
Transition([0, 1, 15, 0, 4, 0, 0, 0] -- checkSafeOk --> [0, 2, 15, 0, 0, 0, 0, 0])
Transition([0, 2, 15, 0, 0, 0, 0, 0] -- startLiveCheck --> [0, 3, 15, 1, 0, 1, 0, 0])
Transition([0, 3, 15, 1, 0, 1, 0, 0] -- 1.getPos.2.3 --> [0, 3, 15, 2, 0, 2, 0, 0])
Transition([0, 3, 15, 2, 0, 2, 0, 0] -- checkLiveDone --> [0, 4, 15, 0, 0, 0, 0, 0])
Transition([0, 4, 16, 0, 0, 0, 0, 0] -- up --> [0, 5, 16, 0, 0, 0, 0, 0])
Transition([0, 5, 16, 0, 0, 0, 0, 0] -- 0.getPos.1.2 --> [0, 29, 16, 0, 0, 0, 0, 0])
Transition([0, 4, 4, 0, 0, 0, 0, 0] -- down --> [0, 61, 4, 0, 0, 0, 0, 0])
Transition([0, 61, 4, 0, 0, 0, 0, 0] -- 0.getPos.2.1 --> [0, 74, 4, 0, 0, 0, 0, 0])
Transition([0, 74, 4, 0, 0, 0, 0, 0] -- 0.setPos.3.1 --> [0, 0, 14, 0, 0, 0, 0, 0])
Transition([0, 0, 14, 0, 0, 0, 0, 0] -- startSafeCheck --> [0, 1, 14, 0, 1, 0, 0, 0])
Transition([0, 1, 14, 0, 1, 0, 0, 0] -- 0.getPos.3.1 --> [0, 1, 14, 0, 20, 0, 0, 0])
Transition([0, 1, 14, 0, 20, 0, 0, 0] -- 1.getPos.2.3 --> [0, 1, 14, 0, 4, 0, 0, 0])
Transition([0, 1, 14, 0, 4, 0, 0, 0] -- checkSafeOk --> [0, 2, 14, 0, 0, 0, 0, 0])
Transition([0, 2, 14, 0, 0, 0, 0, 0] -- startLiveCheck --> [0, 3, 14, 1, 0, 1, 0, 0])
Transition([0, 3, 14, 1, 0, 1, 0, 0] -- 1.getPos.2.3 --> [0, 3, 14, 2, 0, 2, 0, 0])
Transition([0, 3, 14, 2, 0, 2, 0, 0] -- checkLiveDone --> [0, 4, 14, 0, 0, 0, 0, 0])
Transition([0, 4, 4, 0, 0, 0, 0, 0] -- left --> [0, 173, 4, 0, 0, 0, 0, 0])
Transition([0, 173, 4, 0, 0, 0, 0, 0] -- 0.getPos.2.1 --> [0, 184, 4, 0, 0, 0, 0, 0])
Transition([0, 4, 4, 0, 0, 0, 0, 0] -- right --> [0, 117, 4, 0, 0, 0, 0, 0])
Transition([0, 117, 4, 0, 0, 0, 0, 0] -- 0.getPos.2.1 --> [0, 126, 4, 0, 0, 0, 0, 0])
Transition([0, 126, 4, 0, 0, 0, 0, 0] -- 0.setPos.2.2 --> [0, 0, 3, 0, 0, 0, 0, 0])
Transition([0, 4, 4, 0, 0, 0, 0, 0] -- up --> [0, 5, 4, 0, 0, 0, 0, 0])
Transition([0, 5, 4, 0, 0, 0, 0, 0] -- 0.getPos.2.1 --> [0, 10, 4, 0, 0, 0, 0, 0])
Transition([0, 10, 4, 0, 0, 0, 0, 0] -- 0.setPos.1.1 --> [0, 0, 0, 0, 0, 0, 0, 0])
Transition([0, 4, 14, 0, 0, 0, 0, 0] -- down --> [0, 61, 14, 0, 0, 0, 0, 0])
Transition([0, 61, 14, 0, 0, 0, 0, 0] -- 0.getPos.3.1 --> [0, 108, 14, 0, 0, 0, 0, 0])
Transition([0, 108, 14, 0, 0, 0, 0, 0] -- 0.setPos.4.1 --> [0, 0, 1, 0, 0, 0, 0, 0])
Transition([0, 0, 1, 0, 0, 0, 0, 0] -- startSafeCheck --> [0, 1, 1, 0, 1, 0, 0, 0])
Transition([0, 1, 1, 0, 1, 0, 0, 0] -- 0.getPos.4.1 --> [0, 1, 1, 0, 6, 0, 0, 0])
Transition([0, 1, 1, 0, 6, 0, 0, 0] -- 1.getPos.2.3 --> [0, 1, 1, 0, 4, 0, 0, 0])
Transition([0, 1, 1, 0, 4, 0, 0, 0] -- checkSafeOk --> [0, 2, 1, 0, 0, 0, 0, 0])
Transition([0, 2, 1, 0, 0, 0, 0, 0] -- startLiveCheck --> [0, 3, 1, 1, 0, 1, 0, 0])
Transition([0, 3, 1, 1, 0, 1, 0, 0] -- 1.getPos.2.3 --> [0, 3, 1, 2, 0, 2, 0, 0])
Transition([0, 3, 1, 2, 0, 2, 0, 0] -- checkLiveDone --> [0, 4, 1, 0, 0, 0, 0, 0])
Transition([0, 4, 14, 0, 0, 0, 0, 0] -- left --> [0, 173, 14, 0, 0, 0, 0, 0])
Transition([0, 173, 14, 0, 0, 0, 0, 0] -- 0.getPos.3.1 --> [0, 222, 14, 0, 0, 0, 0, 0])
Transition([0, 4, 14, 0, 0, 0, 0, 0] -- right --> [0, 117, 14, 0, 0, 0, 0, 0])
Transition([0, 117, 14, 0, 0, 0, 0, 0] -- 0.getPos.3.1 --> [0, 166, 14, 0, 0, 0, 0, 0])
Transition([0, 166, 14, 0, 0, 0, 0, 0] -- 0.setPos.3.2 --> [0, 0, 12, 0, 0, 0, 0, 0])
Transition([0, 0, 12, 0, 0, 0, 0, 0] -- startSafeCheck --> [0, 1, 12, 0, 1, 0, 0, 0])
Transition([0, 1, 12, 0, 1, 0, 0, 0] -- 0.getPos.3.2 --> [0, 1, 12, 0, 18, 0, 0, 0])
Transition([0, 1, 12, 0, 18, 0, 0, 0] -- 1.getPos.2.3 --> [0, 1, 12, 0, 4, 0, 0, 0])
Transition([0, 1, 12, 0, 4, 0, 0, 0] -- checkSafeOk --> [0, 2, 12, 0, 0, 0, 0, 0])
Transition([0, 2, 12, 0, 0, 0, 0, 0] -- startLiveCheck --> [0, 3, 12, 1, 0, 1, 0, 0])
Transition([0, 3, 12, 1, 0, 1, 0, 0] -- 1.getPos.2.3 --> [0, 3, 12, 2, 0, 2, 0, 0])
Transition([0, 3, 12, 2, 0, 2, 0, 0] -- checkLiveDone --> [0, 4, 12, 0, 0, 0, 0, 0])
Transition([0, 4, 14, 0, 0, 0, 0, 0] -- up --> [0, 5, 14, 0, 0, 0, 0, 0])
Transition([0, 5, 14, 0, 0, 0, 0, 0] -- 0.getPos.3.1 --> [0, 52, 14, 0, 0, 0, 0, 0])
Transition([0, 52, 14, 0, 0, 0, 0, 0] -- 0.setPos.2.1 --> [0, 0, 4, 0, 0, 0, 0, 0])
Transition([0, 4, 3, 0, 0, 0, 0, 0] -- down --> [0, 61, 3, 0, 0, 0, 0, 0])
Transition([0, 61, 3, 0, 0, 0, 0, 0] -- 0.getPos.2.2 --> [0, 65, 3, 0, 0, 0, 0, 0])
Transition([0, 65, 3, 0, 0, 0, 0, 0] -- 0.setPos.3.2 --> [0, 0, 12, 0, 0, 0, 0, 0])
Transition([0, 4, 15, 0, 0, 0, 0, 0] -- down --> [0, 61, 15, 0, 0, 0, 0, 0])
Transition([0, 61, 15, 0, 0, 0, 0, 0] -- 0.getPos.1.3 --> [0, 83, 15, 0, 0, 0, 0, 0])
Transition([0, 83, 15, 0, 0, 0, 0, 0] -- 0.setPos.2.3 --> [0, 0, 2, 0, 0, 0, 0, 0])
Transition([0, 0, 2, 0, 0, 0, 0, 0] -- startSafeCheck --> [0, 1, 2, 0, 1, 0, 0, 0])
Transition([0, 1, 2, 0, 1, 0, 0, 0] -- 0.getPos.2.3 --> [0, 1, 2, 0, 7, 0, 0, 0])
Transition([0, 1, 2, 0, 7, 0, 0, 0] -- 1.getPos.2.3 --> [0, 1, 2, 0, 3, 0, 0, 0])
Transition([0, 83, 15, 0, 0, 0, 0, 0] -- 1.getPos.2.3 --> [0, 84, 15, 0, 0, 0, 0, 0])
Transition([0, 84, 15, 0, 0, 0, 0, 0] -- 1.setPos.3.3 --> [23, 85, 15, 0, 0, 0, 0, 0])
Transition([23, 85, 15, 0, 0, 0, 0, 0] -- 0.setPos.2.3 --> [23, 0, 2, 0, 0, 0, 0, 0])
Transition([23, 0, 2, 0, 0, 0, 0, 0] -- startSafeCheck --> [23, 1, 2, 0, 1, 0, 0, 0])
Transition([23, 1, 2, 0, 1, 0, 0, 0] -- 0.getPos.2.3 --> [23, 1, 2, 0, 7, 0, 0, 0])
Transition([23, 1, 2, 0, 7, 0, 0, 0] -- 1.getPos.3.3 --> [23, 1, 2, 0, 4, 0, 0, 0])
Transition([23, 1, 2, 0, 4, 0, 0, 0] -- checkSafeOk --> [23, 2, 2, 0, 0, 0, 0, 0])
Transition([23, 2, 2, 0, 0, 0, 0, 0] -- startLiveCheck --> [23, 3, 2, 1, 0, 1, 0, 0])
Transition([23, 3, 2, 1, 0, 1, 0, 0] -- 1.getPos.3.3 --> [23, 3, 2, 2, 0, 2, 0, 0])
Transition([23, 3, 2, 2, 0, 2, 0, 0] -- checkLiveDone --> [23, 4, 2, 0, 0, 0, 0, 0])
Transition([0, 4, 3, 0, 0, 0, 0, 0] -- left --> [0, 173, 3, 0, 0, 0, 0, 0])
Transition([0, 173, 3, 0, 0, 0, 0, 0] -- 0.getPos.2.2 --> [0, 177, 3, 0, 0, 0, 0, 0])
Transition([0, 177, 3, 0, 0, 0, 0, 0] -- 0.setPos.2.1 --> [0, 0, 4, 0, 0, 0, 0, 0])
Transition([0, 4, 3, 0, 0, 0, 0, 0] -- right --> [0, 117, 3, 0, 0, 0, 0, 0])
Transition([0, 117, 3, 0, 0, 0, 0, 0] -- 0.getPos.2.2 --> [0, 121, 3, 0, 0, 0, 0, 0])
Transition([0, 121, 3, 0, 0, 0, 0, 0] -- 0.setPos.2.3 --> [0, 0, 2, 0, 0, 0, 0, 0])
Transition([0, 121, 3, 0, 0, 0, 0, 0] -- 1.getPos.2.3 --> [0, 122, 3, 0, 0, 0, 0, 0])
Transition([0, 122, 3, 0, 0, 0, 0, 0] -- 1.setPos.2.4 --> [9, 123, 3, 0, 0, 0, 0, 0])
Transition([9, 123, 3, 0, 0, 0, 0, 0] -- 0.setPos.2.3 --> [9, 0, 2, 0, 0, 0, 0, 0])
Transition([9, 0, 2, 0, 0, 0, 0, 0] -- startSafeCheck --> [9, 1, 2, 0, 1, 0, 0, 0])
Transition([9, 1, 2, 0, 1, 0, 0, 0] -- 0.getPos.2.3 --> [9, 1, 2, 0, 7, 0, 0, 0])
Transition([9, 1, 2, 0, 7, 0, 0, 0] -- 1.getPos.2.4 --> [9, 1, 2, 0, 4, 0, 0, 0])
Transition([9, 1, 2, 0, 4, 0, 0, 0] -- checkSafeOk --> [9, 2, 2, 0, 0, 0, 0, 0])
Transition([9, 2, 2, 0, 0, 0, 0, 0] -- startLiveCheck --> [9, 3, 2, 1, 0, 1, 0, 0])
Transition([9, 3, 2, 1, 0, 1, 0, 0] -- 1.getPos.2.4 --> [9, 3, 2, 2, 0, 2, 0, 0])
Transition([9, 3, 2, 2, 0, 2, 0, 0] -- checkLiveDone --> [9, 4, 2, 0, 0, 0, 0, 0])
Transition([0, 4, 3, 0, 0, 0, 0, 0] -- up --> [0, 5, 3, 0, 0, 0, 0, 0])
Transition([0, 5, 3, 0, 0, 0, 0, 0] -- 0.getPos.2.2 --> [0, 7, 3, 0, 0, 0, 0, 0])
Transition([0, 7, 3, 0, 0, 0, 0, 0] -- 0.setPos.1.2 --> [0, 0, 16, 0, 0, 0, 0, 0])
Transition([0, 4, 15, 0, 0, 0, 0, 0] -- left --> [0, 173, 15, 0, 0, 0, 0, 0])
Transition([0, 173, 15, 0, 0, 0, 0, 0] -- 0.getPos.1.3 --> [0, 197, 15, 0, 0, 0, 0, 0])
Transition([0, 197, 15, 0, 0, 0, 0, 0] -- 0.setPos.1.2 --> [0, 0, 16, 0, 0, 0, 0, 0])
Transition([0, 4, 15, 0, 0, 0, 0, 0] -- right --> [0, 117, 15, 0, 0, 0, 0, 0])
Transition([0, 117, 15, 0, 0, 0, 0, 0] -- 0.getPos.1.3 --> [0, 135, 15, 0, 0, 0, 0, 0])
Transition([0, 135, 15, 0, 0, 0, 0, 0] -- 0.setPos.1.4 --> [0, 0, 13, 0, 0, 0, 0, 0])
Transition([0, 0, 13, 0, 0, 0, 0, 0] -- startSafeCheck --> [0, 1, 13, 0, 1, 0, 0, 0])
Transition([0, 1, 13, 0, 1, 0, 0, 0] -- 0.getPos.1.4 --> [0, 1, 13, 0, 19, 0, 0, 0])
Transition([0, 1, 13, 0, 19, 0, 0, 0] -- 1.getPos.2.3 --> [0, 1, 13, 0, 4, 0, 0, 0])
Transition([0, 1, 13, 0, 4, 0, 0, 0] -- checkSafeOk --> [0, 2, 13, 0, 0, 0, 0, 0])
Transition([0, 2, 13, 0, 0, 0, 0, 0] -- startLiveCheck --> [0, 3, 13, 1, 0, 1, 0, 0])
Transition([0, 3, 13, 1, 0, 1, 0, 0] -- 1.getPos.2.3 --> [0, 3, 13, 2, 0, 2, 0, 0])
Transition([0, 3, 13, 2, 0, 2, 0, 0] -- checkLiveDone --> [0, 4, 13, 0, 0, 0, 0, 0])
Transition([0, 4, 15, 0, 0, 0, 0, 0] -- up --> [0, 5, 15, 0, 0, 0, 0, 0])
Transition([0, 5, 15, 0, 0, 0, 0, 0] -- 0.getPos.1.3 --> [0, 21, 15, 0, 0, 0, 0, 0])
Transition([0, 4, 13, 0, 0, 0, 0, 0] -- down --> [0, 61, 13, 0, 0, 0, 0, 0])
Transition([0, 61, 13, 0, 0, 0, 0, 0] -- 0.getPos.1.4 --> [0, 80, 13, 0, 0, 0, 0, 0])
Transition([0, 80, 13, 0, 0, 0, 0, 0] -- 0.setPos.2.4 --> [0, 0, 10, 0, 0, 0, 0, 0])
Transition([0, 0, 10, 0, 0, 0, 0, 0] -- startSafeCheck --> [0, 1, 10, 0, 1, 0, 0, 0])
Transition([0, 1, 10, 0, 1, 0, 0, 0] -- 0.getPos.2.4 --> [0, 1, 10, 0, 12, 0, 0, 0])
Transition([0, 1, 10, 0, 12, 0, 0, 0] -- 1.getPos.2.3 --> [0, 1, 10, 0, 4, 0, 0, 0])
Transition([0, 1, 10, 0, 4, 0, 0, 0] -- checkSafeOk --> [0, 2, 10, 0, 0, 0, 0, 0])
Transition([0, 2, 10, 0, 0, 0, 0, 0] -- startLiveCheck --> [0, 3, 10, 1, 0, 1, 0, 0])
Transition([0, 3, 10, 1, 0, 1, 0, 0] -- 1.getPos.2.3 --> [0, 3, 10, 2, 0, 2, 0, 0])
Transition([0, 3, 10, 2, 0, 2, 0, 0] -- checkLiveDone --> [0, 4, 10, 0, 0, 0, 0, 0])
Transition([0, 4, 13, 0, 0, 0, 0, 0] -- left --> [0, 173, 13, 0, 0, 0, 0, 0])
Transition([0, 173, 13, 0, 0, 0, 0, 0] -- 0.getPos.1.4 --> [0, 194, 13, 0, 0, 0, 0, 0])
Transition([0, 194, 13, 0, 0, 0, 0, 0] -- 0.setPos.1.3 --> [0, 0, 15, 0, 0, 0, 0, 0])
Transition([0, 4, 1, 0, 0, 0, 0, 0] -- down --> [0, 61, 1, 0, 0, 0, 0, 0])
Transition([0, 61, 1, 0, 0, 0, 0, 0] -- 0.getPos.4.1 --> [0, 99, 1, 0, 0, 0, 0, 0])
Transition([0, 99, 1, 0, 0, 0, 0, 0] -- 0.setPos.5.1 --> [0, 0, 22, 0, 0, 0, 0, 0])
Transition([0, 0, 22, 0, 0, 0, 0, 0] -- startSafeCheck --> [0, 1, 22, 0, 1, 0, 0, 0])
Transition([0, 1, 22, 0, 1, 0, 0, 0] -- 0.getPos.5.1 --> [0, 1, 22, 0, 24, 0, 0, 0])
Transition([0, 1, 22, 0, 24, 0, 0, 0] -- 1.getPos.2.3 --> [0, 1, 22, 0, 4, 0, 0, 0])
Transition([0, 1, 22, 0, 4, 0, 0, 0] -- checkSafeOk --> [0, 2, 22, 0, 0, 0, 0, 0])
Transition([0, 2, 22, 0, 0, 0, 0, 0] -- startLiveCheck --> [0, 3, 22, 1, 0, 1, 0, 0])
Transition([0, 3, 22, 1, 0, 1, 0, 0] -- 1.getPos.2.3 --> [0, 3, 22, 2, 0, 2, 0, 0])
Transition([0, 3, 22, 2, 0, 2, 0, 0] -- checkLiveDone --> [0, 4, 22, 0, 0, 0, 0, 0])
Transition([0, 4, 1, 0, 0, 0, 0, 0] -- left --> [0, 173, 1, 0, 0, 0, 0, 0])
Transition([0, 173, 1, 0, 0, 0, 0, 0] -- 0.getPos.4.1 --> [0, 213, 1, 0, 0, 0, 0, 0])
Transition([0, 4, 1, 0, 0, 0, 0, 0] -- right --> [0, 117, 1, 0, 0, 0, 0, 0])
Transition([0, 117, 1, 0, 0, 0, 0, 0] -- 0.getPos.4.1 --> [0, 153, 1, 0, 0, 0, 0, 0])
Transition([0, 153, 1, 0, 0, 0, 0, 0] -- 0.setPos.4.2 --> [0, 0, 9, 0, 0, 0, 0, 0])
Transition([0, 0, 9, 0, 0, 0, 0, 0] -- startSafeCheck --> [0, 1, 9, 0, 1, 0, 0, 0])
Transition([0, 1, 9, 0, 1, 0, 0, 0] -- 0.getPos.4.2 --> [0, 1, 9, 0, 11, 0, 0, 0])
Transition([0, 1, 9, 0, 11, 0, 0, 0] -- 1.getPos.2.3 --> [0, 1, 9, 0, 4, 0, 0, 0])
Transition([0, 1, 9, 0, 4, 0, 0, 0] -- checkSafeOk --> [0, 2, 9, 0, 0, 0, 0, 0])
Transition([0, 2, 9, 0, 0, 0, 0, 0] -- startLiveCheck --> [0, 3, 9, 1, 0, 1, 0, 0])
Transition([0, 3, 9, 1, 0, 1, 0, 0] -- 1.getPos.2.3 --> [0, 3, 9, 2, 0, 2, 0, 0])
Transition([0, 3, 9, 2, 0, 2, 0, 0] -- checkLiveDone --> [0, 4, 9, 0, 0, 0, 0, 0])
Transition([0, 4, 1, 0, 0, 0, 0, 0] -- up --> [0, 5, 1, 0, 0, 0, 0, 0])
Transition([0, 5, 1, 0, 0, 0, 0, 0] -- 0.getPos.4.1 --> [0, 37, 1, 0, 0, 0, 0, 0])
Transition([0, 37, 1, 0, 0, 0, 0, 0] -- 0.setPos.3.1 --> [0, 0, 14, 0, 0, 0, 0, 0])
Transition([0, 4, 13, 0, 0, 0, 0, 0] -- right --> [0, 117, 13, 0, 0, 0, 0, 0])
Transition([0, 117, 13, 0, 0, 0, 0, 0] -- 0.getPos.1.4 --> [0, 134, 13, 0, 0, 0, 0, 0])
Transition([0, 134, 13, 0, 0, 0, 0, 0] -- 0.setPos.1.5 --> [0, 0, 24, 0, 0, 0, 0, 0])
Transition([0, 0, 24, 0, 0, 0, 0, 0] -- startSafeCheck --> [0, 1, 24, 0, 1, 0, 0, 0])
Transition([0, 1, 24, 0, 1, 0, 0, 0] -- 0.getPos.1.5 --> [0, 1, 24, 0, 26, 0, 0, 0])
Transition([0, 1, 24, 0, 26, 0, 0, 0] -- 1.getPos.2.3 --> [0, 1, 24, 0, 4, 0, 0, 0])
Transition([0, 1, 24, 0, 4, 0, 0, 0] -- checkSafeOk --> [0, 2, 24, 0, 0, 0, 0, 0])
Transition([0, 2, 24, 0, 0, 0, 0, 0] -- startLiveCheck --> [0, 3, 24, 1, 0, 1, 0, 0])
Transition([0, 3, 24, 1, 0, 1, 0, 0] -- 1.getPos.2.3 --> [0, 3, 24, 2, 0, 2, 0, 0])
Transition([0, 3, 24, 2, 0, 2, 0, 0] -- checkLiveDone --> [0, 4, 24, 0, 0, 0, 0, 0])
Transition([0, 4, 13, 0, 0, 0, 0, 0] -- up --> [0, 5, 13, 0, 0, 0, 0, 0])
Transition([0, 5, 13, 0, 0, 0, 0, 0] -- 0.getPos.1.4 --> [0, 20, 13, 0, 0, 0, 0, 0])
Transition([0, 4, 12, 0, 0, 0, 0, 0] -- down --> [0, 61, 12, 0, 0, 0, 0, 0])
Transition([0, 61, 12, 0, 0, 0, 0, 0] -- 0.getPos.3.2 --> [0, 105, 12, 0, 0, 0, 0, 0])
Transition([0, 105, 12, 0, 0, 0, 0, 0] -- 0.setPos.4.2 --> [0, 0, 9, 0, 0, 0, 0, 0])
Transition([0, 4, 12, 0, 0, 0, 0, 0] -- left --> [0, 173, 12, 0, 0, 0, 0, 0])
Transition([0, 173, 12, 0, 0, 0, 0, 0] -- 0.getPos.3.2 --> [0, 221, 12, 0, 0, 0, 0, 0])
Transition([0, 221, 12, 0, 0, 0, 0, 0] -- 0.setPos.3.1 --> [0, 0, 14, 0, 0, 0, 0, 0])
Transition([0, 4, 12, 0, 0, 0, 0, 0] -- right --> [0, 117, 12, 0, 0, 0, 0, 0])
Transition([0, 117, 12, 0, 0, 0, 0, 0] -- 0.getPos.3.2 --> [0, 163, 12, 0, 0, 0, 0, 0])
Transition([0, 163, 12, 0, 0, 0, 0, 0] -- 0.setPos.3.3 --> [0, 0, 23, 0, 0, 0, 0, 0])
Transition([0, 0, 23, 0, 0, 0, 0, 0] -- startSafeCheck --> [0, 1, 23, 0, 1, 0, 0, 0])
Transition([0, 1, 23, 0, 1, 0, 0, 0] -- 0.getPos.3.3 --> [0, 1, 23, 0, 25, 0, 0, 0])
Transition([0, 1, 23, 0, 25, 0, 0, 0] -- 1.getPos.2.3 --> [0, 1, 23, 0, 4, 0, 0, 0])
Transition([0, 1, 23, 0, 4, 0, 0, 0] -- checkSafeOk --> [0, 2, 23, 0, 0, 0, 0, 0])
Transition([0, 2, 23, 0, 0, 0, 0, 0] -- startLiveCheck --> [0, 3, 23, 1, 0, 1, 0, 0])
Transition([0, 3, 23, 1, 0, 1, 0, 0] -- 1.getPos.2.3 --> [0, 3, 23, 2, 0, 2, 0, 0])
Transition([0, 3, 23, 2, 0, 2, 0, 0] -- checkLiveDone --> [0, 4, 23, 0, 0, 0, 0, 0])
Transition([0, 4, 12, 0, 0, 0, 0, 0] -- up --> [0, 5, 12, 0, 0, 0, 0, 0])
Transition([0, 5, 12, 0, 0, 0, 0, 0] -- 0.getPos.3.2 --> [0, 49, 12, 0, 0, 0, 0, 0])
Transition([0, 49, 12, 0, 0, 0, 0, 0] -- 0.setPos.2.2 --> [0, 0, 3, 0, 0, 0, 0, 0])
Transition([23, 4, 2, 0, 0, 0, 0, 0] -- down --> [23, 61, 2, 0, 0, 0, 0, 0])
Transition([23, 61, 2, 0, 0, 0, 0, 0] -- 0.getPos.2.3 --> [23, 62, 2, 0, 0, 0, 0, 0])
Transition([23, 62, 2, 0, 0, 0, 0, 0] -- 0.setPos.3.3 --> [23, 0, 23, 0, 0, 0, 0, 0])
Transition([23, 0, 23, 0, 0, 0, 0, 0] -- startSafeCheck --> [23, 1, 23, 0, 1, 0, 0, 0])
Transition([23, 1, 23, 0, 1, 0, 0, 0] -- 0.getPos.3.3 --> [23, 1, 23, 0, 25, 0, 0, 0])
Transition([23, 1, 23, 0, 25, 0, 0, 0] -- 1.getPos.3.3 --> [23, 1, 23, 0, 3, 0, 0, 0])
Transition([23, 62, 2, 0, 0, 0, 0, 0] -- 1.getPos.3.3 --> [23, 63, 2, 0, 0, 0, 0, 0])
Transition([23, 63, 2, 0, 0, 0, 0, 0] -- 1.setPos.4.3 --> [6, 64, 2, 0, 0, 0, 0, 0])
Transition([6, 64, 2, 0, 0, 0, 0, 0] -- 0.setPos.3.3 --> [6, 0, 23, 0, 0, 0, 0, 0])
Transition([6, 0, 23, 0, 0, 0, 0, 0] -- startSafeCheck --> [6, 1, 23, 0, 1, 0, 0, 0])
Transition([6, 1, 23, 0, 1, 0, 0, 0] -- 0.getPos.3.3 --> [6, 1, 23, 0, 25, 0, 0, 0])
Transition([6, 1, 23, 0, 25, 0, 0, 0] -- 1.getPos.4.3 --> [6, 1, 23, 0, 4, 0, 0, 0])
Transition([6, 1, 23, 0, 4, 0, 0, 0] -- checkSafeOk --> [6, 2, 23, 0, 0, 0, 0, 0])
Transition([6, 2, 23, 0, 0, 0, 0, 0] -- startLiveCheck --> [6, 3, 23, 1, 0, 1, 0, 0])
Transition([6, 3, 23, 1, 0, 1, 0, 0] -- 1.getPos.4.3 --> [6, 3, 23, 2, 0, 2, 0, 0])
Transition([6, 3, 23, 2, 0, 2, 0, 0] -- checkLiveDone --> [6, 4, 23, 0, 0, 0, 0, 0])
Transition([23, 4, 2, 0, 0, 0, 0, 0] -- left --> [23, 173, 2, 0, 0, 0, 0, 0])
Transition([23, 173, 2, 0, 0, 0, 0, 0] -- 0.getPos.2.3 --> [23, 174, 2, 0, 0, 0, 0, 0])
Transition([23, 174, 2, 0, 0, 0, 0, 0] -- 0.setPos.2.2 --> [23, 0, 3, 0, 0, 0, 0, 0])
Transition([23, 0, 3, 0, 0, 0, 0, 0] -- startSafeCheck --> [23, 1, 3, 0, 1, 0, 0, 0])
Transition([23, 1, 3, 0, 1, 0, 0, 0] -- 0.getPos.2.2 --> [23, 1, 3, 0, 8, 0, 0, 0])
Transition([23, 1, 3, 0, 8, 0, 0, 0] -- 1.getPos.3.3 --> [23, 1, 3, 0, 4, 0, 0, 0])
Transition([23, 1, 3, 0, 4, 0, 0, 0] -- checkSafeOk --> [23, 2, 3, 0, 0, 0, 0, 0])
Transition([23, 2, 3, 0, 0, 0, 0, 0] -- startLiveCheck --> [23, 3, 3, 1, 0, 1, 0, 0])
Transition([23, 3, 3, 1, 0, 1, 0, 0] -- 1.getPos.3.3 --> [23, 3, 3, 2, 0, 2, 0, 0])
Transition([23, 3, 3, 2, 0, 2, 0, 0] -- checkLiveDone --> [23, 4, 3, 0, 0, 0, 0, 0])
Transition([9, 4, 2, 0, 0, 0, 0, 0] -- down --> [9, 61, 2, 0, 0, 0, 0, 0])
Transition([9, 61, 2, 0, 0, 0, 0, 0] -- 0.getPos.2.3 --> [9, 62, 2, 0, 0, 0, 0, 0])
Transition([9, 62, 2, 0, 0, 0, 0, 0] -- 0.setPos.3.3 --> [9, 0, 23, 0, 0, 0, 0, 0])
Transition([9, 0, 23, 0, 0, 0, 0, 0] -- startSafeCheck --> [9, 1, 23, 0, 1, 0, 0, 0])
Transition([9, 1, 23, 0, 1, 0, 0, 0] -- 0.getPos.3.3 --> [9, 1, 23, 0, 25, 0, 0, 0])
Transition([9, 1, 23, 0, 25, 0, 0, 0] -- 1.getPos.2.4 --> [9, 1, 23, 0, 4, 0, 0, 0])
Transition([9, 1, 23, 0, 4, 0, 0, 0] -- checkSafeOk --> [9, 2, 23, 0, 0, 0, 0, 0])
Transition([9, 2, 23, 0, 0, 0, 0, 0] -- startLiveCheck --> [9, 3, 23, 1, 0, 1, 0, 0])
Transition([9, 3, 23, 1, 0, 1, 0, 0] -- 1.getPos.2.4 --> [9, 3, 23, 2, 0, 2, 0, 0])
Transition([9, 3, 23, 2, 0, 2, 0, 0] -- checkLiveDone --> [9, 4, 23, 0, 0, 0, 0, 0])
Transition([23, 4, 2, 0, 0, 0, 0, 0] -- right --> [23, 117, 2, 0, 0, 0, 0, 0])
Transition([23, 117, 2, 0, 0, 0, 0, 0] -- 0.getPos.2.3 --> [23, 118, 2, 0, 0, 0, 0, 0])
Transition([23, 118, 2, 0, 0, 0, 0, 0] -- 0.setPos.2.4 --> [23, 0, 10, 0, 0, 0, 0, 0])
Transition([23, 0, 10, 0, 0, 0, 0, 0] -- startSafeCheck --> [23, 1, 10, 0, 1, 0, 0, 0])
Transition([23, 1, 10, 0, 1, 0, 0, 0] -- 0.getPos.2.4 --> [23, 1, 10, 0, 12, 0, 0, 0])
Transition([23, 1, 10, 0, 12, 0, 0, 0] -- 1.getPos.3.3 --> [23, 1, 10, 0, 4, 0, 0, 0])
Transition([23, 1, 10, 0, 4, 0, 0, 0] -- checkSafeOk --> [23, 2, 10, 0, 0, 0, 0, 0])
Transition([23, 2, 10, 0, 0, 0, 0, 0] -- startLiveCheck --> [23, 3, 10, 1, 0, 1, 0, 0])
Transition([23, 3, 10, 1, 0, 1, 0, 0] -- 1.getPos.3.3 --> [23, 3, 10, 2, 0, 2, 0, 0])
Transition([23, 3, 10, 2, 0, 2, 0, 0] -- checkLiveDone --> [23, 4, 10, 0, 0, 0, 0, 0])
Transition([9, 4, 2, 0, 0, 0, 0, 0] -- left --> [9, 173, 2, 0, 0, 0, 0, 0])
Transition([9, 173, 2, 0, 0, 0, 0, 0] -- 0.getPos.2.3 --> [9, 174, 2, 0, 0, 0, 0, 0])
Transition([9, 174, 2, 0, 0, 0, 0, 0] -- 0.setPos.2.2 --> [9, 0, 3, 0, 0, 0, 0, 0])
Transition([9, 0, 3, 0, 0, 0, 0, 0] -- startSafeCheck --> [9, 1, 3, 0, 1, 0, 0, 0])
Transition([9, 1, 3, 0, 1, 0, 0, 0] -- 0.getPos.2.2 --> [9, 1, 3, 0, 8, 0, 0, 0])
Transition([9, 1, 3, 0, 8, 0, 0, 0] -- 1.getPos.2.4 --> [9, 1, 3, 0, 4, 0, 0, 0])
Transition([9, 1, 3, 0, 4, 0, 0, 0] -- checkSafeOk --> [9, 2, 3, 0, 0, 0, 0, 0])
Transition([9, 2, 3, 0, 0, 0, 0, 0] -- startLiveCheck --> [9, 3, 3, 1, 0, 1, 0, 0])
Transition([9, 3, 3, 1, 0, 1, 0, 0] -- 1.getPos.2.4 --> [9, 3, 3, 2, 0, 2, 0, 0])
Transition([9, 3, 3, 2, 0, 2, 0, 0] -- checkLiveDone --> [9, 4, 3, 0, 0, 0, 0, 0])
Transition([23, 4, 2, 0, 0, 0, 0, 0] -- up --> [23, 5, 2, 0, 0, 0, 0, 0])
Transition([23, 5, 2, 0, 0, 0, 0, 0] -- 0.getPos.2.3 --> [23, 6, 2, 0, 0, 0, 0, 0])
Transition([23, 6, 2, 0, 0, 0, 0, 0] -- 0.setPos.1.3 --> [23, 0, 15, 0, 0, 0, 0, 0])
Transition([23, 0, 15, 0, 0, 0, 0, 0] -- startSafeCheck --> [23, 1, 15, 0, 1, 0, 0, 0])
Transition([23, 1, 15, 0, 1, 0, 0, 0] -- 0.getPos.1.3 --> [23, 1, 15, 0, 21, 0, 0, 0])
Transition([23, 1, 15, 0, 21, 0, 0, 0] -- 1.getPos.3.3 --> [23, 1, 15, 0, 4, 0, 0, 0])
Transition([23, 1, 15, 0, 4, 0, 0, 0] -- checkSafeOk --> [23, 2, 15, 0, 0, 0, 0, 0])
Transition([23, 2, 15, 0, 0, 0, 0, 0] -- startLiveCheck --> [23, 3, 15, 1, 0, 1, 0, 0])
Transition([23, 3, 15, 1, 0, 1, 0, 0] -- 1.getPos.3.3 --> [23, 3, 15, 2, 0, 2, 0, 0])
Transition([23, 3, 15, 2, 0, 2, 0, 0] -- checkLiveDone --> [23, 4, 15, 0, 0, 0, 0, 0])
Transition([9, 4, 2, 0, 0, 0, 0, 0] -- right --> [9, 117, 2, 0, 0, 0, 0, 0])
Transition([9, 117, 2, 0, 0, 0, 0, 0] -- 0.getPos.2.3 --> [9, 118, 2, 0, 0, 0, 0, 0])
Transition([9, 118, 2, 0, 0, 0, 0, 0] -- 0.setPos.2.4 --> [9, 0, 10, 0, 0, 0, 0, 0])
Transition([9, 0, 10, 0, 0, 0, 0, 0] -- startSafeCheck --> [9, 1, 10, 0, 1, 0, 0, 0])
Transition([9, 1, 10, 0, 1, 0, 0, 0] -- 0.getPos.2.4 --> [9, 1, 10, 0, 12, 0, 0, 0])
Transition([9, 1, 10, 0, 12, 0, 0, 0] -- 1.getPos.2.4 --> [9, 1, 10, 0, 3, 0, 0, 0])
Transition([9, 118, 2, 0, 0, 0, 0, 0] -- 1.getPos.2.4 --> [9, 119, 2, 0, 0, 0, 0, 0])
Transition([9, 119, 2, 0, 0, 0, 0, 0] -- 1.setPos.2.5 --> [7, 120, 2, 0, 0, 0, 0, 0])
Transition([7, 120, 2, 0, 0, 0, 0, 0] -- 0.setPos.2.4 --> [7, 0, 10, 0, 0, 0, 0, 0])
Transition([7, 0, 10, 0, 0, 0, 0, 0] -- startSafeCheck --> [7, 1, 10, 0, 1, 0, 0, 0])
Transition([7, 1, 10, 0, 1, 0, 0, 0] -- 0.getPos.2.4 --> [7, 1, 10, 0, 12, 0, 0, 0])
Transition([7, 1, 10, 0, 12, 0, 0, 0] -- 1.getPos.2.5 --> [7, 1, 10, 0, 4, 0, 0, 0])
Transition([7, 1, 10, 0, 4, 0, 0, 0] -- checkSafeOk --> [7, 2, 10, 0, 0, 0, 0, 0])
Transition([7, 2, 10, 0, 0, 0, 0, 0] -- startLiveCheck --> [7, 3, 10, 1, 0, 1, 0, 0])
Transition([7, 3, 10, 1, 0, 1, 0, 0] -- 1.getPos.2.5 --> [7, 3, 10, 2, 0, 2, 0, 0])
Transition([7, 3, 10, 2, 0, 2, 0, 0] -- checkLiveDone --> [7, 4, 10, 0, 0, 0, 0, 0])
Transition([9, 4, 2, 0, 0, 0, 0, 0] -- up --> [9, 5, 2, 0, 0, 0, 0, 0])
Transition([9, 5, 2, 0, 0, 0, 0, 0] -- 0.getPos.2.3 --> [9, 6, 2, 0, 0, 0, 0, 0])
Transition([9, 6, 2, 0, 0, 0, 0, 0] -- 0.setPos.1.3 --> [9, 0, 15, 0, 0, 0, 0, 0])
Transition([9, 0, 15, 0, 0, 0, 0, 0] -- startSafeCheck --> [9, 1, 15, 0, 1, 0, 0, 0])
Transition([9, 1, 15, 0, 1, 0, 0, 0] -- 0.getPos.1.3 --> [9, 1, 15, 0, 21, 0, 0, 0])
Transition([9, 1, 15, 0, 21, 0, 0, 0] -- 1.getPos.2.4 --> [9, 1, 15, 0, 4, 0, 0, 0])
Transition([9, 1, 15, 0, 4, 0, 0, 0] -- checkSafeOk --> [9, 2, 15, 0, 0, 0, 0, 0])
Transition([9, 2, 15, 0, 0, 0, 0, 0] -- startLiveCheck --> [9, 3, 15, 1, 0, 1, 0, 0])
Transition([9, 3, 15, 1, 0, 1, 0, 0] -- 1.getPos.2.4 --> [9, 3, 15, 2, 0, 2, 0, 0])
Transition([9, 3, 15, 2, 0, 2, 0, 0] -- checkLiveDone --> [9, 4, 15, 0, 0, 0, 0, 0])
Transition([0, 4, 9, 0, 0, 0, 0, 0] -- down --> [0, 61, 9, 0, 0, 0, 0, 0])
Transition([0, 61, 9, 0, 0, 0, 0, 0] -- 0.getPos.4.2 --> [0, 101, 9, 0, 0, 0, 0, 0])
Transition([0, 101, 9, 0, 0, 0, 0, 0] -- 0.setPos.5.2 --> [0, 0, 20, 0, 0, 0, 0, 0])
Transition([0, 0, 20, 0, 0, 0, 0, 0] -- startSafeCheck --> [0, 1, 20, 0, 1, 0, 0, 0])
Transition([0, 1, 20, 0, 1, 0, 0, 0] -- 0.getPos.5.2 --> [0, 1, 20, 0, 22, 0, 0, 0])
Transition([0, 1, 20, 0, 22, 0, 0, 0] -- 1.getPos.2.3 --> [0, 1, 20, 0, 4, 0, 0, 0])
Transition([0, 1, 20, 0, 4, 0, 0, 0] -- checkSafeOk --> [0, 2, 20, 0, 0, 0, 0, 0])
Transition([0, 2, 20, 0, 0, 0, 0, 0] -- startLiveCheck --> [0, 3, 20, 1, 0, 1, 0, 0])
Transition([0, 3, 20, 1, 0, 1, 0, 0] -- 1.getPos.2.3 --> [0, 3, 20, 2, 0, 2, 0, 0])
Transition([0, 3, 20, 2, 0, 2, 0, 0] -- checkLiveDone --> [0, 4, 20, 0, 0, 0, 0, 0])
Transition([0, 4, 10, 0, 0, 0, 0, 0] -- down --> [0, 61, 10, 0, 0, 0, 0, 0])
Transition([0, 61, 10, 0, 0, 0, 0, 0] -- 0.getPos.2.4 --> [0, 71, 10, 0, 0, 0, 0, 0])
Transition([0, 71, 10, 0, 0, 0, 0, 0] -- 0.setPos.3.4 --> [0, 0, 21, 0, 0, 0, 0, 0])
Transition([0, 0, 21, 0, 0, 0, 0, 0] -- startSafeCheck --> [0, 1, 21, 0, 1, 0, 0, 0])
Transition([0, 1, 21, 0, 1, 0, 0, 0] -- 0.getPos.3.4 --> [0, 1, 21, 0, 23, 0, 0, 0])
Transition([0, 1, 21, 0, 23, 0, 0, 0] -- 1.getPos.2.3 --> [0, 1, 21, 0, 4, 0, 0, 0])
Transition([0, 1, 21, 0, 4, 0, 0, 0] -- checkSafeOk --> [0, 2, 21, 0, 0, 0, 0, 0])
Transition([0, 2, 21, 0, 0, 0, 0, 0] -- startLiveCheck --> [0, 3, 21, 1, 0, 1, 0, 0])
Transition([0, 3, 21, 1, 0, 1, 0, 0] -- 1.getPos.2.3 --> [0, 3, 21, 2, 0, 2, 0, 0])
Transition([0, 3, 21, 2, 0, 2, 0, 0] -- checkLiveDone --> [0, 4, 21, 0, 0, 0, 0, 0])
Transition([0, 4, 23, 0, 0, 0, 0, 0] -- down --> [0, 61, 23, 0, 0, 0, 0, 0])
Transition([0, 61, 23, 0, 0, 0, 0, 0] -- 0.getPos.3.3 --> [0, 114, 23, 0, 0, 0, 0, 0])
Transition([0, 114, 23, 0, 0, 0, 0, 0] -- 0.setPos.4.3 --> [0, 0, 7, 0, 0, 0, 0, 0])
Transition([0, 0, 7, 0, 0, 0, 0, 0] -- startSafeCheck --> [0, 1, 7, 0, 1, 0, 0, 0])
Transition([0, 1, 7, 0, 1, 0, 0, 0] -- 0.getPos.4.3 --> [0, 1, 7, 0, 9, 0, 0, 0])
Transition([0, 1, 7, 0, 9, 0, 0, 0] -- 1.getPos.2.3 --> [0, 1, 7, 0, 4, 0, 0, 0])
Transition([0, 1, 7, 0, 4, 0, 0, 0] -- checkSafeOk --> [0, 2, 7, 0, 0, 0, 0, 0])
Transition([0, 2, 7, 0, 0, 0, 0, 0] -- startLiveCheck --> [0, 3, 7, 1, 0, 1, 0, 0])
Transition([0, 3, 7, 1, 0, 1, 0, 0] -- 1.getPos.2.3 --> [0, 3, 7, 2, 0, 2, 0, 0])
Transition([0, 3, 7, 2, 0, 2, 0, 0] -- checkLiveDone --> [0, 4, 7, 0, 0, 0, 0, 0])
Transition([0, 4, 23, 0, 0, 0, 0, 0] -- left --> [0, 173, 23, 0, 0, 0, 0, 0])
Transition([0, 173, 23, 0, 0, 0, 0, 0] -- 0.getPos.3.3 --> [0, 226, 23, 0, 0, 0, 0, 0])
Transition([0, 226, 23, 0, 0, 0, 0, 0] -- 0.setPos.3.2 --> [0, 0, 12, 0, 0, 0, 0, 0])
Transition([0, 4, 24, 0, 0, 0, 0, 0] -- down --> [0, 61, 24, 0, 0, 0, 0, 0])
Transition([0, 61, 24, 0, 0, 0, 0, 0] -- 0.getPos.1.5 --> [0, 88, 24, 0, 0, 0, 0, 0])
Transition([0, 88, 24, 0, 0, 0, 0, 0] -- 0.setPos.2.5 --> [0, 0, 8, 0, 0, 0, 0, 0])
Transition([0, 0, 8, 0, 0, 0, 0, 0] -- startSafeCheck --> [0, 1, 8, 0, 1, 0, 0, 0])
Transition([0, 1, 8, 0, 1, 0, 0, 0] -- 0.getPos.2.5 --> [0, 1, 8, 0, 10, 0, 0, 0])
Transition([0, 1, 8, 0, 10, 0, 0, 0] -- 1.getPos.2.3 --> [0, 1, 8, 0, 4, 0, 0, 0])
Transition([0, 1, 8, 0, 4, 0, 0, 0] -- checkSafeOk --> [0, 2, 8, 0, 0, 0, 0, 0])
Transition([0, 2, 8, 0, 0, 0, 0, 0] -- startLiveCheck --> [0, 3, 8, 1, 0, 1, 0, 0])
Transition([0, 3, 8, 1, 0, 1, 0, 0] -- 1.getPos.2.3 --> [0, 3, 8, 2, 0, 2, 0, 0])
Transition([0, 3, 8, 2, 0, 2, 0, 0] -- checkLiveDone --> [0, 4, 8, 0, 0, 0, 0, 0])
Transition([0, 4, 23, 0, 0, 0, 0, 0] -- right --> [0, 117, 23, 0, 0, 0, 0, 0])
Transition([0, 117, 23, 0, 0, 0, 0, 0] -- 0.getPos.3.3 --> [0, 170, 23, 0, 0, 0, 0, 0])
Transition([0, 170, 23, 0, 0, 0, 0, 0] -- 0.setPos.3.4 --> [0, 0, 21, 0, 0, 0, 0, 0])
Transition([0, 4, 24, 0, 0, 0, 0, 0] -- left --> [0, 173, 24, 0, 0, 0, 0, 0])
Transition([0, 173, 24, 0, 0, 0, 0, 0] -- 0.getPos.1.5 --> [0, 202, 24, 0, 0, 0, 0, 0])
Transition([0, 202, 24, 0, 0, 0, 0, 0] -- 0.setPos.1.4 --> [0, 0, 13, 0, 0, 0, 0, 0])
Transition([0, 4, 23, 0, 0, 0, 0, 0] -- up --> [0, 5, 23, 0, 0, 0, 0, 0])
Transition([0, 5, 23, 0, 0, 0, 0, 0] -- 0.getPos.3.3 --> [0, 58, 23, 0, 0, 0, 0, 0])
Transition([0, 58, 23, 0, 0, 0, 0, 0] -- 0.setPos.2.3 --> [0, 0, 2, 0, 0, 0, 0, 0])
Transition([0, 58, 23, 0, 0, 0, 0, 0] -- 1.getPos.2.3 --> [0, 59, 23, 0, 0, 0, 0, 0])
Transition([0, 59, 23, 0, 0, 0, 0, 0] -- 1.setPos.1.3 --> [14, 60, 23, 0, 0, 0, 0, 0])
Transition([14, 60, 23, 0, 0, 0, 0, 0] -- 0.setPos.2.3 --> [14, 0, 2, 0, 0, 0, 0, 0])
Transition([14, 0, 2, 0, 0, 0, 0, 0] -- startSafeCheck --> [14, 1, 2, 0, 1, 0, 0, 0])
Transition([14, 1, 2, 0, 1, 0, 0, 0] -- 0.getPos.2.3 --> [14, 1, 2, 0, 7, 0, 0, 0])
Transition([14, 1, 2, 0, 7, 0, 0, 0] -- 1.getPos.1.3 --> [14, 1, 2, 0, 4, 0, 0, 0])
Transition([14, 1, 2, 0, 4, 0, 0, 0] -- checkSafeOk --> [14, 2, 2, 0, 0, 0, 0, 0])
Transition([14, 2, 2, 0, 0, 0, 0, 0] -- startLiveCheck --> [14, 3, 2, 1, 0, 1, 0, 0])
Transition([14, 3, 2, 1, 0, 1, 0, 0] -- 1.getPos.1.3 --> [14, 3, 2, 2, 0, 2, 0, 0])
Transition([14, 3, 2, 2, 0, 2, 0, 0] -- checkLiveDone --> [14, 4, 2, 0, 0, 0, 0, 0])
Transition([0, 4, 24, 0, 0, 0, 0, 0] -- right --> [0, 117, 24, 0, 0, 0, 0, 0])
Transition([0, 117, 24, 0, 0, 0, 0, 0] -- 0.getPos.1.5 --> [0, 144, 24, 0, 0, 0, 0, 0])
Transition([0, 4, 22, 0, 0, 0, 0, 0] -- down --> [0, 61, 22, 0, 0, 0, 0, 0])
Transition([0, 61, 22, 0, 0, 0, 0, 0] -- 0.getPos.5.1 --> [0, 87, 22, 0, 0, 0, 0, 0])
Transition([0, 4, 24, 0, 0, 0, 0, 0] -- up --> [0, 5, 24, 0, 0, 0, 0, 0])
Transition([0, 5, 24, 0, 0, 0, 0, 0] -- 0.getPos.1.5 --> [0, 28, 24, 0, 0, 0, 0, 0])
Transition([0, 4, 22, 0, 0, 0, 0, 0] -- left --> [0, 173, 22, 0, 0, 0, 0, 0])
Transition([0, 173, 22, 0, 0, 0, 0, 0] -- 0.getPos.5.1 --> [0, 201, 22, 0, 0, 0, 0, 0])
Transition([0, 4, 9, 0, 0, 0, 0, 0] -- left --> [0, 173, 9, 0, 0, 0, 0, 0])
Transition([0, 173, 9, 0, 0, 0, 0, 0] -- 0.getPos.4.2 --> [0, 217, 9, 0, 0, 0, 0, 0])
Transition([0, 217, 9, 0, 0, 0, 0, 0] -- 0.setPos.4.1 --> [0, 0, 1, 0, 0, 0, 0, 0])
Transition([0, 4, 22, 0, 0, 0, 0, 0] -- right --> [0, 117, 22, 0, 0, 0, 0, 0])
Transition([0, 117, 22, 0, 0, 0, 0, 0] -- 0.getPos.5.1 --> [0, 141, 22, 0, 0, 0, 0, 0])
Transition([0, 141, 22, 0, 0, 0, 0, 0] -- 0.setPos.5.2 --> [0, 0, 20, 0, 0, 0, 0, 0])
Transition([0, 4, 9, 0, 0, 0, 0, 0] -- right --> [0, 117, 9, 0, 0, 0, 0, 0])
Transition([0, 117, 9, 0, 0, 0, 0, 0] -- 0.getPos.4.2 --> [0, 159, 9, 0, 0, 0, 0, 0])
Transition([0, 159, 9, 0, 0, 0, 0, 0] -- 0.setPos.4.3 --> [0, 0, 7, 0, 0, 0, 0, 0])
Transition([0, 4, 22, 0, 0, 0, 0, 0] -- up --> [0, 5, 22, 0, 0, 0, 0, 0])
Transition([0, 5, 22, 0, 0, 0, 0, 0] -- 0.getPos.5.1 --> [0, 25, 22, 0, 0, 0, 0, 0])
Transition([0, 25, 22, 0, 0, 0, 0, 0] -- 0.setPos.4.1 --> [0, 0, 1, 0, 0, 0, 0, 0])
Transition([0, 4, 9, 0, 0, 0, 0, 0] -- up --> [0, 5, 9, 0, 0, 0, 0, 0])
Transition([0, 5, 9, 0, 0, 0, 0, 0] -- 0.getPos.4.2 --> [0, 43, 9, 0, 0, 0, 0, 0])
Transition([0, 43, 9, 0, 0, 0, 0, 0] -- 0.setPos.3.2 --> [0, 0, 12, 0, 0, 0, 0, 0])
Transition([0, 4, 10, 0, 0, 0, 0, 0] -- left --> [0, 173, 10, 0, 0, 0, 0, 0])
Transition([0, 173, 10, 0, 0, 0, 0, 0] -- 0.getPos.2.4 --> [0, 181, 10, 0, 0, 0, 0, 0])
Transition([0, 181, 10, 0, 0, 0, 0, 0] -- 0.setPos.2.3 --> [0, 0, 2, 0, 0, 0, 0, 0])
Transition([0, 181, 10, 0, 0, 0, 0, 0] -- 1.getPos.2.3 --> [0, 182, 10, 0, 0, 0, 0, 0])
Transition([0, 182, 10, 0, 0, 0, 0, 0] -- 1.setPos.2.2 --> [2, 183, 10, 0, 0, 0, 0, 0])
Transition([2, 183, 10, 0, 0, 0, 0, 0] -- 0.setPos.2.3 --> [2, 0, 2, 0, 0, 0, 0, 0])
Transition([2, 0, 2, 0, 0, 0, 0, 0] -- startSafeCheck --> [2, 1, 2, 0, 1, 0, 0, 0])
Transition([2, 1, 2, 0, 1, 0, 0, 0] -- 0.getPos.2.3 --> [2, 1, 2, 0, 7, 0, 0, 0])
Transition([2, 1, 2, 0, 7, 0, 0, 0] -- 1.getPos.2.2 --> [2, 1, 2, 0, 4, 0, 0, 0])
Transition([2, 1, 2, 0, 4, 0, 0, 0] -- checkSafeOk --> [2, 2, 2, 0, 0, 0, 0, 0])
Transition([2, 2, 2, 0, 0, 0, 0, 0] -- startLiveCheck --> [2, 3, 2, 1, 0, 1, 0, 0])
Transition([2, 3, 2, 1, 0, 1, 0, 0] -- 1.getPos.2.2 --> [2, 3, 2, 3, 0, 3, 0, 0])
Transition([2, 3, 2, 3, 0, 3, 0, 0] -- win --> [2, 3, 2, 3, 0, 3, 0, 1])
Transition([2, 3, 2, 3, 0, 3, 0, 1] -- win --> [2, 3, 2, 3, 0, 3, 0, 1])
