Transition([0, 0, 0, 0, 0, 0, 0, 0] -- startSafeCheck --> [0, 1, 0, 0, 1, 0, 0, 0])
Transition([0, 1, 0, 0, 1, 0, 0, 0] -- 0.getPos.1.1 --> [0, 1, 0, 0, 28, 0, 0, 0])
Transition([0, 1, 0, 0, 28, 0, 0, 0] -- 1.getPos.2.2 --> [0, 1, 0, 0, 4, 0, 0, 0])
Transition([0, 1, 0, 0, 4, 0, 0, 0] -- checkSafeOk --> [0, 2, 0, 0, 0, 0, 0, 0])
Transition([0, 2, 0, 0, 0, 0, 0, 0] -- startLiveCheck --> [0, 3, 0, 1, 0, 1, 0, 0])
Transition([0, 3, 0, 1, 0, 1, 0, 0] -- 1.getPos.2.2 --> [0, 3, 0, 2, 0, 2, 0, 0])
Transition([0, 3, 0, 2, 0, 2, 0, 0] -- checkLiveDone --> [0, 4, 0, 0, 0, 0, 0, 0])
Transition([0, 4, 0, 0, 0, 0, 0, 0] -- down --> [0, 61, 0, 0, 0, 0, 0, 0])
Transition([0, 61, 0, 0, 0, 0, 0, 0] -- 0.getPos.1.1 --> [0, 94, 0, 0, 0, 0, 0, 0])
Transition([0, 94, 0, 0, 0, 0, 0, 0] -- 0.setPos.2.1 --> [0, 0, 4, 0, 0, 0, 0, 0])
Transition([0, 0, 4, 0, 0, 0, 0, 0] -- startSafeCheck --> [0, 1, 4, 0, 1, 0, 0, 0])
Transition([0, 1, 4, 0, 1, 0, 0, 0] -- 0.getPos.2.1 --> [0, 1, 4, 0, 13, 0, 0, 0])
Transition([0, 1, 4, 0, 13, 0, 0, 0] -- 1.getPos.2.2 --> [0, 1, 4, 0, 4, 0, 0, 0])
Transition([0, 1, 4, 0, 4, 0, 0, 0] -- checkSafeOk --> [0, 2, 4, 0, 0, 0, 0, 0])
Transition([0, 2, 4, 0, 0, 0, 0, 0] -- startLiveCheck --> [0, 3, 4, 1, 0, 1, 0, 0])
Transition([0, 3, 4, 1, 0, 1, 0, 0] -- 1.getPos.2.2 --> [0, 3, 4, 2, 0, 2, 0, 0])
Transition([0, 3, 4, 2, 0, 2, 0, 0] -- checkLiveDone --> [0, 4, 4, 0, 0, 0, 0, 0])
Transition([0, 4, 0, 0, 0, 0, 0, 0] -- left --> [0, 173, 0, 0, 0, 0, 0, 0])
Transition([0, 173, 0, 0, 0, 0, 0, 0] -- 0.getPos.1.1 --> [0, 206, 0, 0, 0, 0, 0, 0])
Transition([0, 4, 0, 0, 0, 0, 0, 0] -- right --> [0, 117, 0, 0, 0, 0, 0, 0])
Transition([0, 117, 0, 0, 0, 0, 0, 0] -- 0.getPos.1.1 --> [0, 148, 0, 0, 0, 0, 0, 0])
Transition([0, 148, 0, 0, 0, 0, 0, 0] -- 0.setPos.1.2 --> [0, 0, 16, 0, 0, 0, 0, 0])
Transition([0, 0, 16, 0, 0, 0, 0, 0] -- startSafeCheck --> [0, 1, 16, 0, 1, 0, 0, 0])
Transition([0, 1, 16, 0, 1, 0, 0, 0] -- 0.getPos.1.2 --> [0, 1, 16, 0, 27, 0, 0, 0])
Transition([0, 1, 16, 0, 27, 0, 0, 0] -- 1.getPos.2.2 --> [0, 1, 16, 0, 4, 0, 0, 0])
Transition([0, 1, 16, 0, 4, 0, 0, 0] -- checkSafeOk --> [0, 2, 16, 0, 0, 0, 0, 0])
Transition([0, 2, 16, 0, 0, 0, 0, 0] -- startLiveCheck --> [0, 3, 16, 1, 0, 1, 0, 0])
Transition([0, 3, 16, 1, 0, 1, 0, 0] -- 1.getPos.2.2 --> [0, 3, 16, 2, 0, 2, 0, 0])
Transition([0, 3, 16, 2, 0, 2, 0, 0] -- checkLiveDone --> [0, 4, 16, 0, 0, 0, 0, 0])
Transition([0, 4, 0, 0, 0, 0, 0, 0] -- up --> [0, 5, 0, 0, 0, 0, 0, 0])
Transition([0, 5, 0, 0, 0, 0, 0, 0] -- 0.getPos.1.1 --> [0, 30, 0, 0, 0, 0, 0, 0])
Transition([0, 4, 16, 0, 0, 0, 0, 0] -- down --> [0, 61, 16, 0, 0, 0, 0, 0])
Transition([0, 61, 16, 0, 0, 0, 0, 0] -- 0.getPos.1.2 --> [0, 91, 16, 0, 0, 0, 0, 0])
Transition([0, 91, 16, 0, 0, 0, 0, 0] -- 0.setPos.2.2 --> [0, 0, 3, 0, 0, 0, 0, 0])
Transition([0, 0, 3, 0, 0, 0, 0, 0] -- startSafeCheck --> [0, 1, 3, 0, 1, 0, 0, 0])
Transition([0, 1, 3, 0, 1, 0, 0, 0] -- 0.getPos.2.2 --> [0, 1, 3, 0, 8, 0, 0, 0])
Transition([0, 1, 3, 0, 8, 0, 0, 0] -- 1.getPos.2.2 --> [0, 1, 3, 0, 3, 0, 0, 0])
Transition([0, 91, 16, 0, 0, 0, 0, 0] -- 1.getPos.2.2 --> [0, 92, 16, 0, 0, 0, 0, 0])
Transition([0, 92, 16, 0, 0, 0, 0, 0] -- 1.setPos.3.2 --> [11, 93, 16, 0, 0, 0, 0, 0])
Transition([11, 93, 16, 0, 0, 0, 0, 0] -- 0.setPos.2.2 --> [11, 0, 3, 0, 0, 0, 0, 0])
Transition([11, 0, 3, 0, 0, 0, 0, 0] -- startSafeCheck --> [11, 1, 3, 0, 1, 0, 0, 0])
Transition([11, 1, 3, 0, 1, 0, 0, 0] -- 0.getPos.2.2 --> [11, 1, 3, 0, 8, 0, 0, 0])
Transition([11, 1, 3, 0, 8, 0, 0, 0] -- 1.getPos.3.2 --> [11, 1, 3, 0, 4, 0, 0, 0])
Transition([11, 1, 3, 0, 4, 0, 0, 0] -- checkSafeOk --> [11, 2, 3, 0, 0, 0, 0, 0])
Transition([11, 2, 3, 0, 0, 0, 0, 0] -- startLiveCheck --> [11, 3, 3, 1, 0, 1, 0, 0])
Transition([11, 3, 3, 1, 0, 1, 0, 0] -- 1.getPos.3.2 --> [11, 3, 3, 2, 0, 2, 0, 0])
Transition([11, 3, 3, 2, 0, 2, 0, 0] -- checkLiveDone --> [11, 4, 3, 0, 0, 0, 0, 0])
Transition([0, 4, 16, 0, 0, 0, 0, 0] -- left --> [0, 173, 16, 0, 0, 0, 0, 0])
Transition([0, 173, 16, 0, 0, 0, 0, 0] -- 0.getPos.1.2 --> [0, 205, 16, 0, 0, 0, 0, 0])
Transition([0, 205, 16, 0, 0, 0, 0, 0] -- 0.setPos.1.1 --> [0, 0, 0, 0, 0, 0, 0, 0])
Transition([0, 4, 16, 0, 0, 0, 0, 0] -- right --> [0, 117, 16, 0, 0, 0, 0, 0])
Transition([0, 117, 16, 0, 0, 0, 0, 0] -- 0.getPos.1.2 --> [0, 145, 16, 0, 0, 0, 0, 0])
Transition([0, 145, 16, 0, 0, 0, 0, 0] -- 0.setPos.1.3 --> [0, 0, 15, 0, 0, 0, 0, 0])
Transition([0, 0, 15, 0, 0, 0, 0, 0] -- startSafeCheck --> [0, 1, 15, 0, 1, 0, 0, 0])
Transition([0, 1, 15, 0, 1, 0, 0, 0] -- 0.getPos.1.3 --> [0, 1, 15, 0, 21, 0, 0, 0])
Transition([0, 1, 15, 0, 21, 0, 0, 0] -- 1.getPos.2.2 --> [0, 1, 15, 0, 4, 0, 0, 0])
Transition([0, 1, 15, 0, 4, 0, 0, 0] -- checkSafeOk --> [0, 2, 15, 0, 0, 0, 0, 0])
Transition([0, 2, 15, 0, 0, 0, 0, 0] -- startLiveCheck --> [0, 3, 15, 1, 0, 1, 0, 0])
Transition([0, 3, 15, 1, 0, 1, 0, 0] -- 1.getPos.2.2 --> [0, 3, 15, 2, 0, 2, 0, 0])
Transition([0, 3, 15, 2, 0, 2, 0, 0] -- checkLiveDone --> [0, 4, 15, 0, 0, 0, 0, 0])
Transition([0, 4, 16, 0, 0, 0, 0, 0] -- up --> [0, 5, 16, 0, 0, 0, 0, 0])
Transition([0, 5, 16, 0, 0, 0, 0, 0] -- 0.getPos.1.2 --> [0, 29, 16, 0, 0, 0, 0, 0])
Transition([0, 4, 4, 0, 0, 0, 0, 0] -- down --> [0, 61, 4, 0, 0, 0, 0, 0])
Transition([0, 61, 4, 0, 0, 0, 0, 0] -- 0.getPos.2.1 --> [0, 74, 4, 0, 0, 0, 0, 0])
Transition([0, 74, 4, 0, 0, 0, 0, 0] -- 0.setPos.3.1 --> [0, 0, 14, 0, 0, 0, 0, 0])
Transition([0, 0, 14, 0, 0, 0, 0, 0] -- startSafeCheck --> [0, 1, 14, 0, 1, 0, 0, 0])
Transition([0, 1, 14, 0, 1, 0, 0, 0] -- 0.getPos.3.1 --> [0, 1, 14, 0, 20, 0, 0, 0])
Transition([0, 1, 14, 0, 20, 0, 0, 0] -- 1.getPos.2.2 --> [0, 1, 14, 0, 4, 0, 0, 0])
Transition([0, 1, 14, 0, 4, 0, 0, 0] -- checkSafeOk --> [0, 2, 14, 0, 0, 0, 0, 0])
Transition([0, 2, 14, 0, 0, 0, 0, 0] -- startLiveCheck --> [0, 3, 14, 1, 0, 1, 0, 0])
Transition([0, 3, 14, 1, 0, 1, 0, 0] -- 1.getPos.2.2 --> [0, 3, 14, 2, 0, 2, 0, 0])
Transition([0, 3, 14, 2, 0, 2, 0, 0] -- checkLiveDone --> [0, 4, 14, 0, 0, 0, 0, 0])
Transition([0, 4, 4, 0, 0, 0, 0, 0] -- left --> [0, 173, 4, 0, 0, 0, 0, 0])
Transition([0, 173, 4, 0, 0, 0, 0, 0] -- 0.getPos.2.1 --> [0, 184, 4, 0, 0, 0, 0, 0])
Transition([0, 4, 4, 0, 0, 0, 0, 0] -- right --> [0, 117, 4, 0, 0, 0, 0, 0])
Transition([0, 117, 4, 0, 0, 0, 0, 0] -- 0.getPos.2.1 --> [0, 126, 4, 0, 0, 0, 0, 0])
Transition([0, 126, 4, 0, 0, 0, 0, 0] -- 0.setPos.2.2 --> [0, 0, 3, 0, 0, 0, 0, 0])
Transition([0, 126, 4, 0, 0, 0, 0, 0] -- 1.getPos.2.2 --> [0, 127, 4, 0, 0, 0, 0, 0])
Transition([0, 127, 4, 0, 0, 0, 0, 0] -- 1.setPos.2.3 --> [2, 128, 4, 0, 0, 0, 0, 0])
Transition([2, 128, 4, 0, 0, 0, 0, 0] -- 0.setPos.2.2 --> [2, 0, 3, 0, 0, 0, 0, 0])
Transition([2, 0, 3, 0, 0, 0, 0, 0] -- startSafeCheck --> [2, 1, 3, 0, 1, 0, 0, 0])
Transition([2, 1, 3, 0, 1, 0, 0, 0] -- 0.getPos.2.2 --> [2, 1, 3, 0, 8, 0, 0, 0])
Transition([2, 1, 3, 0, 8, 0, 0, 0] -- 1.getPos.2.3 --> [2, 1, 3, 0, 4, 0, 0, 0])
Transition([2, 1, 3, 0, 4, 0, 0, 0] -- checkSafeOk --> [2, 2, 3, 0, 0, 0, 0, 0])
Transition([2, 2, 3, 0, 0, 0, 0, 0] -- startLiveCheck --> [2, 3, 3, 1, 0, 1, 0, 0])
Transition([2, 3, 3, 1, 0, 1, 0, 0] -- 1.getPos.2.3 --> [2, 3, 3, 2, 0, 2, 0, 0])
Transition([2, 3, 3, 2, 0, 2, 0, 0] -- checkLiveDone --> [2, 4, 3, 0, 0, 0, 0, 0])
Transition([0, 4, 4, 0, 0, 0, 0, 0] -- up --> [0, 5, 4, 0, 0, 0, 0, 0])
Transition([0, 5, 4, 0, 0, 0, 0, 0] -- 0.getPos.2.1 --> [0, 10, 4, 0, 0, 0, 0, 0])
Transition([0, 10, 4, 0, 0, 0, 0, 0] -- 0.setPos.1.1 --> [0, 0, 0, 0, 0, 0, 0, 0])
Transition([0, 4, 14, 0, 0, 0, 0, 0] -- down --> [0, 61, 14, 0, 0, 0, 0, 0])
Transition([0, 61, 14, 0, 0, 0, 0, 0] -- 0.getPos.3.1 --> [0, 108, 14, 0, 0, 0, 0, 0])
Transition([0, 108, 14, 0, 0, 0, 0, 0] -- 0.setPos.4.1 --> [0, 0, 1, 0, 0, 0, 0, 0])
Transition([0, 0, 1, 0, 0, 0, 0, 0] -- startSafeCheck --> [0, 1, 1, 0, 1, 0, 0, 0])
Transition([0, 1, 1, 0, 1, 0, 0, 0] -- 0.getPos.4.1 --> [0, 1, 1, 0, 6, 0, 0, 0])
Transition([0, 1, 1, 0, 6, 0, 0, 0] -- 1.getPos.2.2 --> [0, 1, 1, 0, 4, 0, 0, 0])
Transition([0, 1, 1, 0, 4, 0, 0, 0] -- checkSafeOk --> [0, 2, 1, 0, 0, 0, 0, 0])
Transition([0, 2, 1, 0, 0, 0, 0, 0] -- startLiveCheck --> [0, 3, 1, 1, 0, 1, 0, 0])
Transition([0, 3, 1, 1, 0, 1, 0, 0] -- 1.getPos.2.2 --> [0, 3, 1, 2, 0, 2, 0, 0])
Transition([0, 3, 1, 2, 0, 2, 0, 0] -- checkLiveDone --> [0, 4, 1, 0, 0, 0, 0, 0])
Transition([0, 4, 14, 0, 0, 0, 0, 0] -- left --> [0, 173, 14, 0, 0, 0, 0, 0])
Transition([0, 173, 14, 0, 0, 0, 0, 0] -- 0.getPos.3.1 --> [0, 222, 14, 0, 0, 0, 0, 0])
Transition([0, 4, 15, 0, 0, 0, 0, 0] -- down --> [0, 61, 15, 0, 0, 0, 0, 0])
Transition([0, 61, 15, 0, 0, 0, 0, 0] -- 0.getPos.1.3 --> [0, 83, 15, 0, 0, 0, 0, 0])
Transition([0, 83, 15, 0, 0, 0, 0, 0] -- 0.setPos.2.3 --> [0, 0, 2, 0, 0, 0, 0, 0])
Transition([0, 0, 2, 0, 0, 0, 0, 0] -- startSafeCheck --> [0, 1, 2, 0, 1, 0, 0, 0])
Transition([0, 1, 2, 0, 1, 0, 0, 0] -- 0.getPos.2.3 --> [0, 1, 2, 0, 7, 0, 0, 0])
Transition([0, 1, 2, 0, 7, 0, 0, 0] -- 1.getPos.2.2 --> [0, 1, 2, 0, 4, 0, 0, 0])
Transition([0, 1, 2, 0, 4, 0, 0, 0] -- checkSafeOk --> [0, 2, 2, 0, 0, 0, 0, 0])
Transition([0, 2, 2, 0, 0, 0, 0, 0] -- startLiveCheck --> [0, 3, 2, 1, 0, 1, 0, 0])
Transition([0, 3, 2, 1, 0, 1, 0, 0] -- 1.getPos.2.2 --> [0, 3, 2, 2, 0, 2, 0, 0])
Transition([0, 3, 2, 2, 0, 2, 0, 0] -- checkLiveDone --> [0, 4, 2, 0, 0, 0, 0, 0])
Transition([0, 4, 14, 0, 0, 0, 0, 0] -- right --> [0, 117, 14, 0, 0, 0, 0, 0])
Transition([0, 117, 14, 0, 0, 0, 0, 0] -- 0.getPos.3.1 --> [0, 166, 14, 0, 0, 0, 0, 0])
Transition([0, 166, 14, 0, 0, 0, 0, 0] -- 0.setPos.3.2 --> [0, 0, 12, 0, 0, 0, 0, 0])
Transition([0, 0, 12, 0, 0, 0, 0, 0] -- startSafeCheck --> [0, 1, 12, 0, 1, 0, 0, 0])
Transition([0, 1, 12, 0, 1, 0, 0, 0] -- 0.getPos.3.2 --> [0, 1, 12, 0, 18, 0, 0, 0])
Transition([0, 1, 12, 0, 18, 0, 0, 0] -- 1.getPos.2.2 --> [0, 1, 12, 0, 4, 0, 0, 0])
Transition([0, 1, 12, 0, 4, 0, 0, 0] -- checkSafeOk --> [0, 2, 12, 0, 0, 0, 0, 0])
Transition([0, 2, 12, 0, 0, 0, 0, 0] -- startLiveCheck --> [0, 3, 12, 1, 0, 1, 0, 0])
Transition([0, 3, 12, 1, 0, 1, 0, 0] -- 1.getPos.2.2 --> [0, 3, 12, 2, 0, 2, 0, 0])
Transition([0, 3, 12, 2, 0, 2, 0, 0] -- checkLiveDone --> [0, 4, 12, 0, 0, 0, 0, 0])
Transition([0, 4, 14, 0, 0, 0, 0, 0] -- up --> [0, 5, 14, 0, 0, 0, 0, 0])
Transition([0, 5, 14, 0, 0, 0, 0, 0] -- 0.getPos.3.1 --> [0, 52, 14, 0, 0, 0, 0, 0])
Transition([0, 52, 14, 0, 0, 0, 0, 0] -- 0.setPos.2.1 --> [0, 0, 4, 0, 0, 0, 0, 0])
Transition([0, 4, 15, 0, 0, 0, 0, 0] -- left --> [0, 173, 15, 0, 0, 0, 0, 0])
Transition([0, 173, 15, 0, 0, 0, 0, 0] -- 0.getPos.1.3 --> [0, 197, 15, 0, 0, 0, 0, 0])
Transition([0, 197, 15, 0, 0, 0, 0, 0] -- 0.setPos.1.2 --> [0, 0, 16, 0, 0, 0, 0, 0])
Transition([0, 4, 15, 0, 0, 0, 0, 0] -- right --> [0, 117, 15, 0, 0, 0, 0, 0])
Transition([0, 117, 15, 0, 0, 0, 0, 0] -- 0.getPos.1.3 --> [0, 135, 15, 0, 0, 0, 0, 0])
Transition([0, 135, 15, 0, 0, 0, 0, 0] -- 0.setPos.1.4 --> [0, 0, 13, 0, 0, 0, 0, 0])
Transition([0, 0, 13, 0, 0, 0, 0, 0] -- startSafeCheck --> [0, 1, 13, 0, 1, 0, 0, 0])
Transition([0, 1, 13, 0, 1, 0, 0, 0] -- 0.getPos.1.4 --> [0, 1, 13, 0, 19, 0, 0, 0])
Transition([0, 1, 13, 0, 19, 0, 0, 0] -- 1.getPos.2.2 --> [0, 1, 13, 0, 4, 0, 0, 0])
Transition([0, 1, 13, 0, 4, 0, 0, 0] -- checkSafeOk --> [0, 2, 13, 0, 0, 0, 0, 0])
Transition([0, 2, 13, 0, 0, 0, 0, 0] -- startLiveCheck --> [0, 3, 13, 1, 0, 1, 0, 0])
Transition([0, 3, 13, 1, 0, 1, 0, 0] -- 1.getPos.2.2 --> [0, 3, 13, 2, 0, 2, 0, 0])
Transition([0, 3, 13, 2, 0, 2, 0, 0] -- checkLiveDone --> [0, 4, 13, 0, 0, 0, 0, 0])
Transition([0, 4, 15, 0, 0, 0, 0, 0] -- up --> [0, 5, 15, 0, 0, 0, 0, 0])
Transition([0, 5, 15, 0, 0, 0, 0, 0] -- 0.getPos.1.3 --> [0, 21, 15, 0, 0, 0, 0, 0])
Transition([2, 4, 3, 0, 0, 0, 0, 0] -- down --> [2, 61, 3, 0, 0, 0, 0, 0])
Transition([2, 61, 3, 0, 0, 0, 0, 0] -- 0.getPos.2.2 --> [2, 65, 3, 0, 0, 0, 0, 0])
Transition([2, 65, 3, 0, 0, 0, 0, 0] -- 0.setPos.3.2 --> [2, 0, 12, 0, 0, 0, 0, 0])
Transition([2, 0, 12, 0, 0, 0, 0, 0] -- startSafeCheck --> [2, 1, 12, 0, 1, 0, 0, 0])
Transition([2, 1, 12, 0, 1, 0, 0, 0] -- 0.getPos.3.2 --> [2, 1, 12, 0, 18, 0, 0, 0])
Transition([2, 1, 12, 0, 18, 0, 0, 0] -- 1.getPos.2.3 --> [2, 1, 12, 0, 4, 0, 0, 0])
Transition([2, 1, 12, 0, 4, 0, 0, 0] -- checkSafeOk --> [2, 2, 12, 0, 0, 0, 0, 0])
Transition([2, 2, 12, 0, 0, 0, 0, 0] -- startLiveCheck --> [2, 3, 12, 1, 0, 1, 0, 0])
Transition([2, 3, 12, 1, 0, 1, 0, 0] -- 1.getPos.2.3 --> [2, 3, 12, 2, 0, 2, 0, 0])
Transition([2, 3, 12, 2, 0, 2, 0, 0] -- checkLiveDone --> [2, 4, 12, 0, 0, 0, 0, 0])
Transition([2, 4, 3, 0, 0, 0, 0, 0] -- left --> [2, 173, 3, 0, 0, 0, 0, 0])
Transition([2, 173, 3, 0, 0, 0, 0, 0] -- 0.getPos.2.2 --> [2, 177, 3, 0, 0, 0, 0, 0])
Transition([2, 177, 3, 0, 0, 0, 0, 0] -- 0.setPos.2.1 --> [2, 0, 4, 0, 0, 0, 0, 0])
Transition([2, 0, 4, 0, 0, 0, 0, 0] -- startSafeCheck --> [2, 1, 4, 0, 1, 0, 0, 0])
Transition([2, 1, 4, 0, 1, 0, 0, 0] -- 0.getPos.2.1 --> [2, 1, 4, 0, 13, 0, 0, 0])
Transition([2, 1, 4, 0, 13, 0, 0, 0] -- 1.getPos.2.3 --> [2, 1, 4, 0, 4, 0, 0, 0])
Transition([2, 1, 4, 0, 4, 0, 0, 0] -- checkSafeOk --> [2, 2, 4, 0, 0, 0, 0, 0])
Transition([2, 2, 4, 0, 0, 0, 0, 0] -- startLiveCheck --> [2, 3, 4, 1, 0, 1, 0, 0])
Transition([2, 3, 4, 1, 0, 1, 0, 0] -- 1.getPos.2.3 --> [2, 3, 4, 2, 0, 2, 0, 0])
Transition([2, 3, 4, 2, 0, 2, 0, 0] -- checkLiveDone --> [2, 4, 4, 0, 0, 0, 0, 0])
Transition([2, 4, 3, 0, 0, 0, 0, 0] -- right --> [2, 117, 3, 0, 0, 0, 0, 0])
Transition([2, 117, 3, 0, 0, 0, 0, 0] -- 0.getPos.2.2 --> [2, 121, 3, 0, 0, 0, 0, 0])
Transition([2, 121, 3, 0, 0, 0, 0, 0] -- 0.setPos.2.3 --> [2, 0, 2, 0, 0, 0, 0, 0])
Transition([2, 0, 2, 0, 0, 0, 0, 0] -- startSafeCheck --> [2, 1, 2, 0, 1, 0, 0, 0])
Transition([2, 1, 2, 0, 1, 0, 0, 0] -- 0.getPos.2.3 --> [2, 1, 2, 0, 7, 0, 0, 0])
Transition([2, 1, 2, 0, 7, 0, 0, 0] -- 1.getPos.2.3 --> [2, 1, 2, 0, 3, 0, 0, 0])
Transition([2, 121, 3, 0, 0, 0, 0, 0] -- 1.getPos.2.3 --> [2, 122, 3, 0, 0, 0, 0, 0])
Transition([2, 122, 3, 0, 0, 0, 0, 0] -- 1.setPos.2.4 --> [9, 123, 3, 0, 0, 0, 0, 0])
Transition([9, 123, 3, 0, 0, 0, 0, 0] -- 0.setPos.2.3 --> [9, 0, 2, 0, 0, 0, 0, 0])
Transition([9, 0, 2, 0, 0, 0, 0, 0] -- startSafeCheck --> [9, 1, 2, 0, 1, 0, 0, 0])
Transition([9, 1, 2, 0, 1, 0, 0, 0] -- 0.getPos.2.3 --> [9, 1, 2, 0, 7, 0, 0, 0])
Transition([9, 1, 2, 0, 7, 0, 0, 0] -- 1.getPos.2.4 --> [9, 1, 2, 0, 4, 0, 0, 0])
Transition([9, 1, 2, 0, 4, 0, 0, 0] -- checkSafeOk --> [9, 2, 2, 0, 0, 0, 0, 0])
Transition([9, 2, 2, 0, 0, 0, 0, 0] -- startLiveCheck --> [9, 3, 2, 1, 0, 1, 0, 0])
Transition([9, 3, 2, 1, 0, 1, 0, 0] -- 1.getPos.2.4 --> [9, 3, 2, 2, 0, 2, 0, 0])
Transition([9, 3, 2, 2, 0, 2, 0, 0] -- checkLiveDone --> [9, 4, 2, 0, 0, 0, 0, 0])
Transition([2, 4, 3, 0, 0, 0, 0, 0] -- up --> [2, 5, 3, 0, 0, 0, 0, 0])
Transition([2, 5, 3, 0, 0, 0, 0, 0] -- 0.getPos.2.2 --> [2, 7, 3, 0, 0, 0, 0, 0])
Transition([2, 7, 3, 0, 0, 0, 0, 0] -- 0.setPos.1.2 --> [2, 0, 16, 0, 0, 0, 0, 0])
Transition([2, 0, 16, 0, 0, 0, 0, 0] -- startSafeCheck --> [2, 1, 16, 0, 1, 0, 0, 0])
Transition([2, 1, 16, 0, 1, 0, 0, 0] -- 0.getPos.1.2 --> [2, 1, 16, 0, 27, 0, 0, 0])
Transition([2, 1, 16, 0, 27, 0, 0, 0] -- 1.getPos.2.3 --> [2, 1, 16, 0, 4, 0, 0, 0])
Transition([2, 1, 16, 0, 4, 0, 0, 0] -- checkSafeOk --> [2, 2, 16, 0, 0, 0, 0, 0])
Transition([2, 2, 16, 0, 0, 0, 0, 0] -- startLiveCheck --> [2, 3, 16, 1, 0, 1, 0, 0])
Transition([2, 3, 16, 1, 0, 1, 0, 0] -- 1.getPos.2.3 --> [2, 3, 16, 2, 0, 2, 0, 0])
Transition([2, 3, 16, 2, 0, 2, 0, 0] -- checkLiveDone --> [2, 4, 16, 0, 0, 0, 0, 0])
Transition([11, 4, 3, 0, 0, 0, 0, 0] -- down --> [11, 61, 3, 0, 0, 0, 0, 0])
Transition([11, 61, 3, 0, 0, 0, 0, 0] -- 0.getPos.2.2 --> [11, 65, 3, 0, 0, 0, 0, 0])
Transition([11, 65, 3, 0, 0, 0, 0, 0] -- 0.setPos.3.2 --> [11, 0, 12, 0, 0, 0, 0, 0])
Transition([11, 0, 12, 0, 0, 0, 0, 0] -- startSafeCheck --> [11, 1, 12, 0, 1, 0, 0, 0])
Transition([11, 1, 12, 0, 1, 0, 0, 0] -- 0.getPos.3.2 --> [11, 1, 12, 0, 18, 0, 0, 0])
Transition([11, 1, 12, 0, 18, 0, 0, 0] -- 1.getPos.3.2 --> [11, 1, 12, 0, 3, 0, 0, 0])
Transition([11, 65, 3, 0, 0, 0, 0, 0] -- 1.getPos.3.2 --> [11, 66, 3, 0, 0, 0, 0, 0])
Transition([11, 66, 3, 0, 0, 0, 0, 0] -- 1.setPos.4.2 --> [8, 67, 3, 0, 0, 0, 0, 0])
Transition([8, 67, 3, 0, 0, 0, 0, 0] -- 0.setPos.3.2 --> [8, 0, 12, 0, 0, 0, 0, 0])
Transition([8, 0, 12, 0, 0, 0, 0, 0] -- startSafeCheck --> [8, 1, 12, 0, 1, 0, 0, 0])
Transition([8, 1, 12, 0, 1, 0, 0, 0] -- 0.getPos.3.2 --> [8, 1, 12, 0, 18, 0, 0, 0])
Transition([8, 1, 12, 0, 18, 0, 0, 0] -- 1.getPos.4.2 --> [8, 1, 12, 0, 4, 0, 0, 0])
Transition([8, 1, 12, 0, 4, 0, 0, 0] -- checkSafeOk --> [8, 2, 12, 0, 0, 0, 0, 0])
Transition([8, 2, 12, 0, 0, 0, 0, 0] -- startLiveCheck --> [8, 3, 12, 1, 0, 1, 0, 0])
Transition([8, 3, 12, 1, 0, 1, 0, 0] -- 1.getPos.4.2 --> [8, 3, 12, 3, 0, 3, 0, 0])
Transition([8, 3, 12, 3, 0, 3, 0, 0] -- win --> [8, 3, 12, 3, 0, 3, 0, 1])
Transition([8, 3, 12, 3, 0, 3, 0, 1] -- win --> [8, 3, 12, 3, 0, 3, 0, 1])
